0.000000, 0.000000, 0.000000, 0.000000
0.000000, 0.029021, 0.000000, 0.051374
0.000000, 0.056003, 0.000000, 0.091163
0.000000, 0.082472, 0.000000, 0.126171
0.000000, 0.109014, 0.000000, 0.159376
0.000000, 0.136105, 0.000000, 0.192175
0.000000, 0.164611, 0.000000, 0.226324
0.000000, 0.194376, 0.000000, 0.262641
0.000000, 0.222208, 0.000000, 0.294980
0.000000, 0.251923, 0.000000, 0.329808
0.000000, 0.281839, 0.000000, 0.364967
0.000000, 0.310797, 0.000000, 0.399172
0.000000, 0.337786, 0.000000, 0.429928
0.000000, 0.365748, 0.000000, 0.461935
0.000000, 0.393541, 0.000000, 0.492655
0.000000, 0.422563, 0.000000, 0.525383
0.000000, 0.450038, 0.000000, 0.555582
0.000000, 0.477148, 0.000000, 0.584930
0.000000, 0.504111, 0.000000, 0.613550
0.000000, 0.531347, 0.000000, 0.642081
0.000000, 0.558609, 0.000000, 0.670375
0.000000, 0.584626, 0.000000, 0.696406
0.000000, 0.610989, 0.000000, 0.722394
0.000000, 0.636910, 0.000000, 0.747316
0.000000, 0.662307, 0.000000, 0.770625
0.000000, 0.688824, 0.000000, 0.794285
0.000000, 0.715827, 0.000000, 0.817401
0.000000, 0.742847, 0.000000, 0.839456
0.000000, 0.769486, 0.000000, 0.859867
0.000000, 0.795477, 0.000000, 0.878249
0.000000, 0.820995, 0.000000, 0.894559
0.000000, 0.846479, 0.000000, 0.908911
0.000000, 0.872229, 0.000000, 0.921077
0.000000, 0.898064, 0.000000, 0.928180
0.000000, 0.923541, 0.000000, 0.930470
0.000000, 0.948427, 0.000000, 1.036139
0.000000, 0.973004, 0.000000, 1.247626
0.000000, 1.000000, 0.000000, 0.000000
0.018189, 0.178444, 0.024370, 0.242935
0.018281, 0.267328, 0.023077, 0.347734
0.018734, 0.236793, 0.024083, 0.311936
0.018896, 0.409359, 0.022077, 0.510310
0.019293, 0.984915, -0.724017, 0.245865
0.019452, 0.297296, 0.024182, 0.383028
0.019654, 0.019337, 0.034608, 0.033994
0.019874, 0.149502, 0.027392, 0.208178
0.020665, 0.544990, 0.021911, 0.656071
0.020922, 0.517765, 0.022693, 0.627797
0.021053, 0.350280, 0.025374, 0.443973
0.021135, 0.436918, 0.024260, 0.540892
0.021183, 0.729813, 0.017469, 0.828587
0.021238, 0.702259, 0.018489, 0.805596
0.021523, 0.463839, 0.024276, 0.570323
0.021614, 0.490545, 0.023921, 0.599017
0.021764, 0.379852, 0.025818, 0.477275
0.021802, 0.756596, 0.016822, 0.849595
0.021824, 0.597310, 0.021990, 0.708662
0.021913, 0.674763, 0.019970, 0.781585
0.022110, 0.121583, 0.031465, 0.174366
0.022149, 0.208174, 0.029057, 0.278623
0.022371, 0.885957, 0.007722, 0.924934
0.022583, 0.624419, 0.022090, 0.735039
0.022661, 0.912242, 0.011818, 0.937230
0.022725, 0.572255, 0.023519, 0.683893
0.022739, 0.044448, 0.037573, 0.073585
0.022768, 0.859830, 0.011184, 0.914927
0.022816, 0.783577, 0.016244, 0.869314
0.022823, 0.324628, 0.027960, 0.414880
0.023006, 0.095475, 0.034058, 0.142018
0.023281, 0.069970, 0.036213, 0.109096
0.023377, 0.937588, 0.112154, 1.026601
0.023454, 0.834113, 0.013456, 0.901439
0.023533, 0.808963, 0.015202, 0.886281
0.023741, 0.648317, 0.022468, 0.757467
0.023811, 0.961293, -0.043174, 0.860552
0.027795, 0.000000, 0.049480, 0.000000
0.032728, 1.000000, -1.039585, 0.000000
0.036759, 0.253549, 0.046730, 0.331207
0.037405, 0.282760, 0.046823, 0.365692
0.038200, 0.186654, 0.050718, 0.251827
0.038341, 0.400010, 0.044966, 0.499589
0.039483, 0.361481, 0.047320, 0.456223
0.040004, 0.161515, 0.054228, 0.221546
0.041235, 0.227539, 0.053296, 0.300735
0.041866, 0.557627, 0.043863, 0.668444
0.041888, 0.135269, 0.058296, 0.189866
0.041922, 0.716834, 0.035476, 0.816816
0.041932, 0.610503, 0.041607, 0.720715
0.042067, 0.531238, 0.045114, 0.641469
0.042143, 0.425026, 0.048714, 0.527625
0.042220, 0.688823, 0.037609, 0.792915
0.042281, 0.504629, 0.046310, 0.613655
0.042649, 0.309370, 0.052603, 0.396609
0.043108, 0.026966, 0.071059, 0.044550
0.043299, 0.451109, 0.049236, 0.556282
0.043413, 0.770163, 0.032164, 0.858095
0.043564, 0.743133, 0.034720, 0.837753
0.043582, 0.477199, 0.048677, 0.584409
0.044124, 0.660426, 0.041070, 0.767631
0.044142, 0.900916, 0.020136, 0.935139
0.044823, 0.874262, 0.015591, 0.914740
0.045194, 0.928399, 0.095994, 1.021758
0.045648, 0.978298, -1.032732, -0.102906
0.045654, 0.054995, 0.071278, 0.086081
0.045720, 0.107484, 0.065677, 0.155312
0.045957, 0.848114, 0.023667, 0.905647
0.046430, 0.585445, 0.047345, 0.696050
0.046816, 0.081883, 0.069793, 0.122494
0.046856, 0.797383, 0.031715, 0.876610
0.047154, 0.335929, 0.057284, 0.426767
0.047368, 0.954749, -0.540806, 0.388645
0.047404, 0.822351, 0.028877, 0.892071
0.049148, 0.633976, 0.047400, 0.743137
0.049440, 0.204381, 0.064800, 0.272821
0.050685, 0.382642, 0.060028, 0.479685
0.051706, 0.000000, 0.084099, 0.000000
0.056084, 0.268467, 0.070610, 0.347981
0.059642, 1.000000, -0.933694, 0.000000
0.061108, 0.176389, 0.081449, 0.238282
0.061181, 0.245439, 0.077995, 0.320627
0.062059, 0.291743, 0.077185, 0.375346
0.062131, 0.409234, 0.072436, 0.509191
0.062153, 0.704678, 0.053658, 0.804772
0.062621, 0.676033, 0.056811, 0.779861
0.062828, 0.357928, 0.075336, 0.451041
0.063155, 0.566832, 0.065501, 0.676231
0.063188, 0.150920, 0.086030, 0.207549
0.063369, 0.491674, 0.069983, 0.598632
0.063456, 0.124141, 0.088492, 0.174365
0.063850, 0.607850, 0.063452, 0.716940
0.064253, 0.517996, 0.069553, 0.626247
0.064449, 0.542662, 0.068340, 0.651593
0.064835, 0.436996, 0.074306, 0.539751
0.065005, 0.916045, 0.040534, 0.945897
0.065082, 0.756590, 0.049772, 0.845497
0.065652, 0.729700, 0.053699, 0.824749
0.065684, 0.782337, 0.046227, 0.863440
0.065933, 0.463256, 0.074233, 0.568050
0.066168, 0.020295, 0.103353, 0.031764
0.066303, 0.889203, 0.049008, 0.944407
0.066808, 0.316489, 0.082001, 0.404054
0.066952, 0.221048, 0.086559, 0.291623
0.067097, 0.945212, -0.852357, 0.064579
0.067411, 0.043396, 0.103434, 0.066430
0.067822, 0.863042, 0.024317, 0.901810
0.068497, 0.650547, 0.064501, 0.756553
0.069047, 0.069167, 0.102545, 0.102752
0.069561, 0.837080, 0.033957, 0.891366
0.070399, 0.974915, -0.996092, -0.063792
0.070706, 0.095641, 0.101285, 0.137361
0.071761, 0.811158, 0.044236, 0.880089
0.072791, 0.195719, 0.095540, 0.260916
0.073150, 0.382082, 0.086468, 0.477669
0.074854, 0.585490, 0.076170, 0.694380
0.075997, 0.338155, 0.092132, 0.428330
0.077068, 0.627354, 0.074741, 0.734243
0.078350, 0.000000, 0.120457, 0.000000
0.079247, 0.268443, 0.099616, 0.347063
0.080655, 0.692213, 0.070926, 0.791575
0.083434, 0.480335, 0.092775, 0.585237
0.084089, 0.240144, 0.107266, 0.313291
0.084248, 0.402840, 0.098374, 0.500412
0.084316, 0.116180, 0.117403, 0.162374
0.085003, 0.929408, -0.931334, -0.030466
0.085197, 0.167845, 0.113672, 0.226321
0.085231, 0.141670, 0.116206, 0.194520
0.085237, 0.295351, 0.105578, 0.378215
0.085256, 1.000000, -0.918364, 0.000000
0.085453, 0.507308, 0.093131, 0.613727
0.085658, 0.426167, 0.098694, 0.526636
0.086042, 0.791631, 0.057906, 0.864847
0.086299, 0.558616, 0.090010, 0.666326
0.086780, 0.743334, 0.068341, 0.831851
0.087220, 0.668316, 0.079752, 0.770071
0.087519, 0.533456, 0.093375, 0.640822
0.087707, 0.903879, -0.152598, 0.726491
0.087801, 0.958216, -0.913968, 0.006556
0.088073, 0.715702, 0.073855, 0.810209
0.088291, 0.361273, 0.105579, 0.453890
0.089060, 0.451182, 0.100946, 0.553536
0.089299, 0.766739, 0.065599, 0.847899
0.089659, 0.878833, 0.130299, 1.000781
0.090262, 0.026085, 0.134713, 0.038848
0.090291, 0.603964, 0.089880, 0.710892
0.091002, 0.052791, 0.133492, 0.077242
0.091324, 0.215954, 0.118132, 0.284238
0.091484, 0.853920, 0.066109, 0.919738
0.092624, 0.079184, 0.132591, 0.113248
0.093492, 0.318899, 0.114290, 0.404944
0.093687, 0.829323, 0.050402, 0.882587
0.094440, 0.190778, 0.123918, 0.253570
0.095224, 0.645736, 0.089867, 0.749029
0.098998, 0.979956, -0.940846, -0.014705
0.099553, 0.577985, 0.101755, 0.684540
0.099717, 0.383591, 0.117654, 0.478176
0.100205, 0.254105, 0.126629, 0.328791
0.100937, 0.101106, 0.140912, 0.141139
0.101784, 0.807777, 0.062443, 0.869644
0.102186, 0.000000, 0.149806, 0.000000
0.102939, 0.690997, 0.090093, 0.787301
0.103137, 0.470945, 0.115230, 0.573890
0.103346, 0.341842, 0.124720, 0.430634
0.103482, 0.278518, 0.129148, 0.357539
0.104642, 0.942015, -0.911769, -0.008867
0.104760, 0.623694, 0.101601, 0.727694
0.105945, 0.496374, 0.116218, 0.600973
0.106334, 0.733476, 0.084830, 0.820074
0.107110, 0.127287, 0.146297, 0.174304
0.107576, 0.408672, 0.125009, 0.505584
0.107918, 0.152880, 0.144783, 0.206349
0.108476, 0.522705, 0.116533, 0.628369
0.109381, 0.918435, -1.005731, -0.121828
0.109556, 0.781986, 0.074991, 0.852522
0.109949, 0.432631, 0.125915, 0.531916
0.110044, 0.550254, 0.115374, 0.656133
0.111218, 0.231120, 0.142044, 0.300531
0.111936, 0.301134, 0.137973, 0.383418
0.111937, 0.894895, -0.646258, 0.207918
0.112044, 0.667361, 0.101890, 0.765758
0.112213, 0.176882, 0.147939, 0.235261
0.113718, 0.870985, -0.018218, 0.819486
0.113750, 1.000000, -0.922557, 0.000000
0.114168, 0.041166, 0.163819, 0.058633
0.114243, 0.756364, 0.085117, 0.834866
0.114591, 0.066130, 0.162233, 0.093135
0.114752, 0.019568, 0.165257, 0.028098
0.114869, 0.205076, 0.149000, 0.269518
0.115000, 0.599703, 0.114523, 0.703678
0.115051, 0.364628, 0.137025, 0.455712
0.115169, 0.711023, 0.096438, 0.801027
0.115887, 0.847067, 0.124074, 0.950603
0.116363, 0.961905, -0.921000, -0.012928
0.118244, 0.454013, 0.133454, 0.554231
0.120696, 0.323939, 0.146902, 0.409128
0.121138, 0.824318, 0.076477, 0.880905
0.121320, 0.644923, 0.113857, 0.744539
0.121363, 0.088597, 0.168656, 0.122676
0.121810, 0.258654, 0.153259, 0.332751
0.122916, 0.575286, 0.125510, 0.679035
0.124460, 0.389249, 0.146093, 0.482675
0.126015, 0.479781, 0.139581, 0.581093
0.126935, 0.112600, 0.173309, 0.153432
0.127419, 0.800214, 0.079394, 0.856776
0.127969, 0.688095, 0.111568, 0.779985
0.128623, 0.937858, -0.903401, -0.017083
0.128893, 0.505329, 0.140006, 0.607663
0.129048, 0.980522, -0.921145, -0.009168
0.129259, 0.000000, 0.183941, 0.000000
0.129632, 0.281273, 0.161103, 0.358806
0.130009, 0.732648, 0.102500, 0.813568
0.130339, 0.622313, 0.125844, 0.722492
0.130460, 0.138032, 0.175221, 0.185563
0.130920, 0.346487, 0.157319, 0.434114
0.131275, 0.530757, 0.139597, 0.633600
0.131453, 0.414123, 0.151965, 0.509717
0.132835, 0.162678, 0.175698, 0.216092
0.133330, 0.775470, 0.091380, 0.840349
0.133821, 0.913635, -0.933175, -0.066767
0.134123, 0.238932, 0.170165, 0.308209
0.134215, 0.189175, 0.174734, 0.248273
0.135111, 0.553930, 0.140615, 0.656248
0.135848, 0.889483, -0.979854, -0.139704
0.136232, 0.216628, 0.174761, 0.281348
0.136239, 0.051190, 0.190105, 0.070852
0.136873, 0.436869, 0.155923, 0.533997
0.137908, 0.865374, -0.486402, 0.323370
0.138029, 0.304760, 0.169376, 0.385542
0.138058, 0.665693, 0.124746, 0.759200
0.139276, 0.599672, 0.137984, 0.699935
0.139360, 0.023814, 0.195682, 0.033107
0.140847, 0.370509, 0.166897, 0.460451
0.141233, 0.709119, 0.117089, 0.793115
0.141711, 0.841753, 0.057802, 0.848509
0.141833, 0.752422, 0.104615, 0.823118
0.142091, 0.074626, 0.195744, 0.102055
0.142478, 1.000000, -0.913825, 0.000000
0.143226, 0.461362, 0.160411, 0.559644
0.143248, 0.957777, -0.910904, -0.020851
0.146795, 0.817700, 0.120460, 0.894487
0.147203, 0.259793, 0.184555, 0.332078
0.147362, 0.578257, 0.149292, 0.678096
0.147385, 0.643264, 0.137520, 0.737858
0.147559, 0.327733, 0.178778, 0.411216
0.147866, 0.098596, 0.201008, 0.133228
0.149061, 0.487043, 0.163745, 0.586036
0.149406, 0.395309, 0.174408, 0.487346
0.152054, 0.123487, 0.203937, 0.164958
0.152146, 0.512346, 0.163770, 0.611732
0.153058, 0.794155, 0.096359, 0.843534
0.153157, 0.933408, -0.897060, -0.030696
0.153806, 0.686809, 0.132698, 0.772407
0.154374, 0.000000, 0.214128, 0.000000
0.154565, 0.284341, 0.191311, 0.360349
0.154592, 0.148773, 0.204588, 0.196713
0.154916, 0.203442, 0.199199, 0.263628
0.155045, 0.175062, 0.202418, 0.229253
0.155486, 0.728855, 0.121175, 0.802283
0.156231, 0.620802, 0.150059, 0.716049
0.156663, 0.977459, -0.906528, -0.012164
0.156822, 0.535408, 0.165342, 0.634223
0.156903, 0.040269, 0.216179, 0.054807
0.157089, 0.351505, 0.187774, 0.437437
0.157297, 0.419433, 0.180820, 0.513076
0.157862, 0.907760, -0.888464, -0.044921
0.158213, 0.234305, 0.200369, 0.300572
0.158701, 0.771257, 0.105900, 0.825698
0.159409, 0.557252, 0.164558, 0.655481
0.159795, 0.883527, -0.920735, -0.099089
0.161802, 0.443399, 0.183030, 0.538407
0.162704, 0.859238, -0.941953, -0.151163
0.163799, 0.062289, 0.223534, 0.083981
0.164030, 0.307781, 0.200436, 0.386718
0.164039, 0.664131, 0.146955, 0.751412
0.165368, 0.598345, 0.163012, 0.693646
0.166162, 0.376264, 0.195749, 0.464385
0.166794, 0.834148, -0.395780, 0.360274
0.167355, 0.469039, 0.185847, 0.564969
0.168037, 0.020230, 0.230339, 0.027411
0.168453, 0.707116, 0.137682, 0.782852
0.168707, 0.747832, 0.121251, 0.807678
0.169114, 0.084688, 0.228392, 0.113144
0.169357, 1.000000, -0.900264, 0.000000
0.169743, 0.262462, 0.211802, 0.333049
0.169941, 0.953452, -0.896662, -0.027108
0.171976, 0.496101, 0.186993, 0.592599
0.173134, 0.810865, 0.125651, 0.859369
0.173351, 0.331656, 0.209024, 0.413205
0.173410, 0.575564, 0.175101, 0.670696
0.173457, 0.108841, 0.231888, 0.144210
0.173461, 0.641540, 0.160625, 0.730081
0.173762, 0.215554, 0.221255, 0.276414
0.174938, 0.401037, 0.202947, 0.490869
0.175051, 0.187624, 0.225934, 0.242648
0.176626, 0.134592, 0.233409, 0.176742
0.176642, 0.926067, -0.886070, -0.042854
0.177243, 0.160210, 0.231576, 0.208743
0.177436, 0.521517, 0.188685, 0.617507
0.179718, 0.286545, 0.221353, 0.360290
0.179840, 0.788246, 0.132126, 0.846152
0.180105, 0.684417, 0.153851, 0.762345
0.181667, 0.000000, 0.247286, 0.000000
0.181678, 0.243509, 0.228170, 0.309224
0.182138, 0.618750, 0.173811, 0.708192
0.182157, 0.043438, 0.246933, 0.057982
0.182172, 0.979942, -0.891945, -0.012541
0.182258, 0.356618, 0.216655, 0.440554
0.182281, 0.548326, 0.188861, 0.642639
0.182675, 0.900313, -0.874147, -0.057057
0.182893, 0.727404, 0.140415, 0.791060
0.183020, 0.425690, 0.208903, 0.516748
0.183489, 0.766221, 0.122250, 0.811758
0.183900, 0.876784, -0.867630, -0.072491
0.185307, 0.449808, 0.208000, 0.542013
0.186121, 0.849728, -0.865487, -0.097903
0.189310, 0.310611, 0.230139, 0.387154
0.189687, 0.477985, 0.208537, 0.571062
0.190365, 0.661570, 0.168845, 0.741284
0.190562, 0.067297, 0.255898, 0.088964
0.191208, 0.595562, 0.187490, 0.685270
0.191307, 0.381890, 0.223997, 0.467761
0.193470, 0.825474, -0.922840, -0.192874
0.193547, 0.962368, -0.883123, -0.024491
0.194325, 0.091229, 0.258650, 0.119714
0.194703, 0.225487, 0.245828, 0.286272
0.194936, 0.022423, 0.262787, 0.029719
0.195258, 0.704732, 0.157606, 0.771046
0.195313, 0.200241, 0.249262, 0.255749
0.195507, 0.940119, -0.878671, -0.038845
0.195605, 0.571597, 0.197031, 0.662001
0.195925, 0.266223, 0.243089, 0.334821
0.196113, 0.502994, 0.211060, 0.595524
0.196920, 0.118756, 0.259686, 0.154832
0.196959, 0.173813, 0.254145, 0.223430
0.197499, 0.747958, 0.147023, 0.802511
0.197581, 1.000000, -0.882645, 0.000000
0.197957, 0.336002, 0.237321, 0.415209
0.199565, 0.637914, 0.183543, 0.719463
0.199983, 0.801083, -0.361071, 0.330147
0.200053, 0.530875, 0.209883, 0.622606
0.200299, 0.407200, 0.230750, 0.494404
0.200491, 0.146052, 0.261149, 0.188617
0.202061, 0.915417, -0.869197, -0.055339
0.204291, 0.866341, -0.851052, -0.084053
0.205201, 0.289189, 0.251421, 0.360492
0.205207, 0.459213, 0.228072, 0.548745
0.205883, 0.774188, 0.237310, 0.903564
0.206548, 0.682484, 0.172769, 0.749982
0.206908, 0.361353, 0.244460, 0.442689
0.207343, 0.046642, 0.277186, 0.061170
0.207681, 0.613008, 0.197643, 0.696209
0.207790, 0.000000, 0.278570, 0.000000
0.208785, 0.433013, 0.236159, 0.520598
0.208991, 0.555754, 0.213372, 0.644350
0.209016, 0.725261, 0.156453, 0.776434
0.209391, 0.246164, 0.261619, 0.309732
0.209501, 0.891465, -0.857795, -0.071639
0.212096, 0.981279, -0.872164, -0.013248
0.212152, 0.843172, -0.836435, -0.098811
0.213462, 0.315322, 0.257961, 0.389622
0.214727, 0.483350, 0.233934, 0.572041
0.215630, 0.219354, 0.271845, 0.276734
0.215723, 0.099156, 0.283556, 0.128182
0.215910, 0.659060, 0.189300, 0.730219
0.216037, 0.585932, 0.212426, 0.670294
0.216175, 0.385836, 0.251559, 0.468545
0.216777, 0.071238, 0.286878, 0.092428
0.216952, 0.512787, 0.230478, 0.601126
0.217278, 0.958919, -0.866948, -0.029321
0.217573, 0.193445, 0.277056, 0.245258
0.218870, 0.168444, 0.281000, 0.214409
0.219663, 0.819353, -0.844520, -0.137798
0.219994, 0.934028, -0.861682, -0.046938
0.220359, 0.023394, 0.293128, 0.030450
0.220545, 0.124631, 0.287355, 0.159985
0.221596, 0.748163, 0.167801, 0.796841
0.222433, 0.341017, 0.265014, 0.417683
0.222503, 0.703501, 0.168445, 0.751026
0.223147, 0.267641, 0.275474, 0.333430
0.223405, 0.793395, -0.884416, -0.217902
0.224190, 0.634357, 0.204521, 0.708154
0.224808, 0.410388, 0.257405, 0.493992
0.224975, 0.537782, 0.232867, 0.623487
0.225772, 0.146415, 0.291706, 0.186735
0.225978, 0.456164, 0.250694, 0.541991
0.226045, 0.870393, -0.840145, -0.089489
0.226790, 1.000000, -0.862262, 0.000000
0.228086, 0.294529, 0.277664, 0.363738
0.228298, 0.910968, -0.851478, -0.064228
0.229843, 0.768465, -0.266951, 0.359578
0.230519, 0.609641, 0.217974, 0.685912
0.231256, 0.564219, 0.232100, 0.646294
0.232056, 0.047193, 0.306528, 0.060890
0.232339, 0.680522, 0.193760, 0.739999
0.232350, 0.364513, 0.272920, 0.442489
0.232532, 0.239141, 0.289906, 0.298533
0.233459, 0.000000, 0.308920, 0.000000
0.234183, 0.498030, 0.250847, 0.582613
0.234376, 0.726215, 0.162675, 0.756900
0.234525, 0.848218, -0.822836, -0.101885
0.235359, 0.432799, 0.265019, 0.515895
0.236636, 0.086685, 0.309499, 0.110920
0.236893, 0.212658, 0.298087, 0.266379
0.237502, 0.321455, 0.285061, 0.393391
0.238464, 0.953503, -0.850961, -0.035395
0.239029, 0.890673, -0.839216, -0.080546
0.240356, 0.185926, 0.304803, 0.233453
0.240367, 0.977639, -0.851883, -0.017181
0.240414, 0.655339, 0.207872, 0.716484
0.240606, 0.109986, 0.312419, 0.139941
0.240872, 0.476434, 0.262171, 0.559349
0.241151, 0.388418, 0.278984, 0.467326
0.241409, 0.587240, 0.234406, 0.663300
0.242639, 0.521114, 0.253916, 0.603256
0.242664, 0.827510, -0.815682, -0.123696
0.244314, 0.804762, -0.809271, -0.143928
0.244469, 0.163612, 0.312398, 0.206158
0.245599, 0.023221, 0.322940, 0.029733
0.246031, 0.931077, -0.842654, -0.053025
0.246459, 0.066664, 0.322438, 0.085071
0.247191, 0.255856, 0.305002, 0.316273
0.247460, 0.278862, 0.302227, 0.342939
0.247665, 0.135763, 0.318494, 0.171394
0.248323, 0.780111, -0.808667, -0.174043
0.248851, 0.343579, 0.294765, 0.416625
0.248873, 0.701754, 0.231373, 0.782036
0.248980, 0.631843, 0.223728, 0.695645
0.249165, 0.750157, -0.299044, 0.286996
0.249365, 0.545226, 0.253943, 0.624028
0.250722, 0.454288, 0.277060, 0.535034
0.250845, 0.411037, 0.285654, 0.489949
0.251293, 0.303718, 0.303297, 0.371036
0.251725, 0.868498, -0.824032, -0.099491
0.254036, 1.000000, -0.842085, 0.000000
0.254643, 0.609994, 0.237276, 0.676971
0.256243, 0.674153, 0.206897, 0.718067
0.256551, 0.910112, -0.831195, -0.070442
0.257238, 0.725989, 0.317433, 0.876798
0.257253, 0.228241, 0.320117, 0.282352
0.257346, 0.568316, 0.254179, 0.642035
0.257748, 0.367277, 0.300925, 0.441387
0.257962, 0.202572, 0.323924, 0.251679
0.258168, 0.500090, 0.274117, 0.578792
0.259056, 0.044574, 0.338336, 0.056604
0.259307, 0.000000, 0.339151, 0.000000
0.260415, 0.955847, -0.834409, -0.035560
0.261058, 0.845569, -0.809216, -0.117039
0.262083, 0.090180, 0.339427, 0.113732
0.262290, 0.432673, 0.293664, 0.510355
0.262893, 0.116893, 0.338092, 0.146814
0.264495, 0.154956, 0.336744, 0.193512
0.265756, 0.478457, 0.286993, 0.555794
0.265812, 0.323386, 0.317264, 0.391517
0.266409, 0.649085, 0.226732, 0.698017
0.266890, 0.767218, -0.734849, -0.132601
0.266944, 0.888754, -0.818898, -0.088597
0.266955, 0.524321, 0.276040, 0.599324
0.267202, 0.820378, -0.794721, -0.135019
0.267245, 0.389905, 0.307346, 0.464209
0.267511, 0.180911, 0.337977, 0.224861
0.267542, 0.592616, 0.254276, 0.658457
0.268199, 0.796131, -0.790085, -0.157709
0.268251, 0.978363, -0.830350, -0.017731
0.268970, 0.248564, 0.331347, 0.304860
0.271093, 0.293725, 0.327452, 0.356681
0.271633, 0.932642, -0.823395, -0.055197
0.272014, 0.022053, 0.353856, 0.027811
0.272062, 0.692038, 0.183607, 0.694638
0.272066, 0.271676, 0.332072, 0.331550
0.272927, 0.066737, 0.353440, 0.083860
0.274413, 0.456410, 0.300949, 0.531742
0.274576, 0.547593, 0.275767, 0.617799
0.274587, 0.347239, 0.323128, 0.416503
0.275392, 0.622454, 0.248719, 0.678869
0.276787, 0.740812, -0.871444, -0.317981
0.276850, 0.713463, 0.045947, 0.564222
0.277480, 0.136693, 0.353634, 0.170031
0.277505, 0.865587, -0.805003, -0.108597
0.277545, 0.411715, 0.314118, 0.485263
0.278587, 0.208805, 0.347894, 0.257077
0.281569, 1.000000, -0.819737, 0.000000
0.281645, 0.571977, 0.272918, 0.635533
0.282219, 0.670004, 0.215526, 0.691450
0.282575, 0.503016, 0.296864, 0.575005
0.282837, 0.107162, 0.362296, 0.133328
0.283509, 0.910221, -0.810598, -0.074973
0.284252, 0.369850, 0.329660, 0.439357
0.284989, 0.955516, -0.814755, -0.037739
0.285054, 0.231719, 0.352246, 0.283085
0.285054, 0.839298, -0.791175, -0.129701
0.285439, 0.043929, 0.369044, 0.054933
0.285876, 0.000000, 0.370076, 0.000000
0.286379, 0.308116, 0.342742, 0.370757
0.286740, 0.163907, 0.362220, 0.202360
0.287421, 0.786447, -0.767187, -0.165565
0.288043, 0.434002, 0.320174, 0.505868
0.288871, 0.762497, -0.744139, -0.170507
0.289041, 0.598976, 0.265511, 0.651394
0.289865, 0.481418, 0.309965, 0.552382
0.290073, 0.085487, 0.372225, 0.106203
0.290418, 0.644708, 0.251917, 0.690024
0.291515, 0.813647, -0.777062, -0.149761
0.292012, 0.526249, 0.298296, 0.593107
0.292615, 0.189367, 0.366208, 0.232164
0.292776, 0.330239, 0.346412, 0.394626
0.292842, 0.257824, 0.357849, 0.312551
0.292989, 0.887326, -0.798550, -0.095229
0.294213, 0.391619, 0.336026, 0.460528
0.295490, 0.978149, -0.807729, -0.018941
0.296874, 0.457529, 0.323197, 0.526989
0.297090, 0.283838, 0.358928, 0.341811
0.297617, 0.125429, 0.378186, 0.154622
0.297626, 0.693809, 0.088785, 0.561501
0.297738, 0.932217, -0.802114, -0.058604
0.298259, 0.721911, -0.744031, -0.233371
0.298611, 0.021448, 0.384667, 0.026632
0.298750, 0.550787, 0.295366, 0.611641
0.300603, 0.860108, -0.786126, -0.118641
0.300675, 0.063938, 0.385841, 0.079161
0.300970, 0.621485, 0.255450, 0.653472
0.302113, 0.352127, 0.352719, 0.416944
0.303875, 0.147904, 0.383549, 0.181318
0.303994, 0.213993, 0.376791, 0.260173
0.304024, 0.575830, 0.289700, 0.629691
0.304125, 0.413151, 0.341634, 0.480644
0.304271, 0.745447, -0.743870, -0.206914
0.305316, 0.666707, 0.278567, 0.724021
0.308522, 0.504957, 0.320244, 0.568512
0.308881, 1.000000, -0.796458, 0.000000
0.309144, 0.794786, -0.757229, -0.169724
0.309279, 0.835188, -0.772195, -0.140332
0.309376, 0.238680, 0.379314, 0.287983
0.309697, 0.104971, 0.393763, 0.128858
0.309794, 0.308409, 0.369126, 0.367343
0.310349, 0.955749, -0.793434, -0.039342
0.310394, 0.909002, -0.788509, -0.080069
0.311251, 0.771441, -0.741237, -0.182231
0.311336, 0.172571, 0.389883, 0.210220
0.312089, 0.374032, 0.359013, 0.438371
0.312578, 0.041585, 0.400391, 0.051219
0.312902, 0.000000, 0.401187, 0.000000
0.312991, 0.480008, 0.332415, 0.544006
0.313525, 0.599034, 0.288108, 0.644296
0.313550, 0.434674, 0.345858, 0.499907
0.315339, 0.879893, -0.778790, -0.105744
0.315768, 0.641776, 0.225090, 0.627880
0.315896, 0.264645, 0.383062, 0.316967
0.316220, 0.530481, 0.317616, 0.587564
0.317572, 0.084346, 0.404315, 0.103339
0.318834, 0.331856, 0.374803, 0.391536
0.319123, 0.456344, 0.345336, 0.519483
0.319176, 0.196078, 0.396033, 0.237035
0.319313, 0.813869, -0.757343, -0.159524
0.319415, 0.709494, -0.759553, -0.282364
0.322094, 0.395993, 0.364519, 0.458985
0.322208, 0.684443, -0.406622, 0.026660
0.322436, 0.128827, 0.406834, 0.156810
0.322517, 0.978261, -0.784124, -0.019749
0.322703, 0.555069, 0.312215, 0.604071
0.323263, 0.933398, -0.780348, -0.060262
0.323589, 0.288739, 0.387791, 0.342934
0.324182, 0.734267, -0.710872, -0.208867
0.325578, 0.855542, -0.764967, -0.128276
0.326201, 0.020270, 0.416367, 0.024786
0.327357, 0.061448, 0.416618, 0.074988
0.327531, 0.618471, 0.302545, 0.664532
0.328045, 0.577966, 0.304146, 0.617240
0.328797, 0.154123, 0.411660, 0.186418
0.328872, 0.354788, 0.381000, 0.414239
0.329563, 0.221301, 0.405095, 0.265387
0.329610, 0.759076, -0.726976, -0.202120
0.330568, 0.660488, 0.131702, 0.528033
0.330960, 0.895508, -0.768126, -0.094944
0.331782, 0.418375, 0.368656, 0.479113
0.332554, 0.491868, 0.346331, 0.548095
0.333030, 0.787343, -0.736784, -0.183848
0.333260, 0.244976, 0.405415, 0.291771
0.334591, 0.515633, 0.338883, 0.567704
0.335389, 0.108056, 0.422839, 0.130768
0.335467, 0.311864, 0.396798, 0.366483
0.336197, 1.000000, -0.772092, 0.000000
0.336529, 0.956482, -0.770336, -0.040335
0.336655, 0.833828, -0.750180, -0.149079
0.337058, 0.177592, 0.418751, 0.213354
0.338176, 0.466563, 0.360201, 0.523084
0.339348, 0.377651, 0.386841, 0.435873
0.339432, 0.916104, -0.763930, -0.077565
0.340205, 0.039851, 0.432007, 0.048336
0.340243, 0.596660, 0.300053, 0.620999
0.340434, 0.270165, 0.409572, 0.319247
0.340473, 0.441724, 0.370422, 0.499297
0.340735, 0.000000, 0.433115, 0.000000
0.341799, 0.540753, 0.333199, 0.584151
0.342147, 0.082467, 0.432309, 0.099653
0.342293, 0.872772, -0.754348, -0.116908
0.342309, 0.636401, 0.382863, 0.745308
0.342832, 0.811122, -0.738307, -0.169153
0.342893, 0.698479, -0.645639, -0.207950
0.343883, 0.202711, 0.423159, 0.241684
0.344250, 0.722484, -0.706524, -0.240850
0.345212, 0.334978, 0.402664, 0.389546
0.345859, 0.136032, 0.432955, 0.163444
0.348217, 0.566793, 0.323098, 0.597761
0.349192, 0.400769, 0.390928, 0.456839
0.349260, 0.676530, -0.758276, -0.352776
0.349703, 0.978586, -0.759377, -0.020253
0.350115, 0.745691, -0.704398, -0.218292
0.350917, 0.292080, 0.417301, 0.341787
0.351546, 0.937075, -0.755140, -0.059421
0.352056, 0.771292, -0.716937, -0.203057
0.353505, 0.850094, -0.740192, -0.139075
0.354031, 0.059622, 0.446858, 0.071666
0.354601, 0.020082, 0.448794, 0.024178
0.355371, 0.358204, 0.408117, 0.411753
0.355383, 0.158701, 0.441484, 0.189199
0.355711, 0.616636, 0.291945, 0.617136
0.355885, 0.653221, -0.520531, -0.162424
0.355928, 0.475919, 0.372849, 0.525056
0.356075, 0.894388, -0.745733, -0.099643
0.356086, 0.498873, 0.363717, 0.544632
0.356248, 0.250889, 0.430209, 0.294986
0.356298, 0.228089, 0.433920, 0.269264
0.358026, 0.425025, 0.392473, 0.477937
0.359081, 0.796622, -0.720507, -0.185829
0.359294, 0.099523, 0.450290, 0.118920
0.359982, 0.522029, 0.355964, 0.560887
0.360120, 0.121538, 0.449963, 0.144980
0.361282, 0.183633, 0.445306, 0.217566
0.361597, 0.590189, 0.307692, 0.593480
0.361677, 0.314728, 0.424503, 0.364341
0.363688, 1.000000, -0.746591, 0.000000
0.363761, 0.451915, 0.388693, 0.500821
0.364139, 0.825531, -0.724932, -0.163032
0.364343, 0.958328, -0.744746, -0.040124
0.365369, 0.709599, -0.669970, -0.244160
0.366056, 0.381912, 0.412989, 0.433268
0.366379, 0.545537, 0.346752, 0.572886
0.366613, 0.916265, -0.739216, -0.080441
0.367148, 0.271372, 0.438897, 0.316084
0.367542, 0.208605, 0.448803, 0.245313
0.368239, 0.871720, -0.731254, -0.122385
0.368651, 0.040118, 0.464240, 0.047888
0.368780, 0.000000, 0.465013, 0.000000
0.369231, 0.076857, 0.463161, 0.091520
0.370599, 0.688870, -0.680618, -0.285281
0.371222, 0.730868, -0.685392, -0.240894
0.371306, 0.337778, 0.429539, 0.386641
0.372537, 0.567208, 0.335124, 0.580423
0.372549, 0.635932, -0.467440, -0.148980
0.373845, 0.755313, -0.693067, -0.222795
0.374970, 0.664781, -0.624151, -0.264722
0.374995, 0.406129, 0.414652, 0.454410
0.375176, 0.142974, 0.465558, 0.168958
0.376124, 0.779243, -0.701053, -0.205353
0.376685, 0.477892, 0.389472, 0.518066
0.377363, 0.293131, 0.445773, 0.337892
0.377614, 0.979346, -0.733022, -0.020240
0.378337, 0.848312, -0.718081, -0.145755
0.379011, 0.937657, -0.729521, -0.061008
0.379329, 0.245881, 0.456563, 0.285726
0.379478, 0.609508, 0.204586, 0.483331
0.379714, 0.503390, 0.379909, 0.536786
0.380317, 0.168284, 0.468430, 0.197673
0.381052, 0.361856, 0.433445, 0.408932
0.381352, 0.805876, -0.704820, -0.184353
0.381461, 0.894252, -0.722523, -0.103146
0.381568, 0.432431, 0.411908, 0.476772
0.382844, 0.020233, 0.480686, 0.023972
0.383175, 0.117831, 0.476315, 0.138815
0.383488, 0.096217, 0.477920, 0.113494
0.383692, 0.058841, 0.480479, 0.069595
0.385116, 0.528834, 0.370402, 0.552314
0.385401, 0.194365, 0.470932, 0.226924
0.386191, 0.223490, 0.467434, 0.259577
0.386231, 0.584648, 0.319266, 0.569142
0.387285, 0.314751, 0.451553, 0.358777
0.389156, 0.457127, 0.408824, 0.495305
0.390392, 0.709828, -0.659916, -0.262955
0.391409, 0.269875, 0.465347, 0.309966
0.391591, 1.000000, -0.719754, 0.000000
0.391961, 0.827147, -0.700936, -0.167925
0.392033, 0.958756, -0.718329, -0.041055
0.392115, 0.386842, 0.437023, 0.430330
0.392873, 0.554526, 0.370826, 0.574594
0.393360, 0.916389, -0.713986, -0.082994
0.393565, 0.871718, -0.707964, -0.126411
0.393637, 0.682449, -0.643432, -0.283484
0.393793, 0.653018, -0.600262, -0.276976
0.394154, 0.737283, -0.670873, -0.245264
0.395696, 0.337219, 0.454705, 0.379997
0.396570, 0.627385, -0.672447, -0.383734
0.396750, 0.000000, 0.496421, 0.000000
0.397559, 0.039791, 0.496751, 0.046731
0.398079, 0.762784, -0.676964, -0.225868
0.398150, 0.078802, 0.495799, 0.092359
0.398587, 0.786426, -0.684327, -0.206018
0.398646, 0.483613, 0.403760, 0.511783
0.398939, 0.413466, 0.434471, 0.453031
0.400391, 0.131087, 0.494287, 0.152748
0.400638, 0.154365, 0.492422, 0.179464
0.403099, 0.509149, 0.392207, 0.526804
0.403290, 0.291794, 0.473464, 0.331066
0.403685, 0.849858, -0.694992, -0.148988
0.404135, 0.359687, 0.456902, 0.400190
0.404294, 0.248611, 0.483363, 0.284563
0.404633, 0.601435, -0.255556, -0.016880
0.404716, 0.178907, 0.494133, 0.206915
0.405592, 0.979487, -0.705806, -0.020743
0.406279, 0.937824, -0.703221, -0.062756
0.406695, 0.438554, 0.431397, 0.472032
0.406736, 0.204823, 0.492690, 0.235671
0.406881, 0.575968, 0.450215, 0.659657
0.407157, 0.894621, -0.698229, -0.105905
0.407704, 0.103470, 0.504653, 0.120331
0.408625, 0.806147, -0.680643, -0.190880
0.409167, 0.534553, 0.376855, 0.535324
0.410522, 0.227953, 0.493195, 0.260713
0.411212, 0.020164, 0.512399, 0.023504
0.412107, 0.060089, 0.512341, 0.069936
0.412373, 0.314872, 0.477471, 0.353029
0.413063, 0.723445, -0.649914, -0.263129
0.413091, 0.697372, -0.638637, -0.283699
0.413363, 0.669127, -0.616495, -0.296268
0.413882, 0.463622, 0.425463, 0.488775
0.414439, 0.379464, 0.460704, 0.416110
0.416851, 0.643221, -0.622239, -0.337946
0.417679, 0.750760, -0.656681, -0.242687
0.417962, 0.269418, 0.493594, 0.304265
0.418575, 0.828036, -0.676534, -0.172546
0.418627, 0.401067, 0.456859, 0.434474
0.419545, 1.000000, -0.692162, 0.000000
0.419624, 0.873308, -0.683314, -0.128598
0.419693, 0.958879, -0.691145, -0.042149
0.419695, 0.558476, 0.376966, 0.548711
0.420174, 0.617057, -0.512776, -0.266098
0.420175, 0.916550, -0.687892, -0.085266
0.420730, 0.338639, 0.479468, 0.374768
0.421539, 0.778901, -0.661898, -0.218981
0.421580, 0.489463, 0.416482, 0.502837
0.422462, 0.120582, 0.519588, 0.138812
0.423813, 0.083415, 0.523923, 0.096225
0.424497, 0.143360, 0.519647, 0.164432
0.424668, 0.000000, 0.527515, 0.000000
0.425702, 0.040764, 0.528092, 0.047093
0.425819, 0.423446, 0.453946, 0.450932
0.425876, 0.166133, 0.518730, 0.189920
0.426602, 0.514790, 0.407203, 0.519224
0.427800, 0.851461, -0.672142, -0.151443
0.428126, 0.190974, 0.517926, 0.217280
0.428153, 0.587694, -0.607881, -0.410984
0.429152, 0.293717, 0.499429, 0.327105
0.430982, 0.360878, 0.482492, 0.393160
0.431577, 0.216037, 0.517792, 0.244274
0.431652, 0.242943, 0.513191, 0.273335
0.432227, 0.802884, -0.658359, -0.199309
0.432702, 0.446688, 0.448209, 0.466051
0.433550, 0.979458, -0.677887, -0.021357
0.433556, 0.938072, -0.676177, -0.064247
0.433657, 0.683302, -0.614358, -0.301277
0.433725, 0.895194, -0.672287, -0.108255
0.433996, 0.539788, 0.441516, 0.575095
0.435092, 0.710533, -0.627118, -0.282545
0.436186, 0.734697, -0.635227, -0.262382
0.437268, 0.658885, -0.604765, -0.326075
0.437322, 0.319035, 0.501142, 0.350688
0.437507, 0.102819, 0.537703, 0.117482
0.438655, 0.063350, 0.541456, 0.072513
0.438950, 0.470643, 0.438763, 0.479121
0.439008, 0.020725, 0.543168, 0.023759
0.439481, 0.384640, 0.481875, 0.412009
0.439514, 0.632871, -0.570764, -0.327263
0.440008, 0.761659, -0.640506, -0.239708
0.440731, 0.265616, 0.517827, 0.295420
0.440765, 0.606329, -0.571309, -0.363153
0.441582, 0.567788, -0.309622, -0.154668
0.442878, 0.825394, -0.652933, -0.179656
0.445284, 0.495495, 0.425372, 0.489270
0.445542, 0.407403, 0.477551, 0.428966
0.446328, 0.873502, -0.657134, -0.131868
0.446946, 0.126384, 0.545991, 0.143216
0.447114, 0.342634, 0.503586, 0.370739
0.447139, 0.917247, -0.660987, -0.086784
0.447442, 1.000000, -0.663962, 0.000000
0.447472, 0.958818, -0.663126, -0.043329
0.448419, 0.846593, -0.650761, -0.159486
0.448616, 0.784714, -0.638764, -0.220357
0.448726, 0.149697, 0.545251, 0.168944
0.449473, 0.173867, 0.543108, 0.195503
0.450455, 0.520011, 0.416323, 0.504583
0.450920, 0.285709, 0.523531, 0.313798
0.451938, 0.198658, 0.542130, 0.222160
0.452131, 0.000000, 0.557749, 0.000000
0.452217, 0.084526, 0.555009, 0.095796
0.452472, 0.430068, 0.471794, 0.443254
0.452491, 0.042744, 0.557424, 0.048543
0.453738, 0.696010, -0.605136, -0.301030
0.453797, 0.224158, 0.539699, 0.249174
0.456359, 0.545865, -0.197443, -0.088033
0.456580, 0.307258, 0.523278, 0.333724
0.456628, 0.366730, 0.503919, 0.389609
0.458169, 0.744230, -0.618692, -0.260708
0.458219, 0.590570, -0.534931, -0.367402
0.458564, 0.246783, 0.540157, 0.272064
0.458570, 0.453223, 0.462435, 0.455631
0.459319, 0.646504, -0.575195, -0.339078
0.459334, 0.672509, -0.592179, -0.323654
0.459429, 0.808224, -0.633407, -0.199749
0.460133, 0.896278, -0.645876, -0.109806
0.460217, 0.721177, -0.609558, -0.282202
0.460669, 0.618871, -0.563671, -0.363907
0.461212, 0.938129, -0.648044, -0.065803
0.461451, 0.979337, -0.649379, -0.022021
0.463791, 0.477226, 0.449032, 0.466139
0.464431, 0.107739, 0.566589, 0.120901
0.465147, 0.390484, 0.501404, 0.406437
0.465455, 0.328922, 0.525254, 0.351951
0.465654, 0.569522, -0.514805, -0.383299
0.465822, 0.021336, 0.572401, 0.024029
0.465934, 0.064714, 0.571123, 0.072778
0.466409, 0.857546, -0.634468, -0.150830
0.466828, 0.765825, -0.616679, -0.242745
0.468408, 0.268625, 0.545169, 0.292305
0.469548, 0.501732, 0.439569, 0.480473
0.470764, 0.831745, -0.626460, -0.178015
0.471495, 0.131629, 0.572004, 0.146637
0.471750, 0.155829, 0.569066, 0.172967
0.472319, 0.413284, 0.495610, 0.420496
0.472748, 0.180660, 0.566718, 0.199628
0.473540, 0.526621, -0.090472, -0.025794
0.474218, 0.351407, 0.525326, 0.369466
0.474609, 0.917343, -0.632846, -0.088763
0.474923, 0.788440, -0.614412, -0.222511
0.474940, 0.878391, -0.628597, -0.130078
0.475044, 0.205910, 0.564957, 0.226107
0.475218, 1.000000, -0.635276, 0.000000
0.475346, 0.958593, -0.634380, -0.044607
0.475384, 0.698689, -0.587996, -0.307104
0.476837, 0.291992, 0.547417, 0.313369
0.478590, 0.088368, 0.583296, 0.098367
0.478801, 0.436016, 0.486385, 0.431926
0.479001, 0.042978, 0.586076, 0.047942
0.479179, 0.000000, 0.587067, 0.000000
0.479363, 0.229091, 0.565015, 0.249516
0.479869, 0.603800, -0.537011, -0.379806
0.480166, 0.631953, -0.555923, -0.363948
0.480982, 0.551604, -0.499467, -0.409908
0.481618, 0.656525, -0.565297, -0.344281
0.481937, 0.742267, -0.596038, -0.269128
0.483381, 0.374542, 0.523529, 0.385362
0.483477, 0.679199, -0.573981, -0.327092
0.483741, 0.459888, 0.474933, 0.444565
0.484205, 0.314411, 0.547407, 0.332444
0.485437, 0.719022, -0.585874, -0.291948
0.485764, 0.810593, -0.607921, -0.202186
0.485933, 0.251645, 0.566567, 0.271097
0.486933, 0.579153, -0.517687, -0.400661
0.488332, 0.854322, -0.611797, -0.157067
0.488459, 0.483910, 0.468228, 0.462424
0.488887, 0.898045, -0.616280, -0.110541
0.489045, 0.937779, -0.619111, -0.067689
0.489233, 0.979082, -0.620409, -0.022795
0.491153, 0.113124, 0.594187, 0.124439
0.491441, 0.065395, 0.598361, 0.072220
0.491729, 0.767242, -0.593164, -0.247213
0.492078, 0.397239, 0.518832, 0.398368
0.492573, 0.021652, 0.601159, 0.023937
0.493070, 0.336711, 0.547540, 0.349520
0.493515, 0.508638, -0.135600, -0.117179
0.494316, 0.163233, 0.591564, 0.177972
0.494567, 0.275235, 0.569007, 0.292248
0.495127, 0.138780, 0.596104, 0.151829
0.495711, 0.188696, 0.589029, 0.204560
0.496890, 0.532865, -0.457616, -0.412023
0.497483, 0.832811, -0.599730, -0.180999
0.499466, 0.419246, 0.509995, 0.408049
0.499693, 0.621689, -0.534721, -0.379966
0.500567, 0.211647, 0.589812, 0.227421
0.500829, 0.788578, -0.588745, -0.227530
0.501232, 0.359036, 0.545021, 0.364939
0.501391, 0.876186, -0.601185, -0.135290
0.502380, 0.697784, -0.563724, -0.316932
0.502774, 1.000000, -0.606284, 0.000000
0.502924, 0.087909, 0.608885, 0.096077
0.503140, 0.917715, -0.602964, -0.090350
0.503155, 0.559464, -0.494674, -0.423109
0.503174, 0.298734, 0.570150, 0.312009
0.503180, 0.958013, -0.605101, -0.046211
0.503810, 0.646907, -0.543701, -0.362477
0.504011, 0.443323, 0.495678, 0.418634
0.504024, 0.595787, -0.517734, -0.401229
0.505316, 0.044017, 0.614077, 0.048168
0.505475, 0.234701, 0.589806, 0.249716
0.505703, 0.671300, -0.551552, -0.341993
0.506045, 0.000000, 0.615748, 0.000000
0.506140, 0.748970, -0.574465, -0.268601
0.506873, 0.725887, -0.567656, -0.291422
0.508855, 0.467399, 0.516214, 0.463760
0.510901, 0.381955, 0.540896, 0.377471
0.511274, 0.321385, 0.569233, 0.329468
0.511661, 0.812739, -0.581976, -0.204313
0.511905, 0.258216, 0.590073, 0.271224
0.512695, 0.491667, -0.141570, -0.167420
0.513181, 0.853991, -0.586181, -0.160504
0.515643, 0.107662, 0.620408, 0.116289
0.516265, 0.896514, -0.587484, -0.114551
0.516640, 0.174040, 0.612635, 0.185966
0.516696, 0.978970, -0.591251, -0.023390
0.517344, 0.576906, -0.497432, -0.421721
0.517354, 0.937073, -0.589070, -0.069898
0.517628, 0.066943, 0.625889, 0.072465
0.517696, 0.128821, 0.620543, 0.138544
0.517958, 0.516451, -0.442079, -0.444012
0.518850, 0.021846, 0.628918, 0.023672
0.519018, 0.539974, -0.468585, -0.441950
0.519357, 0.152168, 0.619370, 0.162937
0.520438, 0.402503, 0.533412, 0.383905
0.520538, 0.768109, -0.564586, -0.252374
0.520573, 0.282410, 0.591159, 0.291549
0.520682, 0.343768, 0.567742, 0.344200
0.520828, 0.612745, -0.514051, -0.397355
0.522242, 0.194726, 0.614780, 0.206125
0.523212, 0.710316, -0.547892, -0.311072
0.524295, 0.793404, -0.565589, -0.226767
0.524398, 0.427312, 0.514064, 0.391093
0.524548, 0.636019, -0.521390, -0.379857
0.525067, 0.832349, -0.570940, -0.185336
0.526061, 0.217570, 0.613860, 0.228182
0.526387, 0.684120, -0.537115, -0.337096
0.527564, 0.366341, 0.561094, 0.357312
0.528355, 0.875476, -0.572538, -0.138768
0.528811, 0.659953, -0.526871, -0.360399
0.529122, 0.451888, 0.500125, 0.403855
0.529234, 0.740402, -0.549443, -0.282539
0.529972, 0.305954, 0.591436, 0.309314
0.530172, 1.000000, -0.576934, 0.000000
0.530444, 0.089582, 0.637521, 0.095804
0.530663, 0.957938, -0.575705, -0.047208
0.530966, 0.240928, 0.612838, 0.249743
0.531025, 0.044225, 0.640941, 0.047413
0.531138, 0.915136, -0.573021, -0.095050
0.531803, 0.557072, -0.474916, -0.442787
0.532864, 0.000000, 0.643919, 0.000000
0.533407, 0.594211, -0.495151, -0.417883
0.533546, 0.477032, -0.263154, -0.332847
0.536373, 0.502298, -0.422524, -0.465815
0.536981, 0.264781, 0.611415, 0.270422
0.538230, 0.854778, -0.559856, -0.162559
0.538303, 0.328356, 0.588688, 0.324287
0.540596, 0.812735, -0.551657, -0.208716
0.540983, 0.171192, 0.638191, 0.179166
0.541217, 0.115604, 0.645883, 0.122086
0.541218, 0.384591, 0.558369, 0.360117
0.541692, 0.142733, 0.643188, 0.150052
0.541775, 0.529978, -0.450980, -0.465995
0.542970, 0.719541, -0.530682, -0.306849
0.543223, 0.066545, 0.652374, 0.070518
0.543728, 0.783684, -0.543716, -0.240426
0.544058, 0.978916, -0.561703, -0.023890
0.544319, 0.936346, -0.560070, -0.072034
0.544386, 0.618937, -0.497272, -0.402500
0.544405, 0.410914, 0.532855, 0.364355
0.544478, 0.892248, -0.556952, -0.121575
0.545017, 0.022048, 0.656043, 0.023379
0.545762, 0.694540, -0.521508, -0.332580
0.545839, 0.760093, -0.537244, -0.265782
0.545875, 0.197843, 0.637358, 0.204701
0.546600, 0.288838, 0.611853, 0.288638
0.546711, 0.575193, -0.475278, -0.439034
0.547346, 0.354449, 0.582945, 0.339705
0.549131, 0.643531, -0.502478, -0.382385
0.549332, 0.435896, 0.478151, 0.337454
0.550642, 0.223315, 0.635877, 0.228136
0.551303, 0.837249, -0.543625, -0.183390
0.552587, 0.668790, -0.507711, -0.359822
0.553357, 0.461337, -0.307209, -0.420810
0.554055, 0.089925, 0.661410, 0.094148
0.555678, 0.551427, -0.455691, -0.461112
0.555760, 0.248068, 0.633603, 0.249708
0.556518, 0.737666, -0.521152, -0.291296
0.556976, 0.044611, 0.667589, 0.046767
0.557066, 0.868024, -0.540792, -0.149803
0.557425, 0.914124, -0.544591, -0.097892
0.557435, 1.000000, -0.547272, 0.000000
0.557731, 0.957538, -0.546290, -0.048517
0.557736, 0.486851, -0.403439, -0.493327
0.557838, 0.308530, 0.613093, 0.300221
0.558102, 0.510995, -0.427587, -0.487474
0.558563, 0.598652, -0.476697, -0.425666
0.559743, 0.000000, 0.671608, 0.000000
0.560899, 0.332652, 0.603372, 0.316594
0.561542, 0.272798, 0.630217, 0.269613
0.561956, 0.799543, -0.527187, -0.226272
0.562817, 0.158400, 0.661532, 0.162662
0.564514, 0.132351, 0.667148, 0.136334
0.564544, 0.397143, 0.553168, 0.341947
0.564586, 0.371444, 0.586595, 0.343409
0.565526, 0.183873, 0.659314, 0.187143
0.565863, 0.110205, 0.671120, 0.113819
0.566332, 0.711527, -0.505295, -0.320637
0.567765, 0.623703, -0.478271, -0.407035
0.567923, 0.820497, -0.523752, -0.204030
0.568450, 0.687607, -0.497237, -0.345560
0.568473, 0.776947, -0.516419, -0.251823
0.568764, 0.068015, 0.678179, 0.070396
0.569613, 0.530004, -0.433820, -0.484173
0.569851, 0.891336, -0.529434, -0.124663
0.569856, 0.421279, 0.424525, 0.243509
0.570513, 0.209477, 0.657870, 0.210356
0.570903, 0.022036, 0.682292, 0.022824
0.570917, 0.935701, -0.530994, -0.074014
0.570931, 0.576434, -0.456719, -0.449699
0.571167, 0.978812, -0.532022, -0.024429
0.572583, 0.649297, -0.482304, -0.384554
0.572820, 0.754275, -0.507588, -0.276966
0.573445, 0.447111, -0.389521, -0.546210
0.573559, 0.846934, -0.521029, -0.175222
0.575279, 0.348631, 0.603701, 0.318861
0.575498, 0.234946, 0.655256, 0.232225
0.576842, 0.473882, -0.390104, -0.520529
0.576906, 0.291101, 0.636222, 0.278961
0.579125, 0.554298, -0.439797, -0.471388
0.579845, 0.261122, 0.650155, 0.253334
0.580706, 0.728253, -0.494276, -0.306337
0.580760, 0.502728, -0.409667, -0.508854
0.580808, 0.090770, 0.688116, 0.092624
0.581500, 0.318895, 0.625215, 0.296554
0.582126, 0.671044, -0.479333, -0.365931
0.582181, 0.045095, 0.692872, 0.046139
0.582444, 0.601598, -0.456941, -0.432516
0.583116, 0.870148, -0.513128, -0.149968
0.583519, 0.913429, -0.515909, -0.100300
0.584488, 0.957377, -0.516827, -0.049518
0.584542, 1.000000, -0.517387, 0.000000
0.585216, 0.144735, 0.685055, 0.145555
0.585934, 0.385724, 0.612278, 0.360965
0.586542, 0.170900, 0.681659, 0.170535
0.586920, 0.000000, 0.699056, 0.000000
0.587402, 0.798408, -0.499635, -0.231254
0.589762, 0.116787, 0.693940, 0.117573
0.589982, 0.699428, -0.478319, -0.338723
0.590021, 0.824804, -0.500455, -0.202081
0.590441, 0.628287, -0.458605, -0.410316
0.590489, 0.196152, 0.679514, 0.193261
0.591626, 0.406912, 0.102495, -0.120403
0.592312, 0.529422, -0.417329, -0.497333
0.592768, 0.773279, -0.489789, -0.259830
0.593449, 0.365837, 0.599569, 0.314288
0.593853, 0.431438, -0.400180, -0.604168
0.594337, 0.067951, 0.703534, 0.068527
0.595289, 0.579612, -0.437206, -0.457179
0.595401, 0.221323, 0.676853, 0.214531
0.596211, 0.022269, 0.707314, 0.022486
0.596258, 0.748168, -0.481636, -0.287887
0.596455, 0.891672, -0.499979, -0.126270
0.596669, 0.457263, -0.374332, -0.550524
0.597207, 0.935726, -0.501895, -0.075173
0.598001, 0.341325, 0.633863, 0.312656
0.598182, 0.978589, -0.502066, -0.025090
0.598395, 0.483636, -0.387114, -0.532669
0.598865, 0.651292, -0.457226, -0.390253
0.599101, 0.849684, -0.493246, -0.174834
0.599316, 0.273960, 0.660541, 0.256144
0.599431, 0.246787, 0.671651, 0.234643
0.600352, 0.554814, -0.422682, -0.480615
0.600428, 0.297908, 0.650657, 0.273803
0.602343, 0.721248, -0.470214, -0.318309
0.604550, 0.091539, 0.710966, 0.090991
0.604786, 0.510097, -0.398138, -0.518407
0.605306, 0.607834, -0.437889, -0.434661
0.605416, 0.677278, -0.457349, -0.365468
0.605682, 0.319872, 0.634567, 0.278255
0.607028, 0.135608, 0.707026, 0.133290
0.607446, 0.045824, 0.717574, 0.045646
0.608104, 0.160820, 0.703429, 0.156780
0.609657, 0.914401, -0.486843, -0.100715
0.609882, 0.869654, -0.483456, -0.152926
0.611189, 0.809097, -0.475234, -0.222530
0.611352, 0.956924, -0.486856, -0.050837
0.611441, 1.000000, -0.487397, 0.000000
0.611488, 0.185268, 0.700989, 0.178376
0.612333, 0.386513, 0.107865, -0.165184
0.613669, 0.786663, -0.469219, -0.248140
0.613933, 0.832889, -0.474794, -0.195611
0.614432, 0.000000, 0.726077, 0.000000
0.614921, 0.413327, -0.331125, -0.584340
0.615896, 0.111005, 0.719204, 0.108557
0.615934, 0.209662, 0.697966, 0.198508
0.615951, 0.699441, -0.451312, -0.344479
0.616073, 0.630719, -0.434288, -0.415573
0.616850, 0.439389, -0.349309, -0.573277
0.617031, 0.537665, -0.401453, -0.502375
0.617298, 0.359910, 0.735248, 0.414725
0.617701, 0.589126, -0.420007, -0.456433
0.617824, 0.763745, -0.461034, -0.274389
0.619352, 0.740887, -0.455555, -0.300033
0.619790, 0.464928, -0.362723, -0.558608
0.619947, 0.069944, 0.728053, 0.068483
0.620321, 0.234344, 0.693343, 0.217511
0.620345, 0.022632, 0.730655, 0.022260
0.620364, 0.565682, -0.409324, -0.478906
0.620906, 0.489472, -0.375765, -0.542339
0.621521, 0.260260, 0.682811, 0.236134
0.622077, 0.893355, -0.471403, -0.126168
0.622390, 0.657392, -0.434944, -0.390163
0.623276, 0.285240, 0.672591, 0.253572
0.624151, 0.935155, -0.471641, -0.077010
0.624439, 0.335966, 0.594572, 0.236719
0.624995, 0.978270, -0.472008, -0.025861
0.626661, 0.309379, 0.666363, 0.272174
0.627537, 0.515337, -0.383272, -0.525668
0.627969, 0.721016, -0.442752, -0.323537
0.629835, 0.849559, -0.458535, -0.177902
0.630038, 0.151565, 0.724944, 0.143915
0.630795, 0.128902, 0.730064, 0.123112
0.631783, 0.048435, 0.740458, 0.046871
0.632164, 0.091079, 0.737113, 0.087561
0.632191, 0.680227, -0.429949, -0.368416
0.632630, 0.610049, -0.412061, -0.440912
0.633150, 0.175457, 0.722400, 0.164373
0.633609, 0.872314, -0.456714, -0.151768
0.634998, 0.821878, -0.450311, -0.210823
0.635526, 0.398545, -0.318399, -0.614709
0.636557, 0.797640, -0.445301, -0.238798
0.636765, 0.913109, -0.456185, -0.103772
0.636941, 0.373003, -0.184528, -0.503990
0.637123, 0.199217, 0.718878, 0.183480
0.638075, 1.000000, -0.457394, 0.000000
0.638112, 0.956248, -0.456681, -0.052419
0.638306, 0.424754, -0.327210, -0.595779
0.638445, 0.638978, -0.413806, -0.413123
0.639811, 0.773752, -0.438345, -0.266495
0.640154, 0.555824, -0.387855, -0.495158
0.640804, 0.448812, -0.339706, -0.581898
0.641122, 0.584080, -0.395925, -0.468595
0.641632, 0.025280, 0.750875, 0.024257
0.641748, 0.222844, 0.714331, 0.200766
0.642132, 0.534212, -0.378357, -0.515416
0.642140, 0.748689, -0.431740, -0.295074
0.642292, 0.000000, 0.752351, 0.000000
0.643092, 0.701589, -0.422522, -0.347506
0.643406, 0.498018, -0.362698, -0.546767
0.643635, 0.474453, -0.351510, -0.565353
0.643942, 0.247998, 0.705538, 0.218603
0.644084, 0.349481, 0.425622, 0.071264
0.645155, 0.110977, 0.746219, 0.104439
0.645577, 0.272487, 0.690469, 0.230538
0.647604, 0.071203, 0.753797, 0.067259
0.647733, 0.323820, 0.667800, 0.267179
0.647881, 0.297301, 0.689384, 0.256541
0.648971, 0.663131, -0.408443, -0.390296
0.649349, 0.890390, -0.440247, -0.131568
0.649868, 0.726236, -0.419635, -0.321592
0.650754, 0.933655, -0.441453, -0.079955
0.651488, 0.977968, -0.442000, -0.026613
0.653104, 0.621451, -0.394221, -0.434677
0.653307, 0.837765, -0.431634, -0.194374
0.653651, 0.160831, 0.743247, 0.146909
0.653794, 0.136963, 0.749196, 0.126227
0.655265, 0.863834, -0.431440, -0.163627
0.656204, 0.049434, 0.762974, 0.046309
0.656837, 0.516582, -0.358831, -0.536550
0.657507, 0.384188, -0.281656, -0.621786
0.658157, 0.186630, 0.739886, 0.166926
0.658338, 0.411552, -0.306816, -0.616060
0.658655, 0.811731, -0.422281, -0.225291
0.659495, 0.568174, -0.373464, -0.489813
0.659955, 0.598956, -0.381629, -0.459492
0.660475, 0.685846, -0.400725, -0.368154
0.660614, 0.092449, 0.762956, 0.085392
0.661824, 0.787081, -0.415607, -0.254299
0.662592, 0.022956, 0.770707, 0.021392
0.662927, 0.909845, -0.426204, -0.109179
0.662975, 0.460935, -0.330554, -0.585292
0.663368, 0.210017, 0.735526, 0.183041
0.664015, 0.762080, -0.409942, -0.283551
0.664269, 0.955450, -0.426893, -0.054155
0.664350, 0.435714, -0.316983, -0.604310
0.664392, 0.645136, -0.388017, -0.412668
0.664445, 1.000000, -0.427392, 0.000000
0.664890, 0.360780, -0.298774, -0.675647
0.665713, 0.235436, 0.726641, 0.200676
0.666021, 0.541891, -0.359076, -0.516722
0.666204, 0.490628, -0.340857, -0.562841
0.668571, 0.710290, -0.396231, -0.342581
0.668717, 0.260332, 0.715355, 0.214478
0.668887, 0.738261, -0.400541, -0.311230
0.669149, 0.337062, -0.033721, -0.432966
0.669508, 0.118708, 0.766374, 0.107358
0.669649, 0.284337, 0.690853, 0.218464
0.669794, 0.310428, 0.738194, 0.300419
0.670197, 0.000000, 0.777221, 0.000000
0.673256, 0.883033, -0.412693, -0.142214
0.674570, 0.851470, -0.408551, -0.180183
0.675673, 0.170391, 0.758525, 0.149067
0.675723, 0.072259, 0.778899, 0.065467
0.676086, 0.668609, -0.380427, -0.390015
0.676101, 0.932051, -0.412414, -0.083027
0.676513, 0.622291, -0.370220, -0.439599
0.676790, 0.396875, -0.286809, -0.636161
0.676935, 0.583405, -0.360108, -0.479271
0.677119, 0.145862, 0.766682, 0.128944
0.677587, 0.977628, -0.412155, -0.027418
0.677603, 0.045830, 0.782424, 0.041567
0.678404, 0.826583, -0.401535, -0.210089
0.678831, 0.516183, -0.338851, -0.545021
0.681790, 0.472509, -0.320488, -0.584127
0.683335, 0.801357, -0.392995, -0.240392
0.683957, 0.559940, -0.347072, -0.504874
0.684249, 0.373192, -0.273913, -0.660509
0.684815, 0.195070, 0.756625, 0.164260
0.684826, 0.099337, 0.782898, 0.088070
0.685205, 0.419843, -0.294615, -0.626772
0.685876, 0.775219, -0.387147, -0.271527
0.686519, 0.907344, -0.399128, -0.113676
0.686576, 0.019419, 0.792003, 0.017398
0.686668, 0.221463, 0.746675, 0.181499
0.686694, 0.693939, -0.373602, -0.364265
0.687540, 0.448328, -0.306025, -0.606694
0.688849, 0.603351, -0.352661, -0.461754
0.688910, 0.645329, -0.362009, -0.417916
0.689243, 0.723382, -0.375391, -0.331356
0.689510, 0.750460, -0.379252, -0.300511
0.689789, 0.954669, -0.397571, -0.055884
0.690066, 0.247318, 0.740675, 0.201645
0.690553, 1.000000, -0.397439, 0.000000
0.690884, 0.323487, -0.196930, -0.638393
0.691278, 0.865503, -0.390310, -0.164711
0.691822, 0.296144, 0.705660, 0.233506
0.691969, 0.494885, -0.319751, -0.568488
0.692088, 0.537074, -0.332740, -0.529601
0.692538, 0.349000, -0.243624, -0.667125
0.693107, 0.125764, 0.784495, 0.108810
0.693957, 0.272702, 0.724910, 0.210146
0.697108, 0.170554, 0.774915, 0.142728
0.699210, 0.061468, 0.799999, 0.053548
0.699438, 0.395494, -0.273222, -0.651637
0.699594, 0.000000, 0.803110, 0.000000
0.699596, 0.841149, -0.378480, -0.194828
0.699883, 0.037794, 0.802428, 0.033043
0.699951, 0.668027, -0.354274, -0.395331
0.700112, 0.886403, -0.381875, -0.140075
0.700650, 0.931100, -0.384094, -0.085329
0.701489, 0.149854, 0.784724, 0.125700
0.701872, 0.580640, -0.334167, -0.488694
0.702350, 0.085425, 0.799744, 0.073560
0.702899, 0.624917, -0.342443, -0.442213
0.703325, 0.977333, -0.382470, -0.028183
0.703850, 0.817398, -0.371240, -0.223768
0.704625, 0.432437, -0.285900, -0.626381
0.704633, 0.470911, -0.300359, -0.594478
0.705249, 0.515305, -0.313708, -0.553897
0.706196, 0.789868, -0.365687, -0.256970
0.707906, 0.208656, 0.762293, 0.160199
0.708451, 0.711918, -0.352073, -0.347566
0.708637, 0.371081, -0.253088, -0.671166
0.708886, 0.558413, -0.321602, -0.512943
0.710218, 0.688054, -0.346087, -0.374636
0.710458, 0.111101, 0.801620, 0.093331
0.710673, 0.233471, 0.763383, 0.185841
0.711058, 0.764167, -0.356572, -0.287678
0.711196, 0.306651, -0.321319, -0.813320
0.711501, 0.186888, 0.780293, 0.150663
0.711947, 0.738872, -0.351959, -0.317087
0.712157, 0.908850, -0.369324, -0.113316
0.714421, 0.259585, 0.798319, 0.250545
0.714627, 0.412138, -0.269787, -0.646844
0.714780, 0.601743, -0.325269, -0.469713
0.714948, 0.330274, -0.249313, -0.722132
0.714959, 0.647525, -0.333675, -0.420202
0.715012, 0.954358, -0.368350, -0.057062
0.715555, 0.018916, 0.817066, 0.016083
0.715575, 0.861492, -0.361752, -0.171685
0.716467, 1.000000, -0.367479, 0.000000
0.716902, 0.452084, -0.283265, -0.615052
0.717675, 0.492175, -0.295291, -0.579641
0.718377, 0.536261, -0.306439, -0.537170
0.719293, 0.137114, 0.802071, 0.111565
0.719814, 0.351021, -0.242348, -0.697171
0.719884, 0.284934, 0.044264, -0.471729
0.722268, 0.043302, 0.821037, 0.036206
0.722745, 0.069595, 0.818426, 0.057748
0.724238, 0.884696, -0.353745, -0.144032
0.724550, 0.806352, -0.346134, -0.239441
0.724602, 0.165087, 0.794911, 0.127766
0.724803, 0.836634, -0.348828, -0.202843
0.724878, 0.388688, -0.251609, -0.668725
0.726087, 0.931777, -0.354441, -0.085655
0.727532, 0.670092, -0.323628, -0.397568
0.727672, 0.622350, -0.315341, -0.450247
0.727825, 0.095165, 0.818358, 0.077404
0.727830, 0.580101, -0.306747, -0.494899
0.728855, 0.000000, 0.828503, 0.000000
0.728964, 0.977534, -0.352655, -0.028350
0.730285, 0.779364, -0.336200, -0.272286
0.730663, 0.724034, -0.328517, -0.337097
0.730692, 0.513115, -0.288490, -0.563335
0.731112, 0.215565, 0.770133, 0.150967
0.731336, 0.432057, -0.263992, -0.637353
0.731472, 0.698105, -0.323524, -0.366630
0.731974, 0.471789, -0.276032, -0.602621
0.733413, 0.558392, -0.296177, -0.518383
0.733477, 0.242631, 0.847573, 0.260890
0.733978, 0.192498, 0.797802, 0.150292
0.734176, 0.310939, -0.183601, -0.700612
0.735611, 0.752529, -0.326645, -0.304625
0.735684, 0.121318, 0.818355, 0.095582
0.736625, 0.908222, -0.340681, -0.115620
0.737444, 0.365707, -0.233548, -0.692266
0.738468, 0.642886, -0.306933, -0.429634
0.739583, 0.267431, -0.021262, -0.577291
0.739947, 0.860809, -0.333248, -0.174733
0.740497, 0.955391, -0.338588, -0.056587
0.741010, 0.410615, -0.248359, -0.658874
0.741772, 0.600697, -0.295821, -0.475971
0.741868, 0.336001, -0.208992, -0.707225
0.742077, 0.023392, 0.838411, 0.018748
0.742176, 0.821279, -0.326610, -0.223092
0.742229, 0.052284, 0.836027, 0.041769
0.742496, 1.000000, -0.337097, 0.000000
0.742617, 0.148596, 0.814110, 0.111990
0.743239, 0.534385, -0.280918, -0.545258
0.745046, 0.492509, -0.269238, -0.586877
0.745193, 0.451181, -0.257864, -0.625292
0.746451, 0.078637, 0.835402, 0.061464
0.747653, 0.290544, -0.191308, -0.745142
0.748010, 0.884154, -0.325784, -0.146557
0.748648, 0.796489, -0.316520, -0.253929
0.748988, 0.389399, -0.234287, -0.678995
0.749732, 0.175354, 0.803687, 0.121645
0.750143, 0.661017, -0.296507, -0.411113
0.750689, 0.933003, -0.325610, -0.085308
0.751250, 0.684252, -0.298781, -0.385205
0.751639, 0.224893, 0.857855, 0.231454
0.751937, 0.732965, -0.304746, -0.329378
0.752309, 0.104883, 0.834489, 0.079884
0.753681, 0.842262, -0.315078, -0.198644
0.754004, 0.709136, -0.299181, -0.357307
0.754271, 0.622057, -0.285751, -0.455014
0.754580, 0.771324, -0.306856, -0.284966
0.754973, 0.579329, -0.277453, -0.500842
0.755194, 0.977830, -0.321909, -0.028418
0.755697, 0.000000, 0.849274, 0.000000
0.755958, 0.556294, -0.272165, -0.525370
0.757272, 0.513632, -0.262034, -0.569149
0.758332, 0.428684, -0.239463, -0.649612
0.758534, 0.248775, -0.025632, -0.621263
0.758588, 0.202113, 0.853523, 0.190834
0.758603, 0.354008, -0.212177, -0.708951
0.759084, 0.314622, -0.196183, -0.737716
0.759085, 0.472084, -0.250521, -0.609867
0.759921, 0.131180, 0.831375, 0.095028
0.760070, 0.910575, -0.313038, -0.114132
0.761920, 0.038615, 0.852429, 0.029334
0.764546, 0.375702, -0.216760, -0.695613
0.765264, 0.749166, -0.291021, -0.311991
0.765332, 0.062113, 0.851945, 0.046449
0.765711, 0.817664, -0.298400, -0.230082
0.766333, 0.271473, -0.172580, -0.768246
0.766354, 0.641882, -0.275295, -0.435083
0.766409, 0.955588, -0.308093, -0.057214
0.766694, 0.158237, 0.822464, 0.106357
0.768320, 0.863950, -0.299916, -0.173374
0.768729, 1.000000, -0.306245, 0.000000
0.768758, 0.405732, -0.223529, -0.672589
0.768782, 0.602016, -0.266383, -0.479199
0.769259, 0.535947, -0.254247, -0.549035
0.769926, 0.888519, -0.299671, -0.142617
0.769964, 0.088424, 0.850236, 0.064176
0.770969, 0.335883, -0.197653, -0.729293
0.771407, 0.450021, -0.233336, -0.634087
0.771547, 0.019615, 0.860878, 0.014662
0.772428, 0.493486, -0.242375, -0.592363
0.772549, 0.792660, -0.287748, -0.261336
0.772640, 0.668062, -0.271814, -0.406539
0.774656, 0.226560, 0.343243, -0.293414
0.774834, 0.694323, -0.272920, -0.377090
0.774972, 0.293726, -0.175323, -0.757696
0.775349, 0.183764, 0.839276, 0.140270
0.776020, 0.721525, -0.275095, -0.345969
0.776098, 0.932906, -0.295476, -0.086702
0.776977, 0.113100, 0.849196, 0.079684
0.778369, 0.561498, -0.249138, -0.524048
0.779164, 0.839364, -0.284611, -0.204923
0.780894, 0.769386, -0.274942, -0.290026
0.781744, 0.977602, -0.290627, -0.029213
0.781818, 0.584246, -0.249211, -0.500630
0.782501, 0.620985, -0.254033, -0.460819
0.783280, 0.516228, -0.235853, -0.571824
0.783366, 0.140892, 0.837774, 0.088731
0.783798, 0.386449, -0.204791, -0.693867
0.783940, 0.250477, -0.141959, -0.780141
0.784293, 0.000000, 0.870608, 0.000000
0.784435, 0.427425, -0.215491, -0.658359
0.785285, 0.471823, -0.225055, -0.616810
0.785286, 0.909519, -0.282857, -0.117109
0.785788, 0.360582, -0.195165, -0.716044
0.786368, 0.314986, -0.177304, -0.749379
0.786377, 0.069861, 0.865143, 0.048621
0.786728, 0.206525, 0.607485, -0.062617
0.787230, 0.043977, 0.870240, 0.030900
0.789204, 0.744677, -0.262286, -0.320468
0.789341, 0.647085, -0.249859, -0.432682
0.789432, 0.813778, -0.269632, -0.237461
0.791344, 0.882962, -0.273674, -0.151440
0.792201, 0.166019, 0.852268, 0.119240
0.792443, 0.954790, -0.277236, -0.059232
0.792969, 0.273350, -0.152089, -0.776515
0.793283, 0.542201, -0.229847, -0.546660
0.794120, 0.673918, -0.247764, -0.402902
0.794868, 1.000000, -0.275354, 0.000000
0.795028, 0.858972, -0.267406, -0.182117
0.795044, 0.093668, 0.864821, 0.061677
0.795756, 0.338010, -0.179347, -0.736642
0.796853, 0.406941, -0.199008, -0.679987
0.796964, 0.449151, -0.208702, -0.641292
0.797261, 0.700008, -0.247345, -0.373455
0.797768, 0.789005, -0.256870, -0.268442
0.798409, 0.122467, 0.858927, 0.078877
0.798500, 0.021641, 0.879566, 0.014678
0.798757, 0.494442, -0.216028, -0.597358
0.799598, 0.600352, -0.231794, -0.485743
0.800081, 0.722225, -0.246443, -0.347733
0.800257, 0.230229, -0.203357, -0.877164
0.801292, 0.930704, -0.265297, -0.090969
0.802492, 0.570103, -0.224206, -0.518658
0.802824, 0.294751, -0.157314, -0.769717
0.803621, 0.188766, 0.665592, -0.040288
0.804625, 0.834107, -0.253314, -0.214046
0.806001, 0.763821, -0.244271, -0.299719
0.806114, 0.627376, -0.228070, -0.456990
0.806522, 0.382500, -0.184160, -0.704030
0.806523, 0.518344, -0.212054, -0.574403
0.806692, 0.065448, 0.879293, 0.042006
0.808314, 0.976842, -0.259177, -0.030805
0.808395, 0.904492, -0.254909, -0.125383
0.808771, 0.147832, 0.850743, 0.084570
0.810404, 0.253959, -0.146280, -0.808845
0.810661, 0.472656, -0.199847, -0.621195
0.811434, 0.360165, -0.173868, -0.724240
0.811617, 0.000000, 0.888890, 0.000000
0.811660, 0.654938, -0.224968, -0.426561
0.812235, 0.426234, -0.189187, -0.666136
0.812809, 0.316305, -0.159043, -0.759193
0.814012, 0.042388, 0.887554, 0.026725
0.814182, 0.809037, -0.239000, -0.245847
0.814849, 0.878621, -0.244932, -0.159079
0.814862, 0.210602, -0.192626, -0.898516
0.815284, 0.544680, -0.206713, -0.548110
0.815553, 0.739126, -0.229726, -0.329617
0.815685, 0.682838, -0.223403, -0.395134
0.816284, 0.107283, 0.868376, 0.059068
0.817741, 0.952171, -0.246944, -0.063798
0.819498, 0.170617, 0.783877, 0.043896
0.819554, 0.085343, 0.881841, 0.051454
0.820168, 0.338002, -0.160342, -0.744892
0.820552, 1.000000, -0.244799, 0.000000
0.820790, 0.853549, -0.235437, -0.191427
0.820876, 0.448037, -0.185064, -0.647089
0.820976, 0.276914, -0.140766, -0.791112
0.822297, 0.587125, -0.204595, -0.503282
0.822362, 0.710672, -0.218591, -0.363831
0.822416, 0.783953, -0.226357, -0.277243
0.822992, 0.402583, -0.174033, -0.690529
0.823765, 0.129627, 0.891300, 0.094772
0.824830, 0.497307, -0.189431, -0.598935
0.824903, 0.925755, -0.236563, -0.099035
0.825024, 0.611160, -0.204475, -0.477305
0.826094, 0.021510, 0.896832, 0.012922
0.826749, 0.563482, -0.196650, -0.529573
0.826854, 0.233912, -0.117373, -0.817511
0.828261, 0.524378, -0.189717, -0.571149
0.829817, 0.636622, -0.201836, -0.449411
0.830232, 0.828357, -0.221229, -0.223750
0.831052, 0.299649, -0.140657, -0.778167
0.831112, 0.759357, -0.212992, -0.307351
0.831745, 0.377481, -0.160572, -0.715047
0.831922, 0.899185, -0.225852, -0.134223
0.831929, 0.061999, 0.894608, 0.035268
0.832692, 0.192125, -0.222167, -0.962907
0.834045, 0.662559, -0.199633, -0.420451
0.834124, 0.472176, -0.175847, -0.625440
0.834131, 0.973478, -0.228487, -0.036040
0.836412, 0.152052, 0.786167, 0.012161
0.837026, 0.687978, -0.198595, -0.391435
0.837238, 0.256905, -0.119424, -0.807513
0.837990, 0.352971, -0.149482, -0.737665
0.838329, 0.733668, -0.201675, -0.338567
0.838776, 0.872818, -0.214986, -0.168765
0.838828, 0.423140, -0.163023, -0.674742
0.838863, 0.000000, 0.905149, 0.000000
0.839207, 0.803338, -0.207594, -0.255409
0.840048, 0.324684, -0.140837, -0.761728
0.840848, 0.107202, 0.875708, 0.045505
0.841743, 0.946293, -0.217520, -0.072966
0.842078, 0.214317, -0.111724, -0.846236
0.842231, 0.447800, -0.163750, -0.650835
0.842256, 0.042529, 0.903621, 0.022964
0.842882, 0.083867, 0.892685, 0.042629
0.843777, 0.544029, -0.175372, -0.552343
0.844523, 1.000000, -0.216275, 0.000000
0.846086, 0.847162, -0.203374, -0.201945
0.847048, 0.514414, -0.168216, -0.584203
0.847055, 0.595756, -0.177623, -0.496971
0.847125, 0.172256, -0.223177, -0.994842
0.847506, 0.571506, -0.174400, -0.523341
0.847539, 0.711411, -0.188237, -0.365236
0.847553, 0.130549, 0.961076, 0.149466
0.847597, 0.778734, -0.194633, -0.285834
0.848020, 0.396769, -0.149464, -0.700938
0.848417, 0.919385, -0.207293, -0.109257
0.848623, 0.278202, -0.120378, -0.798888
0.850118, 0.619993, -0.176590, -0.470360
0.850690, 0.489351, -0.161065, -0.610561
0.853215, 0.020362, 0.911280, 0.010088
0.854060, 0.238619, -0.103651, -0.826757
0.854091, 0.644077, -0.174241, -0.443536
0.855494, 0.892330, -0.195988, -0.145302
0.855631, 0.753461, -0.182341, -0.316810
0.856078, 0.821706, -0.188336, -0.234566
0.856156, 0.300571, -0.121493, -0.784933
0.856990, 0.371001, -0.136408, -0.726140
0.857528, 0.667487, -0.172255, -0.417016
0.857565, 0.980656, -0.199316, -0.026837
0.859114, 0.066227, 0.907219, 0.031972
0.859874, 0.689804, -0.171290, -0.391212
0.859968, 0.464971, -0.148164, -0.636598
0.860689, 0.346178, -0.128347, -0.748419
0.861504, 0.195317, -0.065960, -0.837879
0.861896, 0.959903, -0.193683, -0.055677
0.862806, 0.438413, -0.141716, -0.663574
0.862916, 0.322249, -0.121289, -0.769058
0.862966, 0.865872, -0.183936, -0.179984
0.864377, 0.147441, 0.004168, -0.799657
0.864471, 0.729696, -0.169234, -0.345370
0.864509, 0.413805, -0.136414, -0.687718
0.864580, 0.093832, 0.889714, 0.030077
0.864968, 0.797434, -0.174719, -0.264877
0.865229, 0.531824, -0.150389, -0.567834
0.865914, 0.259125, -0.103056, -0.818257
0.866600, 0.000000, 0.919880, 0.000000
0.866834, 0.118591, 0.933554, 0.101930
0.866874, 0.219613, -0.084653, -0.838469
0.867324, 0.936365, -0.185359, -0.088157
0.867474, 0.041358, 0.916084, 0.018747
0.867733, 0.556622, -0.150157, -0.541633
0.869653, 0.171183, -0.032822, -0.831925
0.869847, 0.505383, -0.142563, -0.596311
0.870388, 0.582466, -0.149592, -0.513671
0.871115, 0.840075, -0.171090, -0.213312
0.871867, 1.000000, -0.181932, 0.000000
0.872011, 0.607045, -0.149941, -0.486677
0.872275, 0.910855, -0.176702, -0.122720
0.872382, 0.772510, -0.163191, -0.295561
0.873394, 0.387131, -0.123822, -0.714449
0.874619, 0.706767, -0.154859, -0.372851
0.875570, 0.631487, -0.147817, -0.459467
0.876260, 0.283885, -0.102090, -0.803274
0.877332, 0.481704, -0.131984, -0.621785
0.879282, 0.655818, -0.145318, -0.432031
0.879548, 0.884337, -0.164659, -0.158020
0.880910, 0.021089, 0.921340, 0.006142
0.881398, 0.747255, -0.149784, -0.326096
0.881892, 0.680464, -0.144030, -0.403861
0.882469, 0.060230, 0.919952, 0.025726
0.882967, 0.815058, -0.153521, -0.245014
0.882987, 0.360944, -0.110849, -0.739942
0.883180, 0.307216, -0.101425, -0.786260
0.883539, 0.333932, -0.105940, -0.763751
0.883993, 0.238088, -0.085076, -0.837904
0.884034, 0.977782, -0.166812, -0.031831
0.884157, 0.456123, -0.122046, -0.648720
0.885001, 0.082100, 0.938886, 0.057086
0.885247, 0.431919, -0.118213, -0.672879
0.887079, 0.209330, -0.076904, -0.858765
0.887473, 0.132363, -0.116674, -0.956140
0.887603, 0.858522, -0.151733, -0.191787
0.888133, 0.954370, -0.160738, -0.065116
0.888175, 0.521636, -0.124194, -0.580869
0.888351, 0.184911, -0.069446, -0.873528
0.888418, 0.405685, -0.111854, -0.698906
0.889039, 0.106301, 0.647405, -0.205988
0.889714, 0.157158, -0.070560, -0.899162
0.890326, 0.543765, -0.123668, -0.557231
0.890488, 0.264572, -0.086753, -0.821088
0.890648, 0.790837, -0.141691, -0.275056
0.890935, 0.723035, -0.136153, -0.355311
0.891632, 0.929136, -0.153924, -0.100195
0.891726, 0.568251, -0.124083, -0.530937
0.893826, 0.000000, 0.931298, 0.000000
0.894111, 0.593780, -0.123295, -0.503126
0.895467, 0.499512, -0.114303, -0.605197
0.895565, 0.903227, -0.145924, -0.135116
0.896084, 0.041746, 0.935148, 0.021458
0.896337, 0.834098, -0.138009, -0.222843
0.896757, 0.765312, -0.131928, -0.305837
0.896793, 0.619074, -0.121988, -0.475162
0.897790, 1.000000, -0.150431, 0.000000
0.898903, 0.381166, -0.098654, -0.723571
0.899014, 0.698146, -0.124507, -0.384773
0.900454, 0.644516, -0.119353, -0.446615
0.902063, 0.473917, -0.104995, -0.632438
0.902909, 0.670370, -0.118037, -0.417159
0.903950, 0.341863, -0.088924, -0.759957
0.904060, 0.291744, -0.081409, -0.802849
0.904074, 0.876980, -0.132089, -0.169999
0.906065, 0.423823, -0.096252, -0.683094
0.906076, 0.317278, -0.083610, -0.782017
0.907194, 0.739174, -0.117090, -0.337561
0.907446, 0.066320, 0.964603, 0.061048
0.908009, 0.221724, -0.064472, -0.855239
0.908303, 0.021864, 0.923697, -0.001235
0.909223, 0.245729, -0.068946, -0.839200
0.909335, 0.973592, -0.135621, -0.039339
0.909413, 0.447981, -0.095022, -0.659191
0.910210, 0.807475, -0.118024, -0.256641
0.910561, 0.090366, 0.377829, -0.502120
0.910840, 0.195801, -0.056172, -0.871725
0.910909, 0.169632, -0.048620, -0.885591
0.910921, 0.116991, -0.119069, -0.993217
0.911351, 0.142672, -0.047611, -0.906140
0.911796, 0.360885, -0.084052, -0.743622
0.912046, 0.946278, -0.129428, -0.078799
0.912115, 0.523603, -0.097921, -0.580875
0.913175, 0.551014, -0.098611, -0.551791
0.913241, 0.270300, -0.070448, -0.821408
0.913877, 0.855342, -0.116956, -0.197887
0.914007, 0.400595, -0.086034, -0.706710
0.914859, 0.577971, -0.098372, -0.522344
0.915080, 0.919639, -0.122111, -0.115488
0.915313, 0.781829, -0.109515, -0.287332
0.917032, 0.715786, -0.103450, -0.365566
0.917211, 0.496031, -0.090421, -0.610206
0.917496, 0.604723, -0.096861, -0.492705
0.918514, 0.830382, -0.108757, -0.228949
0.918611, 0.893746, -0.114373, -0.149825
0.920265, 0.756363, -0.101643, -0.317898
0.920448, 0.000000, 0.934519, 0.000000
0.920546, 0.631409, -0.094717, -0.462812
0.920907, 0.687902, -0.097170, -0.398059
0.921940, 0.046361, 1.030117, 0.105275
0.922011, 1.000000, -0.120329, 0.000000
0.923236, 0.658908, -0.092897, -0.431583
0.925736, 0.468729, -0.079450, -0.639518
0.927830, 0.379135, -0.070580, -0.728407
0.927843, 0.334684, -0.066463, -0.769509
0.927921, 0.425028, -0.074098, -0.683568
0.928945, 0.309093, -0.062793, -0.792170
0.932005, 0.285569, -0.057465, -0.811974
0.932291, 0.233166, -0.050239, -0.852395
0.932341, 0.208019, -0.045970, -0.869385
0.932477, 0.072390, 0.273462, -0.631591
0.932700, 0.100562, -0.063228, -0.963553
0.933226, 0.873172, -0.092895, -0.177619
0.933246, 0.154824, -0.032325, -0.897574
0.933281, 0.181426, -0.039995, -0.885426
0.933411, 0.022728, 0.968378, 0.047563
0.933481, 0.127808, -0.022214, -0.906581
0.933553, 0.956619, -0.102042, -0.066386
0.933604, 0.980178, -0.103795, -0.031011
0.934123, 0.258339, -0.052461, -0.833992
0.934556, 0.537186, -0.073716, -0.567670
0.935090, 0.734472, -0.081932, -0.344934
0.935468, 0.930351, -0.095948, -0.103537
0.935548, 0.791774, -0.084102, -0.276808
0.935701, 0.563524, -0.073685, -0.539109
0.935912, 0.512082, -0.070914, -0.594404
0.936293, 0.447862, -0.066959, -0.661341
0.936688, 0.816512, -0.084160, -0.247433
0.936868, 0.356155, -0.059989, -0.750894
0.937369, 0.845737, -0.084980, -0.211579
0.937685, 0.590212, -0.072597, -0.509753
0.937850, 0.902968, -0.089269, -0.139949
0.938551, 0.400596, -0.061651, -0.708611
0.938848, 0.705363, -0.075924, -0.378747
0.939062, 0.764726, -0.078176, -0.309056
0.939508, 0.486467, -0.065680, -0.621638
0.940187, 0.617352, -0.070795, -0.479497
0.941165, 0.675767, -0.071875, -0.412883
0.942137, 0.645520, -0.069569, -0.447652
0.946293, 0.045905, 0.728500, -0.199609
0.946582, 0.000000, 0.997616, 0.000000
0.949551, 1.000000, -0.082340, 0.000000
0.951394, 0.423620, -0.050019, -0.686731
0.951973, 0.325992, -0.043799, -0.779949
0.953980, 0.300131, -0.040160, -0.802405
0.954741, 0.377736, -0.044314, -0.731976
0.954906, 0.088508, -0.058867, -0.978199
0.955130, 0.273578, -0.037136, -0.824427
0.955227, 0.467551, -0.047914, -0.642203
0.955228, 0.194200, -0.029250, -0.882147
0.955300, 0.220408, -0.032134, -0.864663
0.955341, 0.114396, -0.018053, -0.923593
0.955571, 0.167527, -0.025753, -0.898206
0.955571, 0.140972, -0.021933, -0.911835
0.955658, 0.886034, -0.063213, -0.163497
0.955943, 0.246452, -0.034206, -0.845761
0.956012, 0.943411, -0.068450, -0.088067
0.956452, 0.971737, -0.071625, -0.046507
0.956623, 0.859363, -0.059982, -0.196463
0.956934, 0.747424, -0.054850, -0.330612
0.956988, 0.548911, -0.048881, -0.555979
0.957176, 0.064713, -0.031491, -0.959260
0.957292, 0.915272, -0.063310, -0.126053
0.957315, 0.830790, -0.057558, -0.231317
0.957618, 0.720106, -0.053113, -0.362470
0.957643, 0.522564, -0.047280, -0.584395
0.957940, 0.350625, -0.039736, -0.757436
0.958128, 0.575806, -0.048401, -0.526497
0.958361, 0.803122, -0.054987, -0.264600
0.958502, 0.776498, -0.053761, -0.296137
0.958607, 0.024143, 0.950261, 0.050397
0.959266, 0.496220, -0.044590, -0.612414
0.959511, 0.691224, -0.049928, -0.395888
0.959886, 0.603261, -0.047133, -0.495989
0.960225, 0.661484, -0.048254, -0.429981
0.960819, 0.443322, -0.041067, -0.667274
0.961131, 0.631646, -0.046407, -0.464028
0.962125, 0.402653, -0.038148, -0.707980
0.972154, 0.000000, 1.229565, 0.000000
0.974027, 1.000000, -0.046771, 0.000000
0.975577, 0.045739, -0.120562, -1.050858
0.976275, 0.313130, -0.021185, -0.792268
0.977286, 0.951897, -0.037115, -0.078264
0.977296, 0.287025, -0.019339, -0.814685
0.977382, 0.898160, -0.033135, -0.149827
0.977668, 0.099873, -0.001739, -0.926117
0.977678, 0.260395, -0.017950, -0.836373
0.977704, 0.180316, -0.013608, -0.892809
0.977706, 0.206890, -0.015299, -0.875808
0.977799, 0.126689, -0.008251, -0.919607
0.977847, 0.925588, -0.034062, -0.114483
0.977862, 0.153530, -0.011402, -0.907744
0.977899, 0.479043, -0.023912, -0.631383
0.977944, 0.366137, -0.021297, -0.743875
0.977950, 0.338238, -0.020521, -0.769841
0.977998, 0.233469, -0.016498, -0.857006
0.978068, 0.844097, -0.030041, -0.216231
0.978072, 0.871316, -0.030942, -0.183129
0.978409, 0.977288, -0.037665, -0.039365
0.978412, 0.760515, -0.027751, -0.315826
0.978698, 0.422802, -0.021911, -0.688701
0.978774, 0.732986, -0.026835, -0.348096
0.978863, 0.534687, -0.023809, -0.571956
0.978881, 0.561714, -0.024214, -0.542503
0.978882, 0.816544, -0.028233, -0.249275
0.979077, 0.073189, -0.015084, -0.948668
0.979162, 0.705106, -0.025916, -0.380466
0.979586, 0.676259, -0.024986, -0.413663
0.979630, 0.788570, -0.026670, -0.282583
0.979705, 0.589304, -0.023665, -0.511971
0.979773, 0.507321, -0.022342, -0.601347
0.979952, 0.647194, -0.024145, -0.446779
0.980192, 0.452276, -0.020922, -0.658828
0.980223, 0.392586, -0.019770, -0.718677
0.980489, 0.617849, -0.023128, -0.479977
0.982486, 0.020013, 0.316690, -0.666225
1.000000, 0.000000, 0.000000, 0.000000
1.000000, 0.030936, 0.000000, -1.028986
1.000000, 0.057655, 0.000000, -0.925842
1.000000, 0.085657, 0.000000, -0.929141
1.000000, 0.112697, 0.000000, -0.927177
1.000000, 0.139670, 0.000000, -0.916122
1.000000, 0.166581, 0.000000, -0.901891
1.000000, 0.193337, 0.000000, -0.885558
1.000000, 0.220045, 0.000000, -0.867373
1.000000, 0.246890, 0.000000, -0.847440
1.000000, 0.273566, 0.000000, -0.826317
1.000000, 0.300022, 0.000000, -0.804188
1.000000, 0.325974, 0.000000, -0.781586
1.000000, 0.352860, 0.000000, -0.756865
1.000000, 0.379982, 0.000000, -0.731317
1.000000, 0.408530, 0.000000, -0.703042
1.000000, 0.436563, 0.000000, -0.675287
1.000000, 0.465138, 0.000000, -0.645701
1.000000, 0.492364, 0.000000, -0.617556
1.000000, 0.520472, 0.000000, -0.587324
1.000000, 0.548014, 0.000000, -0.557646
1.000000, 0.575635, 0.000000, -0.527364
1.000000, 0.603888, 0.000000, -0.495845
1.000000, 0.632815, 0.000000, -0.463189
1.000000, 0.661550, 0.000000, -0.430658
1.000000, 0.690101, 0.000000, -0.397973
1.000000, 0.718336, 0.000000, -0.365341
1.000000, 0.746211, 0.000000, -0.332847
1.000000, 0.773780, 0.000000, -0.300493
1.000000, 0.801847, 0.000000, -0.267017
1.000000, 0.829313, 0.000000, -0.234354
1.000000, 0.856088, 0.000000, -0.202257
1.000000, 0.882475, 0.000000, -0.170048
1.000000, 0.907977, 0.000000, -0.138292
1.000000, 0.932670, 0.000000, -0.106002
1.000000, 0.955843, 0.000000, -0.073511
1.000000, 0.978099, 0.000000, -0.038129
1.000000, 1.000000, 0.000000, 0.000000
