0.000000, 0.000000, 0.000000, 0.000000
0.000000, 0.029021, 0.000000, 0.083393
0.000000, 0.056003, 0.000000, 0.149030
0.000000, 0.082472, 0.000000, 0.211107
0.000000, 0.109014, 0.000000, 0.272262
0.000000, 0.136105, 0.000000, 0.333378
0.000000, 0.164611, 0.000000, 0.396740
0.000000, 0.194376, 0.000000, 0.463152
0.000000, 0.222208, 0.000000, 0.520654
0.000000, 0.251923, 0.000000, 0.580827
0.000000, 0.281839, 0.000000, 0.639309
0.000000, 0.310797, 0.000000, 0.693654
0.000000, 0.337786, 0.000000, 0.739965
0.000000, 0.365748, 0.000000, 0.785456
0.000000, 0.393541, 0.000000, 0.826113
0.000000, 0.422563, 0.000000, 0.865794
0.000000, 0.450038, 0.000000, 0.898549
0.000000, 0.477148, 0.000000, 0.926395
0.000000, 0.504111, 0.000000, 0.949264
0.000000, 0.531347, 0.000000, 0.967237
0.000000, 0.558609, 0.000000, 0.979616
0.000000, 0.584626, 0.000000, 0.985470
0.000000, 0.610989, 0.000000, 0.985384
0.000000, 0.636910, 0.000000, 0.978638
0.000000, 0.662307, 0.000000, 0.965698
0.000000, 0.688824, 0.000000, 0.944713
0.000000, 0.715827, 0.000000, 0.914987
0.000000, 0.742847, 0.000000, 0.876107
0.000000, 0.769486, 0.000000, 0.828672
0.000000, 0.795477, 0.000000, 0.773402
0.000000, 0.820995, 0.000000, 0.710562
0.000000, 0.846479, 0.000000, 0.639221
0.000000, 0.872229, 0.000000, 0.558045
0.000000, 0.898064, 0.000000, 0.467611
0.000000, 0.923541, 0.000000, 0.370489
0.000000, 0.948427, 0.000000, 0.269374
0.000000, 0.973004, 0.000000, 0.166258
0.000000, 1.000000, 0.000000, 0.000000
0.018189, 0.178444, 0.040802, 0.427321
0.018281, 0.267328, 0.036116, 0.610558
0.018734, 0.236793, 0.038890, 0.549958
0.018896, 0.409359, 0.025812, 0.847181
0.019293, 0.984915, -0.119260, 0.092955
0.019452, 0.297296, 0.036334, 0.667763
0.019654, 0.019337, 0.056161, 0.055150
0.019874, 0.149502, 0.046179, 0.363400
0.020665, 0.544990, 0.009250, 0.972346
0.020922, 0.517765, 0.013799, 0.957276
0.021053, 0.350280, 0.034433, 0.759536
0.021135, 0.436918, 0.025366, 0.881854
0.021183, 0.729813, -0.030547, 0.892969
0.021238, 0.702259, -0.023567, 0.928163
0.021523, 0.463839, 0.022221, 0.911643
0.021614, 0.490545, 0.018419, 0.936664
0.021764, 0.379852, 0.032764, 0.805288
0.021802, 0.756596, -0.039185, 0.849562
0.021824, 0.597310, -0.000152, 0.984029
0.021913, 0.674763, -0.017502, 0.954017
0.022110, 0.121583, 0.052953, 0.300512
0.022149, 0.208174, 0.047922, 0.491595
0.022371, 0.885957, -0.082930, 0.507053
0.022583, 0.624419, -0.005894, 0.980206
0.022661, 0.912242, -0.093840, 0.410377
0.022725, 0.572255, 0.005095, 0.981135
0.022739, 0.044448, 0.060959, 0.119688
0.022768, 0.859830, -0.075028, 0.594136
0.022816, 0.783577, -0.049310, 0.796240
0.022823, 0.324628, 0.040068, 0.716784
0.023006, 0.095475, 0.056843, 0.240613
0.023281, 0.069970, 0.059615, 0.181011
0.023377, 0.937588, -0.107859, 0.308859
0.023454, 0.834113, -0.068104, 0.670798
0.023533, 0.808963, -0.059467, 0.737330
0.023741, 0.648317, -0.012328, 0.970720
0.023811, 0.961293, -0.123379, 0.205203
0.027795, 0.000000, 0.080627, 0.000000
0.032728, 1.000000, -0.193350, 0.000000
0.036759, 0.253549, 0.074251, 0.582023
0.037405, 0.282760, 0.071768, 0.638819
0.038200, 0.186654, 0.084742, 0.442962
0.038341, 0.400010, 0.053595, 0.831487
0.039483, 0.361481, 0.062735, 0.774569
0.040004, 0.161515, 0.091432, 0.387892
0.041235, 0.227539, 0.086775, 0.529648
0.041866, 0.557627, 0.014155, 0.971856
0.041888, 0.135269, 0.098616, 0.329608
0.041922, 0.716834, -0.053900, 0.902399
0.041932, 0.610503, -0.005739, 0.976754
0.042067, 0.531238, 0.023161, 0.960383
0.042143, 0.425026, 0.053082, 0.863984
0.042220, 0.688823, -0.040259, 0.934206
0.042281, 0.504629, 0.031647, 0.943398
0.042649, 0.309370, 0.077335, 0.687016
0.043108, 0.026966, 0.115796, 0.072340
0.043299, 0.451109, 0.047795, 0.894201
0.043413, 0.770163, -0.086240, 0.814158
0.043564, 0.743133, -0.070800, 0.862983
0.043582, 0.477199, 0.040753, 0.920284
0.044124, 0.660426, -0.028323, 0.956220
0.044142, 0.900916, -0.173993, 0.441139
0.044823, 0.874262, -0.157699, 0.535289
0.045194, 0.928399, -0.198537, 0.332991
0.045648, 0.978298, -0.238064, 0.108364
0.045654, 0.054995, 0.117567, 0.142159
0.045720, 0.107484, 0.110776, 0.266011
0.045957, 0.848114, -0.143201, 0.618013
0.046430, 0.585445, 0.004524, 0.976044
0.046816, 0.081883, 0.116723, 0.206413
0.046856, 0.797383, -0.110865, 0.753256
0.047154, 0.335929, 0.080226, 0.731742
0.047368, 0.954749, -0.229014, 0.217970
0.047404, 0.822351, -0.129506, 0.690281
0.049148, 0.633976, -0.018196, 0.967475
0.049440, 0.204381, 0.107320, 0.480117
0.050685, 0.382642, 0.075356, 0.804064
0.051706, 0.000000, 0.137315, 0.000000
0.056084, 0.268467, 0.110185, 0.607839
0.059642, 1.000000, -0.303591, 0.000000
0.061108, 0.176389, 0.136887, 0.417749
0.061181, 0.245439, 0.124901, 0.561814
0.062059, 0.291743, 0.116599, 0.651065
0.062131, 0.409234, 0.083516, 0.837893
0.062153, 0.704678, -0.071496, 0.904417
0.062621, 0.676033, -0.051206, 0.933466
0.062828, 0.357928, 0.100486, 0.763108
0.063155, 0.566832, 0.016136, 0.964462
0.063188, 0.150920, 0.145759, 0.362020
0.063369, 0.491674, 0.052959, 0.925172
0.063456, 0.124141, 0.150306, 0.301401
0.063850, 0.607850, -0.007560, 0.965877
0.064253, 0.517996, 0.041618, 0.943511
0.064449, 0.542662, 0.029495, 0.956184
0.064835, 0.436996, 0.076710, 0.870992
0.065005, 0.916045, -0.270017, 0.365302
0.065082, 0.756590, -0.117939, 0.823766
0.065652, 0.729700, -0.096169, 0.868132
0.065684, 0.782337, -0.142278, 0.771812
0.065933, 0.463256, 0.067212, 0.898434
0.066168, 0.020295, 0.171238, 0.052135
0.066303, 0.889203, -0.248215, 0.464813
0.066808, 0.316489, 0.118895, 0.694473
0.066952, 0.221048, 0.141661, 0.511630
0.067097, 0.945212, -0.305589, 0.243427
0.067411, 0.043396, 0.172586, 0.110187
0.067822, 0.863042, -0.226651, 0.552277
0.068497, 0.650547, -0.037286, 0.947306
0.069047, 0.069167, 0.172674, 0.172963
0.069561, 0.837080, -0.205323, 0.629734
0.070399, 0.974915, -0.340388, 0.111267
0.070706, 0.095641, 0.171802, 0.234487
0.071761, 0.811158, -0.184722, 0.697588
0.072791, 0.195719, 0.159124, 0.457343
0.073150, 0.382082, 0.108271, 0.795756
0.074854, 0.585490, 0.006358, 0.959931
0.075997, 0.338155, 0.128131, 0.727988
0.077068, 0.627354, -0.024056, 0.951679
0.078350, 0.000000, 0.201839, 0.000000
0.079247, 0.268443, 0.155095, 0.602859
0.080655, 0.692213, -0.081813, 0.902725
0.083434, 0.480335, 0.075527, 0.905715
0.084089, 0.240144, 0.172396, 0.546292
0.084248, 0.402840, 0.115167, 0.819798
0.084316, 0.116180, 0.200393, 0.279892
0.085003, 0.929408, -0.363756, 0.291583
0.085197, 0.167845, 0.192024, 0.394840
0.085231, 0.141670, 0.197837, 0.337800
0.085237, 0.295351, 0.158181, 0.650816
0.085256, 1.000000, -0.403554, 0.000000
0.085453, 0.507308, 0.061000, 0.924914
0.085658, 0.426167, 0.105826, 0.849059
0.086042, 0.791631, -0.197746, 0.729513
0.086299, 0.558616, 0.026736, 0.947864
0.086780, 0.743334, -0.143004, 0.825719
0.087220, 0.668316, -0.064881, 0.919246
0.087519, 0.533456, 0.044969, 0.938150
0.087707, 0.903879, -0.344990, 0.386791
0.087801, 0.958216, -0.399082, 0.172043
0.088073, 0.715702, -0.114697, 0.866595
0.088291, 0.361273, 0.139003, 0.759642
0.089060, 0.451182, 0.096777, 0.875124
0.089299, 0.766739, -0.175221, 0.779686
0.089659, 0.878833, -0.320092, 0.473882
0.090262, 0.026085, 0.228059, 0.064777
0.090291, 0.603964, -0.008599, 0.946841
0.091002, 0.052791, 0.226928, 0.129969
0.091324, 0.215954, 0.193836, 0.495700
0.091484, 0.853920, -0.292770, 0.553128
0.092624, 0.079184, 0.226446, 0.192660
0.093492, 0.318899, 0.164406, 0.688883
0.093687, 0.829323, -0.265907, 0.623064
0.094440, 0.190778, 0.206949, 0.442034
0.095224, 0.645736, -0.048512, 0.926910
0.098998, 0.979956, -0.452155, 0.079252
0.099553, 0.577985, 0.013314, 0.940176
0.099717, 0.383591, 0.145530, 0.786612
0.100205, 0.254105, 0.200238, 0.568698
0.100937, 0.101106, 0.241708, 0.242072
0.101784, 0.807777, -0.257919, 0.669245
0.102186, 0.000000, 0.255452, 0.000000
0.102939, 0.690997, -0.105048, 0.879740
0.103137, 0.470945, 0.097874, 0.884975
0.103346, 0.341842, 0.171101, 0.722346
0.103482, 0.278518, 0.197894, 0.613985
0.104642, 0.942015, -0.450443, 0.222902
0.104760, 0.623694, -0.030893, 0.927723
0.105945, 0.496374, 0.081731, 0.903253
0.106334, 0.733476, -0.163539, 0.817445
0.107110, 0.127287, 0.250589, 0.300781
0.107576, 0.408672, 0.142085, 0.815370
0.107918, 0.152880, 0.246297, 0.357538
0.108476, 0.522705, 0.062355, 0.916972
0.109381, 0.918435, -0.442977, 0.306039
0.109556, 0.781986, -0.238476, 0.719571
0.109949, 0.432631, 0.130044, 0.842303
0.110044, 0.550254, 0.039381, 0.926246
0.111218, 0.231120, 0.229768, 0.519565
0.111936, 0.301134, 0.203962, 0.651157
0.111937, 0.894895, -0.420623, 0.386945
0.112044, 0.667361, -0.085231, 0.891790
0.112213, 0.176882, 0.249087, 0.407814
0.113718, 0.870985, -0.390707, 0.465436
0.113750, 1.000000, -0.509757, 0.000000
0.114168, 0.041166, 0.282000, 0.099002
0.114243, 0.756364, -0.209972, 0.765409
0.114591, 0.066130, 0.279512, 0.158183
0.114752, 0.019568, 0.284214, 0.047252
0.114869, 0.205076, 0.246256, 0.466460
0.115000, 0.599703, -0.008651, 0.923480
0.115051, 0.364628, 0.177573, 0.751121
0.115169, 0.711023, -0.145844, 0.839083
0.115887, 0.847067, -0.358887, 0.537570
0.116363, 0.961905, -0.507417, 0.139870
0.118244, 0.454013, 0.124081, 0.858444
0.120696, 0.323939, 0.208089, 0.685478
0.121138, 0.824318, -0.336207, 0.594507
0.121320, 0.644923, -0.064287, 0.897020
0.121363, 0.088597, 0.291236, 0.209527
0.121810, 0.258654, 0.240102, 0.569301
0.122916, 0.575286, 0.017082, 0.916813
0.124460, 0.389249, 0.175959, 0.779786
0.126015, 0.479781, 0.110055, 0.874414
0.126935, 0.112600, 0.298722, 0.263017
0.127419, 0.800214, -0.310813, 0.646979
0.127969, 0.688095, -0.129092, 0.849040
0.128623, 0.937858, -0.531349, 0.215853
0.128893, 0.505329, 0.089086, 0.889056
0.129048, 0.980522, -0.558764, 0.067873
0.129259, 0.000000, 0.318993, 0.000000
0.129632, 0.281273, 0.244562, 0.607476
0.130009, 0.732648, -0.201218, 0.782923
0.130339, 0.622313, -0.040397, 0.897722
0.130460, 0.138032, 0.300103, 0.318852
0.130920, 0.346487, 0.211887, 0.715306
0.131275, 0.530757, 0.065245, 0.898834
0.131453, 0.414123, 0.167356, 0.805980
0.132835, 0.162678, 0.297936, 0.371582
0.133330, 0.775470, -0.280473, 0.694343
0.133821, 0.913635, -0.520840, 0.292373
0.134123, 0.238932, 0.272360, 0.526261
0.134215, 0.189175, 0.291818, 0.426489
0.135111, 0.553930, 0.041858, 0.901006
0.135848, 0.889483, -0.492563, 0.369488
0.136232, 0.216628, 0.285658, 0.481617
0.136239, 0.051190, 0.330323, 0.120058
0.136873, 0.436869, 0.155742, 0.826614
0.137908, 0.865374, -0.458959, 0.442814
0.138029, 0.304760, 0.247242, 0.644051
0.138058, 0.665693, -0.106025, 0.856920
0.139276, 0.599672, -0.014107, 0.893885
0.139360, 0.023814, 0.340758, 0.055914
0.140847, 0.370509, 0.210817, 0.743654
0.141233, 0.709119, -0.179427, 0.800399
0.141711, 0.841753, -0.426851, 0.507114
0.141833, 0.752422, -0.256601, 0.726361
0.142091, 0.074626, 0.340249, 0.173396
0.142478, 1.000000, -0.605538, 0.000000
0.143226, 0.461362, 0.140438, 0.843975
0.143248, 0.957777, -0.593530, 0.137189
0.146795, 0.817700, -0.394217, 0.564669
0.147203, 0.259793, 0.287542, 0.559876
0.147362, 0.578257, 0.012779, 0.886777
0.147385, 0.643264, -0.079459, 0.860962
0.147559, 0.327733, 0.249246, 0.675749
0.147866, 0.098596, 0.348629, 0.226724
0.149061, 0.487043, 0.119668, 0.857491
0.149406, 0.395309, 0.203483, 0.769606
0.152054, 0.123487, 0.351527, 0.280839
0.152146, 0.512346, 0.094115, 0.868217
0.153058, 0.794155, -0.362563, 0.612414
0.153157, 0.933408, -0.604809, 0.206178
0.153806, 0.686809, -0.157404, 0.807833
0.154374, 0.000000, 0.374855, 0.000000
0.154565, 0.284341, 0.287501, 0.599844
0.154592, 0.148773, 0.349184, 0.334831
0.154916, 0.203442, 0.328613, 0.447383
0.155045, 0.175062, 0.340641, 0.389950
0.155486, 0.728855, -0.236859, 0.743381
0.156231, 0.620802, -0.050261, 0.861113
0.156663, 0.977459, -0.644201, 0.069015
0.156822, 0.535408, 0.068598, 0.870760
0.156903, 0.040269, 0.378270, 0.092543
0.157089, 0.351505, 0.247371, 0.704936
0.157297, 0.419433, 0.192040, 0.790607
0.157862, 0.907760, -0.588181, 0.279312
0.158213, 0.234305, 0.320941, 0.506334
0.158701, 0.771257, -0.328101, 0.653917
0.159409, 0.557252, 0.040532, 0.870581
0.159795, 0.883527, -0.556781, 0.349557
0.161802, 0.443399, 0.173763, 0.809987
0.162704, 0.859238, -0.522017, 0.415549
0.163799, 0.062289, 0.390922, 0.141719
0.164030, 0.307781, 0.288815, 0.633206
0.164039, 0.664131, -0.128504, 0.814603
0.165368, 0.598345, -0.019387, 0.856452
0.166162, 0.376264, 0.240268, 0.731538
0.166794, 0.834148, -0.482855, 0.478269
0.167355, 0.469039, 0.151297, 0.825060
0.168037, 0.020230, 0.404434, 0.046127
0.168453, 0.707116, -0.214724, 0.752356
0.168707, 0.747832, -0.299340, 0.681409
0.169114, 0.084688, 0.398243, 0.190808
0.169357, 1.000000, -0.683761, 0.000000
0.169743, 0.262462, 0.327065, 0.552124
0.169941, 0.953452, -0.668948, 0.132400
0.171976, 0.496101, 0.122167, 0.836286
0.173134, 0.810865, -0.449051, 0.526667
0.173351, 0.331656, 0.286230, 0.663587
0.173410, 0.575564, 0.013754, 0.849526
0.173457, 0.108841, 0.402028, 0.242920
0.173461, 0.641540, -0.096547, 0.817867
0.173762, 0.215554, 0.360174, 0.462382
0.174938, 0.401037, 0.228583, 0.753567
0.175051, 0.187624, 0.376294, 0.407193
0.176626, 0.134592, 0.400762, 0.297206
0.176642, 0.926067, -0.664237, 0.203369
0.177243, 0.160210, 0.392524, 0.350571
0.177436, 0.521517, 0.091374, 0.839328
0.179718, 0.286545, 0.328985, 0.587281
0.179840, 0.788246, -0.414102, 0.567554
0.180105, 0.684417, -0.184931, 0.760076
0.181667, 0.000000, 0.435510, 0.000000
0.181678, 0.243509, 0.359975, 0.510720
0.182138, 0.618750, -0.061828, 0.818088
0.182157, 0.043438, 0.433968, 0.097077
0.182172, 0.979942, -0.715874, 0.053226
0.182258, 0.356618, 0.278397, 0.691658
0.182281, 0.548326, 0.054810, 0.837267
0.182675, 0.900313, -0.647703, 0.265972
0.182893, 0.727404, -0.280679, 0.688140
0.183020, 0.425690, 0.211821, 0.770990
0.183489, 0.766221, -0.371019, 0.609561
0.183900, 0.876784, -0.612982, 0.327945
0.185307, 0.449808, 0.186802, 0.789423
0.186121, 0.849728, -0.567911, 0.395913
0.189310, 0.310611, 0.326774, 0.618869
0.189687, 0.477985, 0.154901, 0.803439
0.190365, 0.661570, -0.150226, 0.765860
0.190562, 0.067297, 0.448497, 0.148384
0.191208, 0.595562, -0.025154, 0.813422
0.191307, 0.381890, 0.266140, 0.715177
0.193470, 0.825474, -0.534843, 0.442954
0.193547, 0.962368, -0.737171, 0.094427
0.194325, 0.091229, 0.450884, 0.199253
0.194703, 0.225487, 0.394465, 0.469751
0.194936, 0.022423, 0.462977, 0.049419
0.195258, 0.704732, -0.249950, 0.697700
0.195313, 0.200241, 0.409743, 0.421815
0.195507, 0.940119, -0.726257, 0.148009
0.195605, 0.571597, 0.015880, 0.813114
0.195925, 0.266223, 0.370592, 0.541820
0.196113, 0.502994, 0.123619, 0.806404
0.196920, 0.118756, 0.448554, 0.257105
0.196959, 0.173813, 0.426224, 0.369488
0.197499, 0.747958, -0.355994, 0.614583
0.197581, 1.000000, -0.758199, 0.000000
0.197957, 0.336002, 0.318248, 0.649025
0.199565, 0.637914, -0.110744, 0.769893
0.199983, 0.801083, -0.493327, 0.488399
0.200053, 0.530875, 0.082297, 0.807296
0.200299, 0.407200, 0.249012, 0.733384
0.200491, 0.146052, 0.445206, 0.311909
0.202061, 0.915417, -0.716739, 0.202076
0.204291, 0.866341, -0.646274, 0.318439
0.205201, 0.289189, 0.368691, 0.572595
0.205207, 0.459213, 0.189558, 0.770753
0.205883, 0.774188, -0.439820, 0.536554
0.206548, 0.682484, -0.215182, 0.704140
0.206908, 0.361353, 0.305852, 0.674075
0.207343, 0.046642, 0.487605, 0.100945
0.207681, 0.613008, -0.066548, 0.772310
0.207790, 0.000000, 0.491549, 0.000000
0.208785, 0.433013, 0.226227, 0.746729
0.208991, 0.555754, 0.041379, 0.792247
0.209016, 0.725261, -0.321878, 0.629326
0.209391, 0.246164, 0.408023, 0.497986
0.209501, 0.891465, -0.701785, 0.248711
0.212096, 0.981279, -0.789380, 0.041386
0.212152, 0.843172, -0.619910, 0.358545
0.213462, 0.315322, 0.359077, 0.605316
0.214727, 0.483350, 0.160319, 0.770615
0.215630, 0.219354, 0.436633, 0.445765
0.215723, 0.099156, 0.492648, 0.210150
0.215910, 0.659060, -0.172901, 0.712006
0.216037, 0.585932, -0.017477, 0.770291
0.216175, 0.385836, 0.289998, 0.692486
0.216777, 0.071238, 0.502305, 0.151529
0.216952, 0.512787, 0.114674, 0.776589
0.217278, 0.958919, -0.790579, 0.088701
0.217573, 0.193445, 0.455877, 0.396787
0.218870, 0.168444, 0.471193, 0.348080
0.219663, 0.819353, -0.584624, 0.397303
0.219994, 0.934028, -0.776936, 0.140340
0.220359, 0.023394, 0.516574, 0.049764
0.220545, 0.124631, 0.494042, 0.260710
0.221596, 0.748163, -0.405414, 0.551328
0.222433, 0.341017, 0.346486, 0.632000
0.222503, 0.703501, -0.289973, 0.632644
0.223147, 0.267641, 0.415209, 0.523929
0.223405, 0.793395, -0.529124, 0.447949
0.224190, 0.634357, -0.125091, 0.718956
0.224808, 0.410388, 0.268367, 0.706269
0.224975, 0.537782, 0.071910, 0.764372
0.225772, 0.146415, 0.495465, 0.302127
0.225978, 0.456164, 0.206128, 0.739076
0.226045, 0.870393, -0.704697, 0.269561
0.226790, 1.000000, -0.822249, 0.000000
0.228086, 0.294529, 0.399776, 0.561327
0.228298, 0.910968, -0.769601, 0.180374
0.229843, 0.768465, -0.477716, 0.485720
0.230519, 0.609641, -0.074732, 0.725544
0.231256, 0.564219, 0.020065, 0.747462
0.232056, 0.047193, 0.538516, 0.098515
0.232339, 0.680522, -0.246198, 0.642897
0.232350, 0.364513, 0.332652, 0.649704
0.232532, 0.239141, 0.452731, 0.468895
0.233459, 0.000000, 0.544612, 0.000000
0.234183, 0.498030, 0.143164, 0.743463
0.234376, 0.726215, -0.370522, 0.560046
0.234525, 0.848218, -0.680800, 0.301422
0.235359, 0.432799, 0.246368, 0.709880
0.236636, 0.086685, 0.538574, 0.178608
0.236893, 0.212658, 0.479155, 0.419919
0.237502, 0.321455, 0.386818, 0.590355
0.238464, 0.953503, -0.829849, 0.086688
0.239029, 0.890673, -0.763606, 0.207217
0.240356, 0.185926, 0.501868, 0.369292
0.240367, 0.977639, -0.844420, 0.040854
0.240414, 0.655339, -0.193085, 0.655995
0.240606, 0.109986, 0.538843, 0.223999
0.240872, 0.476434, 0.182057, 0.725218
0.241151, 0.388418, 0.312241, 0.664009
0.241409, 0.587240, -0.032444, 0.715562
0.242639, 0.521114, 0.102044, 0.730996
0.242664, 0.827510, -0.653544, 0.327783
0.244314, 0.804762, -0.603883, 0.370643
0.244469, 0.163612, 0.522748, 0.326091
0.245599, 0.023221, 0.567987, 0.047497
0.246031, 0.931077, -0.825726, 0.122307
0.246459, 0.066664, 0.563344, 0.135855
0.247191, 0.255856, 0.463396, 0.484567
0.247460, 0.278862, 0.443316, 0.519924
0.247665, 0.135763, 0.542023, 0.271534
0.248323, 0.780111, -0.548723, 0.411778
0.248851, 0.343579, 0.376443, 0.605653
0.248873, 0.701754, -0.328240, 0.563878
0.248980, 0.631843, -0.143536, 0.661036
0.249165, 0.750157, -0.467302, 0.470350
0.249365, 0.545226, 0.053175, 0.714824
0.250722, 0.454288, 0.222424, 0.698788
0.250845, 0.411037, 0.289325, 0.670412
0.251293, 0.303718, 0.424045, 0.551636
0.251725, 0.868498, -0.753147, 0.229355
0.254036, 1.000000, -0.870526, 0.000000
0.254643, 0.609994, -0.094195, 0.667666
0.256243, 0.674153, -0.262832, 0.587553
0.256551, 0.910112, -0.821876, 0.148469
0.257238, 0.725989, -0.413093, 0.494590
0.257253, 0.228241, 0.502290, 0.431470
0.257346, 0.568316, 0.000789, 0.689157
0.257748, 0.367277, 0.356514, 0.620705
0.257962, 0.202572, 0.522324, 0.387530
0.258168, 0.500090, 0.142920, 0.699392
0.259056, 0.044574, 0.592493, 0.089177
0.259307, 0.000000, 0.596021, 0.000000
0.260415, 0.955847, -0.869682, 0.069482
0.261058, 0.845569, -0.727759, 0.254452
0.262083, 0.090180, 0.587524, 0.178148
0.262290, 0.432673, 0.263814, 0.667585
0.262893, 0.116893, 0.578689, 0.229050
0.264495, 0.154956, 0.563766, 0.299126
0.265756, 0.478457, 0.185384, 0.681054
0.265812, 0.323386, 0.421048, 0.561314
0.266409, 0.649085, -0.207433, 0.594464
0.266890, 0.767218, -0.551075, 0.387024
0.266944, 0.888754, -0.811027, 0.170734
0.266955, 0.524321, 0.093624, 0.681066
0.267202, 0.820378, -0.685710, 0.287216
0.267245, 0.389905, 0.333596, 0.628542
0.267511, 0.180911, 0.554260, 0.343902
0.267542, 0.592616, -0.061293, 0.649930
0.268199, 0.796131, -0.629973, 0.328809
0.268251, 0.978363, -0.889484, 0.032062
0.268970, 0.248564, 0.503753, 0.453912
0.271093, 0.293725, 0.461693, 0.516845
0.271633, 0.932642, -0.868648, 0.097520
0.272014, 0.022053, 0.619807, 0.043171
0.272062, 0.692038, -0.338845, 0.512132
0.272066, 0.271676, 0.486238, 0.485211
0.272927, 0.066737, 0.614368, 0.129839
0.274413, 0.456410, 0.228543, 0.657832
0.274576, 0.547593, 0.040581, 0.658047
0.274587, 0.347239, 0.400843, 0.577345
0.275392, 0.622454, -0.145954, 0.601593
0.276787, 0.740812, -0.494651, 0.408863
0.276850, 0.713463, -0.411603, 0.459399
0.277480, 0.136693, 0.596824, 0.259399
0.277505, 0.865587, -0.792165, 0.191318
0.277545, 0.411715, 0.307229, 0.628864
0.278587, 0.208805, 0.552841, 0.382965
0.281569, 1.000000, -0.911267, 0.000000
0.281645, 0.571977, -0.020341, 0.628609
0.282219, 0.670004, -0.288785, 0.517975
0.282575, 0.503016, 0.136796, 0.649135
0.282837, 0.107162, 0.619735, 0.202827
0.283509, 0.910221, -0.863307, 0.118019
0.284252, 0.369850, 0.378206, 0.585658
0.284989, 0.955516, -0.904072, 0.056428
0.285054, 0.231719, 0.543652, 0.413790
0.285054, 0.839298, -0.755851, 0.218507
0.285439, 0.043929, 0.642753, 0.083729
0.285876, 0.000000, 0.646941, 0.000000
0.286379, 0.308116, 0.464369, 0.517362
0.286740, 0.163907, 0.598126, 0.302179
0.287421, 0.786447, -0.640323, 0.297723
0.288043, 0.434002, 0.274443, 0.623070
0.288871, 0.762497, -0.578963, 0.335286
0.289041, 0.598976, -0.095898, 0.587803
0.289865, 0.481418, 0.182636, 0.633077
0.290073, 0.085487, 0.640762, 0.160442
0.290418, 0.644708, -0.225647, 0.530647
0.291515, 0.813647, -0.712054, 0.245067
0.292012, 0.526249, 0.083477, 0.624017
0.292615, 0.189367, 0.590304, 0.340726
0.292776, 0.330239, 0.442954, 0.534369
0.292842, 0.257824, 0.529891, 0.444439
0.292989, 0.887326, -0.847406, 0.136954
0.294213, 0.391619, 0.351827, 0.587316
0.295490, 0.978149, -0.924935, 0.024917
0.296874, 0.457529, 0.232790, 0.614466
0.297090, 0.283838, 0.506862, 0.474425
0.297617, 0.125429, 0.638047, 0.229271
0.297626, 0.693809, -0.387355, 0.429841
0.297738, 0.932217, -0.902650, 0.076546
0.298259, 0.721911, -0.477103, 0.378619
0.298611, 0.021448, 0.669610, 0.039861
0.298750, 0.550787, 0.021925, 0.597410
0.300603, 0.860108, -0.816121, 0.161290
0.300675, 0.063938, 0.666297, 0.117887
0.300970, 0.621485, -0.170957, 0.529335
0.302113, 0.352127, 0.420515, 0.542487
0.303875, 0.147904, 0.636559, 0.264372
0.303994, 0.213993, 0.588364, 0.370023
0.304024, 0.575830, -0.046147, 0.566752
0.304125, 0.413151, 0.320296, 0.583173
0.304271, 0.745447, -0.557865, 0.320828
0.305316, 0.666707, -0.314269, 0.451124
0.308522, 0.504957, 0.128370, 0.589794
0.308881, 1.000000, -0.942266, 0.000000
0.309144, 0.794786, -0.695219, 0.232700
0.309279, 0.835188, -0.782586, 0.177747
0.309376, 0.238680, 0.572583, 0.400905
0.309697, 0.104971, 0.668410, 0.188044
0.309794, 0.308409, 0.490811, 0.487409
0.310349, 0.955749, -0.932417, 0.042745
0.310394, 0.909002, -0.894690, 0.090757
0.311251, 0.771441, -0.640627, 0.260779
0.311336, 0.172571, 0.632849, 0.299993
0.312089, 0.374032, 0.393387, 0.544275
0.312578, 0.041585, 0.692314, 0.074934
0.312902, 0.000000, 0.696182, 0.000000
0.312991, 0.480008, 0.185238, 0.581784
0.313525, 0.599034, -0.119289, 0.517797
0.313550, 0.434674, 0.282894, 0.573972
0.315339, 0.879893, -0.864020, 0.115530
0.315768, 0.641776, -0.250782, 0.456290
0.315896, 0.264645, 0.553110, 0.428270
0.316220, 0.530481, 0.064138, 0.562427
0.317572, 0.084346, 0.690070, 0.149274
0.318834, 0.331856, 0.466488, 0.498306
0.319123, 0.456344, 0.238544, 0.566885
0.319176, 0.196078, 0.626253, 0.330235
0.319313, 0.813869, -0.751874, 0.185618
0.319415, 0.709494, -0.475258, 0.334353
0.322094, 0.395993, 0.360433, 0.540198
0.322208, 0.684443, -0.399405, 0.366532
0.322436, 0.128827, 0.678519, 0.222211
0.322517, 0.978261, -0.951603, 0.017897
0.322703, 0.555069, -0.003635, 0.530731
0.323263, 0.933398, -0.929550, 0.055324
0.323589, 0.288739, 0.532568, 0.447528
0.324182, 0.734267, -0.557870, 0.281378
0.325578, 0.855542, -0.838121, 0.125959
0.326201, 0.020270, 0.718699, 0.035443
0.327357, 0.061448, 0.713559, 0.106702
0.327531, 0.618471, -0.192897, 0.451618
0.328045, 0.577966, -0.072002, 0.496111
0.328797, 0.154123, 0.672796, 0.258786
0.328872, 0.354788, 0.438099, 0.501452
0.329563, 0.221301, 0.618134, 0.356476
0.329610, 0.759076, -0.635059, 0.231082
0.330568, 0.660488, -0.333532, 0.378062
0.330960, 0.895508, -0.899462, 0.080250
0.331782, 0.418375, 0.320393, 0.530680
0.332554, 0.491868, 0.153783, 0.533272
0.333030, 0.787343, -0.710519, 0.186695
0.333260, 0.244976, 0.597534, 0.383875
0.334591, 0.515633, 0.093030, 0.520487
0.335389, 0.108056, 0.709663, 0.181830
0.335467, 0.311864, 0.512163, 0.454510
0.336197, 1.000000, -0.964660, 0.000000
0.336529, 0.956482, -0.954461, 0.029228
0.336655, 0.833828, -0.811777, 0.128430
0.337058, 0.177592, 0.668133, 0.288175
0.338176, 0.466563, 0.214828, 0.523237
0.339348, 0.377651, 0.403834, 0.497467
0.339432, 0.916104, -0.927800, 0.055736
0.340205, 0.039851, 0.739926, 0.067203
0.340243, 0.596660, -0.139932, 0.439163
0.340434, 0.270165, 0.575620, 0.405002
0.340473, 0.441724, 0.271625, 0.516864
0.340735, 0.000000, 0.744325, 0.000000
0.341799, 0.540753, 0.021387, 0.486694
0.342147, 0.082467, 0.731322, 0.137241
0.342293, 0.872772, -0.879760, 0.085295
0.342309, 0.636401, -0.270631, 0.376543
0.342832, 0.811122, -0.773281, 0.140110
0.342893, 0.698479, -0.478367, 0.278288
0.343883, 0.202711, 0.655283, 0.317764
0.344250, 0.722484, -0.553352, 0.240402
0.345212, 0.334978, 0.483819, 0.458800
0.345859, 0.136032, 0.711190, 0.220143
0.348217, 0.566793, -0.056498, 0.447042
0.349192, 0.400769, 0.362055, 0.488125
0.349260, 0.676530, -0.417429, 0.290089
0.349703, 0.978586, -0.970168, 0.011237
0.350115, 0.745691, -0.626576, 0.194520
0.350917, 0.292080, 0.556378, 0.413178
0.351546, 0.937075, -0.952361, 0.032805
0.352056, 0.771292, -0.694141, 0.161227
0.353505, 0.850094, -0.854525, 0.086714
0.354031, 0.059622, 0.757595, 0.096517
0.354601, 0.020082, 0.766182, 0.032639
0.355371, 0.358204, 0.449308, 0.456251
0.355383, 0.158701, 0.709137, 0.246780
0.355711, 0.616636, -0.223012, 0.361067
0.355885, 0.653221, -0.349003, 0.303382
0.355928, 0.475919, 0.188300, 0.477427
0.356075, 0.894388, -0.916891, 0.052831
0.356086, 0.498873, 0.127201, 0.469308
0.356248, 0.250889, 0.617842, 0.363763
0.356298, 0.228089, 0.645169, 0.337132
0.358026, 0.425025, 0.310729, 0.474357
0.359081, 0.796622, -0.759239, 0.119999
0.359294, 0.099523, 0.750675, 0.157303
0.359982, 0.522029, 0.061848, 0.446664
0.360120, 0.121538, 0.740602, 0.189674
0.361282, 0.183633, 0.696564, 0.276154
0.361597, 0.590189, -0.143342, 0.378054
0.361677, 0.314728, 0.530373, 0.415870
0.363688, 1.000000, -0.979031, 0.000000
0.363761, 0.451915, 0.247216, 0.461499
0.364139, 0.825531, -0.820816, 0.086516
0.364343, 0.958328, -0.970266, 0.015780
0.365369, 0.709599, -0.543953, 0.195852
0.366056, 0.381912, 0.407059, 0.445922
0.366379, 0.545537, -0.010321, 0.410318
0.366613, 0.916265, -0.943735, 0.031711
0.367148, 0.271372, 0.601950, 0.370253
0.367542, 0.208605, 0.679508, 0.301724
0.368239, 0.871720, -0.895696, 0.051563
0.368651, 0.040118, 0.785352, 0.062400
0.368780, 0.000000, 0.789602, 0.000000
0.369231, 0.076857, 0.775462, 0.118533
0.370599, 0.688870, -0.488518, 0.205352
0.371222, 0.730868, -0.611586, 0.155530
0.371306, 0.337778, 0.496645, 0.414722
0.372537, 0.567208, -0.082348, 0.369263
0.372549, 0.635932, -0.314894, 0.271606
0.373845, 0.755313, -0.677686, 0.125000
0.374970, 0.664781, -0.417497, 0.223015
0.374995, 0.406129, 0.355817, 0.432222
0.375176, 0.142974, 0.748699, 0.210345
0.376124, 0.779243, -0.736201, 0.098512
0.376685, 0.477892, 0.174887, 0.420901
0.377363, 0.293131, 0.578188, 0.373808
0.377614, 0.979346, -0.981150, 0.004963
0.378337, 0.848312, -0.867632, 0.049894
0.379011, 0.937657, -0.964143, 0.015017
0.379329, 0.245881, 0.648755, 0.328602
0.379478, 0.609508, -0.232027, 0.288408
0.379714, 0.503390, 0.101907, 0.400384
0.380317, 0.168284, 0.734839, 0.239632
0.381052, 0.361856, 0.454331, 0.407361
0.381352, 0.805876, -0.795451, 0.069079
0.381461, 0.894252, -0.928536, 0.026003
0.381568, 0.432431, 0.292211, 0.417129
0.382844, 0.020233, 0.809797, 0.030133
0.383175, 0.117831, 0.775769, 0.170553
0.383488, 0.096217, 0.787706, 0.140755
0.383692, 0.058841, 0.803122, 0.086951
0.385116, 0.528834, 0.023762, 0.366741
0.385401, 0.194365, 0.716123, 0.266204
0.386191, 0.223490, 0.684422, 0.297991
0.386231, 0.584648, -0.154380, 0.301872
0.387285, 0.314751, 0.548611, 0.372151
0.389156, 0.457127, 0.226782, 0.393284
0.390392, 0.709828, -0.574407, 0.124891
0.391409, 0.269875, 0.625880, 0.333542
0.391591, 1.000000, -0.985736, 0.000000
0.391961, 0.827147, -0.840086, 0.038449
0.392033, 0.958756, -0.977513, 0.004358
0.392115, 0.386842, 0.403313, 0.390447
0.392873, 0.554526, -0.060928, 0.317900
0.393360, 0.916389, -0.952017, 0.009689
0.393565, 0.871718, -0.906226, 0.019643
0.393637, 0.682449, -0.497618, 0.145025
0.393793, 0.653018, -0.405352, 0.177335
0.394154, 0.737283, -0.651009, 0.091487
0.395696, 0.337219, 0.510759, 0.368110
0.396570, 0.627385, -0.322177, 0.201432
0.396750, 0.000000, 0.831004, 0.000000
0.397559, 0.039791, 0.827878, 0.056173
0.398079, 0.762784, -0.715812, 0.062223
0.398150, 0.078802, 0.816390, 0.109932
0.398587, 0.786426, -0.767214, 0.046729
0.398646, 0.483613, 0.147440, 0.355376
0.398939, 0.413466, 0.339119, 0.374987
0.400391, 0.131087, 0.789600, 0.176944
0.400638, 0.154365, 0.771818, 0.205246
0.403099, 0.509149, 0.068788, 0.326087
0.403290, 0.291794, 0.599212, 0.330201
0.403685, 0.849858, -0.879843, 0.012611
0.404135, 0.359687, 0.466885, 0.358192
0.404294, 0.248611, 0.668209, 0.296788
0.404633, 0.601435, -0.240975, 0.209084
0.404716, 0.178907, 0.753714, 0.229487
0.405592, 0.979487, -0.984259, -0.000544
0.406279, 0.937824, -0.968149, -0.001129
0.406695, 0.438554, 0.271130, 0.349960
0.406736, 0.204823, 0.727581, 0.254305
0.406881, 0.575968, -0.150206, 0.240351
0.407157, 0.894621, -0.934416, 0.000302
0.407704, 0.103470, 0.816763, 0.137616
0.408625, 0.806147, -0.810391, 0.018460
0.409167, 0.534553, -0.014966, 0.284928
0.410522, 0.227953, 0.702241, 0.271404
0.411212, 0.020164, 0.849724, 0.027076
0.412107, 0.060089, 0.842123, 0.079794
0.412373, 0.314872, 0.562136, 0.325910
0.413063, 0.723445, -0.631027, 0.055095
0.413091, 0.697372, -0.561116, 0.075370
0.413363, 0.669127, -0.479331, 0.100257
0.413882, 0.463622, 0.197294, 0.320302
0.414439, 0.379464, 0.422870, 0.337080
0.416851, 0.643221, -0.402317, 0.115742
0.417679, 0.750760, -0.700603, 0.026019
0.417962, 0.269418, 0.646391, 0.291600
0.418575, 0.828036, -0.850419, -0.004304
0.418627, 0.401067, 0.368481, 0.325123
0.419545, 1.000000, -0.984992, 0.000000
0.419624, 0.873308, -0.912445, -0.011309
0.419693, 0.958879, -0.977333, -0.006087
0.419695, 0.558476, -0.104093, 0.219585
0.420174, 0.617057, -0.319650, 0.134709
0.420175, 0.916550, -0.953476, -0.010857
0.420730, 0.338639, 0.516838, 0.317156
0.421539, 0.778901, -0.763416, 0.004274
0.421580, 0.489463, 0.114529, 0.282068
0.422462, 0.120582, 0.823503, 0.149000
0.423813, 0.083415, 0.847173, 0.104283
0.424497, 0.143360, 0.808193, 0.172693
0.424668, 0.000000, 0.868437, 0.000000
0.425702, 0.040764, 0.864951, 0.051286
0.425819, 0.423446, 0.306526, 0.300602
0.425876, 0.166133, 0.788736, 0.195145
0.426602, 0.514790, 0.031423, 0.246367
0.427800, 0.851461, -0.885630, -0.020332
0.428126, 0.190974, 0.764250, 0.216566
0.428153, 0.587694, -0.226534, 0.142541
0.429152, 0.293717, 0.610500, 0.286267
0.430982, 0.360878, 0.468509, 0.297406
0.431577, 0.216037, 0.736003, 0.233496
0.431652, 0.242943, 0.697796, 0.252912
0.432227, 0.802884, -0.811306, -0.021553
0.432702, 0.446688, 0.236352, 0.271287
0.433550, 0.979458, -0.980146, -0.005611
0.433556, 0.938072, -0.965334, -0.016069
0.433657, 0.683302, -0.539025, 0.030869
0.433725, 0.895194, -0.934179, -0.024335
0.433996, 0.539788, -0.055967, 0.194428
0.435092, 0.710533, -0.612889, 0.008382
0.436186, 0.734697, -0.672901, -0.007315
0.437268, 0.658885, -0.471745, 0.039697
0.437322, 0.319035, 0.563459, 0.278742
0.437507, 0.102819, 0.852497, 0.119291
0.438655, 0.063350, 0.873458, 0.074322
0.438950, 0.470643, 0.159464, 0.238919
0.439008, 0.020725, 0.884645, 0.024571
0.439481, 0.384640, 0.408656, 0.274007
0.439514, 0.632871, -0.393991, 0.056235
0.440008, 0.761659, -0.734013, -0.026235
0.440731, 0.265616, 0.666488, 0.252113
0.440765, 0.606329, -0.309255, 0.078084
0.441582, 0.567788, -0.172640, 0.122208
0.442878, 0.825394, -0.848839, -0.040412
0.445284, 0.495495, 0.075660, 0.200918
0.445542, 0.407403, 0.345518, 0.251192
0.446328, 0.873502, -0.910630, -0.040340
0.446946, 0.126384, 0.845579, 0.137023
0.447114, 0.342634, 0.512802, 0.260133
0.447139, 0.917247, -0.948819, -0.029878
0.447442, 1.000000, -0.977373, 0.000000
0.447472, 0.958818, -0.970271, -0.015813
0.448419, 0.846593, -0.878127, -0.047749
0.448616, 0.784714, -0.781168, -0.047487
0.448726, 0.149697, 0.826784, 0.157653
0.449473, 0.173867, 0.802390, 0.177826
0.450455, 0.520011, -0.007427, 0.161221
0.450920, 0.285709, 0.634420, 0.242314
0.451938, 0.198658, 0.774498, 0.194119
0.452131, 0.000000, 0.900981, 0.000000
0.452217, 0.084526, 0.878604, 0.091404
0.452472, 0.430068, 0.276387, 0.220431
0.452491, 0.042744, 0.895621, 0.046885
0.453738, 0.696010, -0.586118, -0.030427
0.453797, 0.224158, 0.740398, 0.208409
0.456359, 0.545865, -0.111707, 0.098786
0.456580, 0.307258, 0.592501, 0.236259
0.456628, 0.366730, 0.453158, 0.234450
0.458169, 0.744230, -0.701966, -0.059301
0.458219, 0.590570, -0.277326, 0.036773
0.458564, 0.246783, 0.707517, 0.213223
0.458570, 0.453223, 0.200662, 0.187129
0.459319, 0.646504, -0.452979, -0.013821
0.459334, 0.672509, -0.527111, -0.031333
0.459429, 0.808224, -0.821736, -0.066639
0.460133, 0.896278, -0.928262, -0.046804
0.460217, 0.721177, -0.651011, -0.056729
0.460669, 0.618871, -0.370023, 0.004437
0.461212, 0.938129, -0.955846, -0.030077
0.461451, 0.979337, -0.969402, -0.010347
0.463791, 0.477226, 0.118590, 0.152910
0.464431, 0.107739, 0.876302, 0.106434
0.465147, 0.390484, 0.386750, 0.203793
0.465455, 0.328922, 0.545289, 0.217957
0.465654, 0.569522, -0.213152, 0.035160
0.465822, 0.021336, 0.913926, 0.021709
0.465934, 0.064714, 0.901938, 0.065004
0.466409, 0.857546, -0.887397, -0.066482
0.466828, 0.765825, -0.747082, -0.079656
0.468408, 0.268625, 0.672723, 0.204401
0.469548, 0.501732, 0.033376, 0.114127
0.470764, 0.831745, -0.854284, -0.079011
0.471495, 0.131629, 0.863370, 0.121289
0.471750, 0.155829, 0.839745, 0.140082
0.472319, 0.413284, 0.317383, 0.171520
0.472748, 0.180660, 0.811767, 0.155978
0.473540, 0.526621, -0.063923, 0.062982
0.474218, 0.351407, 0.489571, 0.193761
0.474609, 0.917343, -0.937366, -0.047833
0.474923, 0.788440, -0.787533, -0.092758
0.474940, 0.878391, -0.906092, -0.067247
0.475044, 0.205910, 0.779377, 0.167860
0.475218, 1.000000, -0.963480, 0.000000
0.475346, 0.958593, -0.956774, -0.024967
0.475384, 0.698689, -0.602467, -0.085481
0.476837, 0.291992, 0.627949, 0.192112
0.478590, 0.088368, 0.901499, 0.080241
0.478801, 0.436016, 0.242976, 0.135977
0.479001, 0.042978, 0.921996, 0.039816
0.479179, 0.000000, 0.928447, 0.000000
0.479363, 0.229091, 0.746002, 0.171936
0.479869, 0.603800, -0.339049, -0.040736
0.480166, 0.631953, -0.424717, -0.063134
0.480982, 0.551604, -0.169389, 0.002171
0.481618, 0.656525, -0.495330, -0.081898
0.481937, 0.742267, -0.701455, -0.108281
0.483381, 0.374542, 0.424985, 0.161253
0.483477, 0.679199, -0.556177, -0.097598
0.483741, 0.459888, 0.161151, 0.100427
0.484205, 0.314411, 0.578596, 0.176266
0.485437, 0.719022, -0.651384, -0.112200
0.485764, 0.810593, -0.820119, -0.105157
0.485933, 0.251645, 0.709244, 0.168159
0.486933, 0.579153, -0.266351, -0.041620
0.488332, 0.854322, -0.875227, -0.091943
0.488459, 0.483910, 0.076262, 0.064581
0.488887, 0.898045, -0.915622, -0.068573
0.489045, 0.937779, -0.939976, -0.043369
0.489233, 0.979082, -0.952612, -0.014853
0.491153, 0.113124, 0.893990, 0.091323
0.491441, 0.065395, 0.924257, 0.054466
0.491729, 0.767242, -0.748200, -0.124545
0.492078, 0.397239, 0.355017, 0.123785
0.492573, 0.021652, 0.938607, 0.018175
0.493070, 0.336711, 0.522805, 0.150223
0.493515, 0.508638, -0.024838, 0.012490
0.494316, 0.163233, 0.846120, 0.120326
0.494567, 0.275235, 0.664658, 0.154843
0.495127, 0.138780, 0.873661, 0.104735
0.495711, 0.188696, 0.813985, 0.131169
0.496890, 0.532865, -0.120587, -0.030575
0.497483, 0.832811, -0.845473, -0.112130
0.499466, 0.419246, 0.282312, 0.085335
0.499693, 0.621689, -0.406254, -0.111945
0.500567, 0.211647, 0.781879, 0.132611
0.500829, 0.788578, -0.781768, -0.134282
0.501232, 0.359036, 0.460705, 0.120502
0.501391, 0.876186, -0.889820, -0.092482
0.502380, 0.697784, -0.605962, -0.147326
0.502774, 1.000000, -0.943964, 0.000000
0.502924, 0.087909, 0.920369, 0.064972
0.503140, 0.917715, -0.919403, -0.064826
0.503155, 0.559464, -0.215258, -0.075370
0.503174, 0.298734, 0.613068, 0.134884
0.503180, 0.958013, -0.937330, -0.033795
0.503810, 0.646907, -0.479096, -0.136779
0.504011, 0.443323, 0.200592, 0.050254
0.504024, 0.595787, -0.331362, -0.107189
0.505316, 0.044017, 0.943298, 0.032736
0.505475, 0.234701, 0.744248, 0.129931
0.505703, 0.671300, -0.542769, -0.149715
0.506045, 0.000000, 0.950906, 0.000000
0.506140, 0.748970, -0.712154, -0.153782
0.506873, 0.725887, -0.666663, -0.157578
0.508855, 0.467399, 0.114377, 0.011947
0.510901, 0.381955, 0.389604, 0.079689
0.511274, 0.321385, 0.556653, 0.110434
0.511661, 0.812739, -0.812594, -0.140113
0.511905, 0.258216, 0.700196, 0.120153
0.512695, 0.491667, 0.013516, -0.038379
0.513181, 0.853991, -0.860594, -0.117804
0.515643, 0.107662, 0.913728, 0.068253
0.516265, 0.896514, -0.895467, -0.089483
0.516640, 0.174040, 0.842270, 0.097653
0.516696, 0.978970, -0.930540, -0.018986
0.517344, 0.576906, -0.281686, -0.134237
0.517354, 0.937073, -0.917850, -0.056288
0.517628, 0.066943, 0.942060, 0.043110
0.517696, 0.128821, 0.895866, 0.076966
0.517958, 0.516451, -0.082967, -0.086675
0.518850, 0.021846, 0.958036, 0.014190
0.519018, 0.539974, -0.162492, -0.109325
0.519357, 0.152168, 0.871392, 0.085806
0.520438, 0.402503, 0.319037, 0.034541
0.520538, 0.768109, -0.741518, -0.172823
0.520573, 0.282410, 0.647690, 0.099210
0.520682, 0.343768, 0.493328, 0.075203
0.520828, 0.612745, -0.390796, -0.167147
0.522242, 0.194726, 0.814069, 0.094626
0.523212, 0.710316, -0.632672, -0.191719
0.524295, 0.793404, -0.778746, -0.167386
0.524398, 0.427312, 0.235189, 0.000449
0.524548, 0.636019, -0.456519, -0.186941
0.525067, 0.832349, -0.828753, -0.144854
0.526061, 0.217570, 0.777276, 0.091835
0.526387, 0.684120, -0.575091, -0.199150
0.527564, 0.366341, 0.424618, 0.042614
0.528355, 0.875476, -0.869448, -0.116230
0.528811, 0.659953, -0.518276, -0.203046
0.529122, 0.451888, 0.144082, -0.040324
0.529234, 0.740402, -0.690442, -0.197856
0.529972, 0.305954, 0.588780, 0.069734
0.530172, 1.000000, -0.919304, 0.000000
0.530444, 0.089582, 0.935317, 0.047856
0.530663, 0.957938, -0.912977, -0.041650
0.530966, 0.240928, 0.734110, 0.083333
0.531025, 0.044225, 0.959492, 0.024395
0.531138, 0.915136, -0.894557, -0.082712
0.531803, 0.557072, -0.227878, -0.164466
0.532864, 0.000000, 0.968152, 0.000000
0.533407, 0.594211, -0.342998, -0.193530
0.533546, 0.477032, 0.037711, -0.097620
0.536373, 0.502298, -0.051983, -0.138044
0.536981, 0.264781, 0.683651, 0.067816
0.538230, 0.854778, -0.842410, -0.141555
0.538303, 0.328356, 0.526058, 0.037756
0.540596, 0.812735, -0.794673, -0.176986
0.540983, 0.171192, 0.852762, 0.063167
0.541217, 0.115604, 0.918382, 0.049767
0.541218, 0.384591, 0.357632, -0.013905
0.541692, 0.142733, 0.889638, 0.056753
0.541775, 0.529978, -0.147122, -0.177156
0.542970, 0.719541, -0.646306, -0.228872
0.543223, 0.066545, 0.955362, 0.029738
0.543728, 0.783684, -0.753519, -0.200670
0.544058, 0.978916, -0.903517, -0.022764
0.544319, 0.936346, -0.891839, -0.068075
0.544386, 0.618937, -0.415787, -0.233838
0.544405, 0.410914, 0.268903, -0.047406
0.544478, 0.892248, -0.867546, -0.112559
0.545017, 0.022048, 0.972300, 0.009858
0.545762, 0.694540, -0.595455, -0.240078
0.545839, 0.760093, -0.716388, -0.216448
0.545875, 0.197843, 0.812013, 0.058327
0.546600, 0.288838, 0.624514, 0.037584
0.546711, 0.575193, -0.292640, -0.221800
0.547346, 0.354449, 0.444994, -0.006449
0.549131, 0.643531, -0.479365, -0.250079
0.549332, 0.435896, 0.173332, -0.092742
0.550642, 0.223315, 0.766258, 0.048111
0.551303, 0.837249, -0.813632, -0.169665
0.552587, 0.668790, -0.538520, -0.257726
0.553357, 0.461337, 0.068452, -0.149111
0.554055, 0.089925, 0.943955, 0.030930
0.555678, 0.551427, -0.223631, -0.234433
0.555760, 0.248068, 0.714939, 0.032421
0.556518, 0.737666, -0.673511, -0.245857
0.556976, 0.044611, 0.970626, 0.015380
0.557066, 0.868024, -0.837086, -0.146415
0.557425, 0.914124, -0.867542, -0.097823
0.557435, 1.000000, -0.889965, 0.000000
0.557731, 0.957538, -0.884153, -0.049203
0.557736, 0.486851, -0.021876, -0.195840
0.557838, 0.308530, 0.567409, -0.002618
0.558102, 0.510995, -0.099012, -0.216539
0.558563, 0.598652, -0.363955, -0.265152
0.559743, 0.000000, 0.979803, 0.000000
0.560899, 0.332652, 0.497821, -0.027219
0.561542, 0.272798, 0.656187, 0.009934
0.561956, 0.799543, -0.761430, -0.213111
0.562817, 0.158400, 0.872352, 0.032505
0.564514, 0.132351, 0.905431, 0.028965
0.564544, 0.397143, 0.291129, -0.098524
0.564586, 0.371444, 0.376290, -0.072347
0.565526, 0.183873, 0.834035, 0.027350
0.565863, 0.110205, 0.928885, 0.025421
0.566332, 0.711527, -0.622192, -0.275320
0.567765, 0.623703, -0.430891, -0.293966
0.567923, 0.820497, -0.780881, -0.201678
0.568450, 0.687607, -0.574890, -0.287994
0.568473, 0.776947, -0.726456, -0.239440
0.568764, 0.068015, 0.962347, 0.015931
0.569613, 0.530004, -0.167659, -0.266255
0.569851, 0.891336, -0.840478, -0.130240
0.569856, 0.421279, 0.196017, -0.148234
0.570513, 0.209477, 0.788361, 0.014315
0.570903, 0.022036, 0.981105, 0.005140
0.570917, 0.935701, -0.861780, -0.079018
0.570931, 0.576434, -0.305569, -0.291874
0.571167, 0.978812, -0.872201, -0.026319
0.572583, 0.649297, -0.491580, -0.304733
0.572820, 0.754275, -0.690309, -0.261985
0.573445, 0.447111, 0.093139, -0.202943
0.573559, 0.846934, -0.801749, -0.181213
0.575279, 0.348631, 0.436583, -0.084179
0.575498, 0.234946, 0.735693, -0.004135
0.576842, 0.473882, 0.000947, -0.247525
0.576906, 0.291101, 0.600748, -0.040293
0.579125, 0.554298, -0.245145, -0.306797
0.579845, 0.261122, 0.673973, -0.027623
0.580706, 0.728253, -0.643421, -0.291060
0.580760, 0.502728, -0.092033, -0.284074
0.580808, 0.090770, 0.947792, 0.010494
0.581500, 0.318895, 0.519909, -0.074013
0.582126, 0.671044, -0.536482, -0.320684
0.582181, 0.045095, 0.976024, 0.005776
0.582444, 0.601598, -0.375584, -0.328336
0.583116, 0.870148, -0.810867, -0.163633
0.583519, 0.913429, -0.836755, -0.111704
0.584488, 0.957377, -0.851464, -0.055960
0.584542, 1.000000, -0.856445, 0.000000
0.585216, 0.144735, 0.889620, 0.004073
0.585934, 0.385724, 0.301491, -0.157735
0.586542, 0.170900, 0.851171, -0.003019
0.586920, 0.000000, 0.985419, 0.000000
0.587402, 0.798408, -0.737318, -0.244534
0.589762, 0.116787, 0.922991, 0.001546
0.589982, 0.699428, -0.588121, -0.324140
0.590021, 0.824804, -0.763192, -0.220041
0.590441, 0.628287, -0.440480, -0.347680
0.590489, 0.196152, 0.806645, -0.017549
0.591626, 0.406912, 0.215820, -0.207474
0.592312, 0.529422, -0.179412, -0.334666
0.592768, 0.773279, -0.700901, -0.274675
0.593449, 0.365837, 0.359857, -0.158661
0.593853, 0.431438, 0.122713, -0.254189
0.594337, 0.067951, 0.964488, 0.000508
0.595289, 0.579612, -0.320238, -0.358925
0.595401, 0.221323, 0.754780, -0.038546
0.596211, 0.022269, 0.984187, 0.000214
0.596258, 0.748168, -0.663040, -0.300975
0.596455, 0.891672, -0.808585, -0.146146
0.596669, 0.457263, 0.034873, -0.295874
0.597207, 0.935726, -0.828340, -0.088391
0.598001, 0.341325, 0.434182, -0.144615
0.598182, 0.978589, -0.836842, -0.029773
0.598395, 0.483636, -0.048079, -0.325262
0.598865, 0.651292, -0.489121, -0.360941
0.599101, 0.849684, -0.775477, -0.200195
0.599316, 0.273960, 0.627755, -0.084166
0.599431, 0.246787, 0.695149, -0.063937
0.600352, 0.554814, -0.255241, -0.367381
0.600428, 0.297908, 0.561812, -0.107738
0.602343, 0.721248, -0.616975, -0.330806
0.604550, 0.091539, 0.945720, -0.009460
0.604786, 0.510097, -0.131378, -0.362285
0.605306, 0.607834, -0.391072, -0.384842
0.605416, 0.677278, -0.538059, -0.363042
0.605682, 0.319872, 0.491269, -0.145076
0.607028, 0.135608, 0.896890, -0.021848
0.607446, 0.045824, 0.975695, -0.004695
0.608104, 0.160820, 0.859998, -0.032718
0.609657, 0.914401, -0.802842, -0.122540
0.609882, 0.869654, -0.777450, -0.183067
0.611189, 0.809097, -0.723660, -0.258749
0.611352, 0.956924, -0.814633, -0.062670
0.611441, 1.000000, -0.819276, 0.000000
0.611488, 0.185268, 0.816781, -0.050073
0.612333, 0.386513, 0.258704, -0.252602
0.613669, 0.786663, -0.696230, -0.286454
0.613933, 0.832889, -0.742773, -0.233105
0.614432, 0.000000, 0.984423, 0.000000
0.614921, 0.413327, 0.159374, -0.303132
0.615896, 0.111005, 0.923767, -0.024786
0.615934, 0.209662, 0.766378, -0.073246
0.615951, 0.699441, -0.571069, -0.368537
0.616073, 0.630719, -0.439789, -0.403869
0.616850, 0.439389, 0.072276, -0.342597
0.617031, 0.537665, -0.214701, -0.408759
0.617298, 0.359910, 0.345570, -0.230838
0.617701, 0.589126, -0.345503, -0.415621
0.617824, 0.763745, -0.664048, -0.315610
0.619352, 0.740887, -0.632108, -0.340079
0.619790, 0.464928, -0.008700, -0.376633
0.619947, 0.069944, 0.959191, -0.016575
0.620321, 0.234344, 0.708007, -0.102296
0.620345, 0.022632, 0.981590, -0.004841
0.620364, 0.565682, -0.288386, -0.422333
0.620906, 0.489472, -0.081765, -0.397821
0.621521, 0.260260, 0.642777, -0.128210
0.622077, 0.893355, -0.775017, -0.158314
0.622390, 0.657392, -0.491135, -0.405524
0.623276, 0.285240, 0.573087, -0.158141
0.624151, 0.935155, -0.790017, -0.098068
0.624439, 0.335966, 0.415943, -0.222195
0.624995, 0.978270, -0.798019, -0.033169
0.626661, 0.309379, 0.497415, -0.196241
0.627537, 0.515337, -0.158704, -0.430223
0.627969, 0.721016, -0.595497, -0.370420
0.629835, 0.849559, -0.735494, -0.224267
0.630038, 0.151565, 0.863373, -0.061657
0.630795, 0.128902, 0.895381, -0.050089
0.631783, 0.048435, 0.968821, -0.016367
0.632164, 0.091079, 0.937777, -0.033767
0.632191, 0.680227, -0.526535, -0.409366
0.632630, 0.610049, -0.390525, -0.445945
0.633150, 0.175457, 0.820715, -0.082897
0.633609, 0.872314, -0.746198, -0.194958
0.634998, 0.821878, -0.706502, -0.265697
0.635526, 0.398545, 0.183247, -0.353306
0.636557, 0.797640, -0.681101, -0.298156
0.636765, 0.913109, -0.762879, -0.135917
0.636941, 0.373003, 0.268855, -0.319284
0.637123, 0.199217, 0.771476, -0.108521
0.638075, 1.000000, -0.778961, 0.000000
0.638112, 0.956248, -0.774351, -0.069355
0.638306, 0.424754, 0.096294, -0.395685
0.638445, 0.638978, -0.447557, -0.446257
0.639811, 0.773752, -0.651513, -0.330575
0.640154, 0.555824, -0.265999, -0.471288
0.640804, 0.448812, 0.022046, -0.427142
0.641122, 0.584080, -0.332436, -0.471622
0.641632, 0.025280, 0.973540, -0.010584
0.641748, 0.222844, 0.714746, -0.140802
0.642132, 0.534212, -0.213153, -0.474257
0.642140, 0.748689, -0.619342, -0.362643
0.642292, 0.000000, 0.976916, 0.000000
0.643092, 0.701589, -0.552418, -0.410169
0.643406, 0.498018, -0.119157, -0.466648
0.643635, 0.474453, -0.054219, -0.454879
0.643942, 0.247998, 0.650336, -0.172237
0.644084, 0.349481, 0.339856, -0.307578
0.645155, 0.110977, 0.909670, -0.057587
0.645577, 0.272487, 0.581842, -0.205144
0.647604, 0.071203, 0.946675, -0.036851
0.647733, 0.323820, 0.421021, -0.280763
0.647881, 0.297301, 0.505292, -0.244595
0.648971, 0.663131, -0.485097, -0.450510
0.649349, 0.890390, -0.733086, -0.176760
0.649868, 0.726236, -0.581352, -0.396296
0.650754, 0.933655, -0.748553, -0.108602
0.651488, 0.977968, -0.756309, -0.036364
0.653104, 0.621451, -0.406260, -0.483587
0.653307, 0.837765, -0.694420, -0.258432
0.653651, 0.160831, 0.830536, -0.106692
0.653794, 0.136963, 0.868761, -0.087369
0.655265, 0.863834, -0.708909, -0.220921
0.656204, 0.049434, 0.956586, -0.029202
0.656837, 0.516582, -0.173063, -0.508769
0.657507, 0.384188, 0.202335, -0.406668
0.658157, 0.186630, 0.777241, -0.139575
0.658338, 0.411552, 0.115741, -0.444276
0.658655, 0.811731, -0.664949, -0.299932
0.659495, 0.568174, -0.292966, -0.514919
0.659955, 0.598956, -0.358554, -0.507344
0.660475, 0.685846, -0.512624, -0.450733
0.660614, 0.092449, 0.919434, -0.061926
0.661824, 0.787081, -0.637662, -0.336702
0.662592, 0.022956, 0.962540, -0.014901
0.662927, 0.909845, -0.720394, -0.151606
0.662975, 0.460935, -0.029367, -0.501377
0.663368, 0.210017, 0.720572, -0.176225
0.664015, 0.762080, -0.609065, -0.371817
0.664269, 0.955450, -0.731821, -0.075874
0.664350, 0.435714, 0.039765, -0.486488
0.664392, 0.645136, -0.443284, -0.490307
0.664445, 1.000000, -0.735875, 0.000000
0.664890, 0.360780, 0.269596, -0.396650
0.665713, 0.235436, 0.655638, -0.212300
0.666021, 0.541891, -0.234533, -0.533335
0.666204, 0.490628, -0.110703, -0.525725
0.668571, 0.710290, -0.539729, -0.438134
0.668717, 0.260332, 0.584226, -0.253370
0.668887, 0.738261, -0.575340, -0.407027
0.669149, 0.337062, 0.341825, -0.372939
0.669508, 0.118708, 0.881049, -0.093810
0.669649, 0.284337, 0.511976, -0.291487
0.669794, 0.310428, 0.429396, -0.331783
0.670197, 0.000000, 0.960726, 0.000000
0.673256, 0.883033, -0.691874, -0.200455
0.674570, 0.851470, -0.671502, -0.252382
0.675673, 0.170391, 0.790114, -0.156212
0.675723, 0.072259, 0.926226, -0.059164
0.676086, 0.668609, -0.472102, -0.490369
0.676101, 0.932051, -0.706175, -0.118721
0.676513, 0.622291, -0.394638, -0.526879
0.676790, 0.396875, 0.140993, -0.484097
0.676935, 0.583405, -0.321474, -0.547830
0.677119, 0.145862, 0.833514, -0.130808
0.677587, 0.977628, -0.712231, -0.039454
0.677603, 0.045830, 0.942965, -0.038009
0.678404, 0.826583, -0.647965, -0.293780
0.678831, 0.516183, -0.175546, -0.562557
0.681790, 0.472509, -0.071154, -0.558510
0.683335, 0.801357, -0.620204, -0.335927
0.683957, 0.559940, -0.271563, -0.570059
0.684249, 0.373192, 0.204488, -0.477461
0.684815, 0.195070, 0.727708, -0.204965
0.684826, 0.099337, 0.890503, -0.093713
0.685205, 0.419843, 0.066291, -0.533178
0.685876, 0.775219, -0.593244, -0.376535
0.686519, 0.907344, -0.680154, -0.165027
0.686576, 0.019419, 0.944689, -0.018124
0.686668, 0.221463, 0.661796, -0.245746
0.686694, 0.693939, -0.497913, -0.480215
0.687540, 0.448328, -0.011803, -0.561189
0.688849, 0.603351, -0.354181, -0.561148
0.688910, 0.645329, -0.424295, -0.530679
0.689243, 0.723382, -0.532404, -0.449184
0.689510, 0.750460, -0.562804, -0.414648
0.689789, 0.954669, -0.687600, -0.082032
0.690066, 0.247318, 0.587759, -0.293175
0.690553, 1.000000, -0.690404, 0.000000
0.690884, 0.323487, 0.351048, -0.422136
0.691278, 0.865503, -0.652184, -0.239065
0.691822, 0.296144, 0.437955, -0.378886
0.691969, 0.494885, -0.129148, -0.591011
0.692088, 0.537074, -0.221880, -0.591847
0.692538, 0.349000, 0.267906, -0.469157
0.693107, 0.125764, 0.846549, -0.133351
0.693957, 0.272702, 0.507099, -0.345591
0.697108, 0.170554, 0.762724, -0.197922
0.699210, 0.061468, 0.911614, -0.066796
0.699438, 0.395494, 0.121185, -0.550098
0.699594, 0.000000, 0.934459, 0.000000
0.699596, 0.841149, -0.623973, -0.284904
0.699883, 0.037794, 0.924953, -0.041081
0.699951, 0.668027, -0.448091, -0.526067
0.700112, 0.886403, -0.647889, -0.207300
0.700650, 0.931100, -0.662925, -0.127228
0.701489, 0.149854, 0.795775, -0.178077
0.701872, 0.580640, -0.305752, -0.597539
0.702350, 0.085425, 0.886273, -0.097372
0.702899, 0.624917, -0.380962, -0.570035
0.703325, 0.977333, -0.666114, -0.042315
0.703850, 0.817398, -0.600935, -0.326874
0.704625, 0.432437, 0.018454, -0.595841
0.704633, 0.470911, -0.076249, -0.615274
0.705249, 0.515305, -0.175751, -0.622638
0.706196, 0.789868, -0.576156, -0.372871
0.707906, 0.208656, 0.660714, -0.278077
0.708451, 0.711918, -0.494766, -0.486247
0.708637, 0.371081, 0.180253, -0.548690
0.708886, 0.558413, -0.261332, -0.620597
0.710218, 0.688054, -0.463577, -0.517672
0.710458, 0.111101, 0.845221, -0.139253
0.710673, 0.233471, 0.591034, -0.326747
0.711058, 0.764167, -0.545732, -0.416385
0.711196, 0.306651, 0.370809, -0.458051
0.711501, 0.186888, 0.705860, -0.252378
0.711947, 0.738872, -0.519587, -0.453856
0.712157, 0.908850, -0.635002, -0.171483
0.714421, 0.259585, 0.509790, -0.383380
0.714627, 0.412138, 0.064532, -0.607033
0.714780, 0.601743, -0.334359, -0.607031
0.714948, 0.330274, 0.292376, -0.509666
0.714959, 0.647525, -0.404243, -0.568059
0.715012, 0.954358, -0.641532, -0.087043
0.715555, 0.018916, 0.912624, -0.024250
0.715575, 0.861492, -0.608297, -0.258952
0.716467, 1.000000, -0.642746, 0.000000
0.716902, 0.452084, -0.037070, -0.637892
0.717675, 0.492175, -0.126565, -0.649412
0.718377, 0.536261, -0.216630, -0.646378
0.719293, 0.137114, 0.792263, -0.190458
0.719814, 0.351021, 0.224491, -0.554823
0.719884, 0.284934, 0.423140, -0.446576
0.722268, 0.043302, 0.894423, -0.058934
0.722745, 0.069595, 0.875325, -0.095790
0.724238, 0.884696, -0.604087, -0.220900
0.724550, 0.806352, -0.559113, -0.360274
0.724602, 0.165087, 0.731221, -0.245045
0.724803, 0.836634, -0.578454, -0.308128
0.724878, 0.388688, 0.116595, -0.613494
0.726087, 0.931777, -0.615973, -0.132439
0.727532, 0.670092, -0.420949, -0.560726
0.727672, 0.622350, -0.356016, -0.610461
0.727825, 0.095165, 0.840794, -0.138569
0.727830, 0.580101, -0.290726, -0.643421
0.728855, 0.000000, 0.896468, 0.000000
0.728964, 0.977534, -0.617812, -0.044091
0.730285, 0.779364, -0.528842, -0.409184
0.730663, 0.724034, -0.477999, -0.494171
0.730692, 0.513115, -0.169281, -0.675689
0.731112, 0.215565, 0.601392, -0.348802
0.731336, 0.432057, 0.003189, -0.662966
0.731472, 0.698105, -0.449186, -0.530597
0.731974, 0.471789, -0.085273, -0.678250
0.733413, 0.558392, -0.251367, -0.665307
0.733477, 0.242631, 0.522689, -0.406519
0.733978, 0.192498, 0.653730, -0.312907
0.734176, 0.310939, 0.319724, -0.536139
0.735611, 0.752529, -0.497824, -0.456417
0.735684, 0.121318, 0.791765, -0.191407
0.736625, 0.908222, -0.589231, -0.180781
0.737444, 0.365707, 0.163563, -0.623205
0.738468, 0.642886, -0.373978, -0.605176
0.739583, 0.267431, 0.438551, -0.472716
0.739947, 0.860809, -0.564111, -0.272353
0.740497, 0.955391, -0.592877, -0.089143
0.741010, 0.410615, 0.047796, -0.673228
0.741772, 0.600697, -0.312489, -0.650042
0.741868, 0.336001, 0.238240, -0.597311
0.742077, 0.023392, 0.873746, -0.037905
0.742176, 0.821279, -0.537945, -0.345736
0.742229, 0.052284, 0.859414, -0.084286
0.742496, 1.000000, -0.592464, 0.000000
0.742617, 0.148596, 0.731988, -0.251293
0.743239, 0.534385, -0.205497, -0.693391
0.745046, 0.492509, -0.128142, -0.706448
0.745193, 0.451181, -0.044565, -0.702268
0.746451, 0.078637, 0.829512, -0.132353
0.747653, 0.290544, 0.356002, -0.540042
0.748010, 0.884154, -0.559335, -0.231527
0.748648, 0.796489, -0.510656, -0.393906
0.748988, 0.389399, 0.092325, -0.676303
0.749732, 0.175354, 0.662885, -0.316436
0.750143, 0.661017, -0.383215, -0.598767
0.750689, 0.933003, -0.568672, -0.135802
0.751250, 0.684252, -0.407915, -0.570568
0.751639, 0.224893, 0.535113, -0.421632
0.751937, 0.732965, -0.454828, -0.501082
0.752309, 0.104883, 0.786912, -0.186538
0.753681, 0.842262, -0.528999, -0.313752
0.754004, 0.709136, -0.429438, -0.538813
0.754271, 0.622057, -0.330614, -0.647627
0.754580, 0.771324, -0.482506, -0.441503
0.754973, 0.579329, -0.271517, -0.686672
0.755194, 0.977830, -0.566181, -0.045489
0.755697, 0.000000, 0.854717, 0.000000
0.755958, 0.556294, -0.235878, -0.703788
0.757272, 0.513632, -0.164727, -0.725339
0.758332, 0.428684, -0.001475, -0.722859
0.758534, 0.248775, 0.454613, -0.489994
0.758588, 0.202113, 0.580554, -0.392061
0.758603, 0.354008, 0.170299, -0.664651
0.759084, 0.314622, 0.271161, -0.612816
0.759085, 0.472084, -0.089115, -0.734240
0.759921, 0.131180, 0.730526, -0.249123
0.760070, 0.910575, -0.544159, -0.183252
0.761920, 0.038615, 0.832619, -0.072533
0.764546, 0.375702, 0.111927, -0.701861
0.765264, 0.749166, -0.447271, -0.486535
0.765332, 0.062113, 0.810852, -0.119668
0.765711, 0.817664, -0.493294, -0.366474
0.766333, 0.271473, 0.375630, -0.557475
0.766354, 0.641882, -0.341754, -0.640853
0.766409, 0.955588, -0.541233, -0.092512
0.766694, 0.158237, 0.664851, -0.317640
0.768320, 0.863950, -0.511710, -0.279031
0.768729, 1.000000, -0.539698, 0.000000
0.768758, 0.405732, 0.041129, -0.734405
0.768782, 0.602016, -0.290663, -0.686406
0.769259, 0.535947, -0.196756, -0.736242
0.769926, 0.888519, -0.517404, -0.230716
0.769964, 0.088424, 0.774370, -0.177200
0.770969, 0.335883, 0.201114, -0.673717
0.771407, 0.450021, -0.048353, -0.756092
0.771547, 0.019615, 0.822041, -0.038829
0.772428, 0.493486, -0.126865, -0.756927
0.772549, 0.792660, -0.465835, -0.416608
0.772640, 0.668062, -0.362556, -0.614902
0.774656, 0.226560, 0.481183, -0.487022
0.774834, 0.694323, -0.385200, -0.580445
0.774972, 0.293726, 0.301060, -0.621357
0.775349, 0.183764, 0.588597, -0.392736
0.776020, 0.721525, -0.407335, -0.540213
0.776098, 0.932906, -0.517448, -0.141347
0.776977, 0.113100, 0.724938, -0.239145
0.778369, 0.561498, -0.228532, -0.733647
0.779164, 0.839364, -0.479464, -0.332267
0.780894, 0.769386, -0.435523, -0.463646
0.781744, 0.977602, -0.512053, -0.047833
0.781818, 0.584246, -0.255649, -0.719676
0.782501, 0.620985, -0.299107, -0.683552
0.783280, 0.516228, -0.160266, -0.767399
0.783366, 0.140892, 0.662584, -0.312234
0.783798, 0.386449, 0.073242, -0.753808
0.783940, 0.250477, 0.397588, -0.563280
0.784293, 0.000000, 0.798035, 0.000000
0.784435, 0.427425, -0.008542, -0.776068
0.785285, 0.471823, -0.088267, -0.782527
0.785286, 0.909519, -0.492796, -0.192265
0.785788, 0.360582, 0.127011, -0.737069
0.786368, 0.314986, 0.231313, -0.683526
0.786377, 0.069861, 0.759618, -0.155079
0.786728, 0.206525, 0.506016, -0.473268
0.787230, 0.043977, 0.778067, -0.097445
0.789204, 0.744677, -0.403796, -0.512516
0.789341, 0.647085, -0.319090, -0.659627
0.789432, 0.813778, -0.446648, -0.386991
0.791344, 0.882962, -0.472583, -0.249407
0.792201, 0.166019, 0.589654, -0.389618
0.792443, 0.954790, -0.487468, -0.097721
0.792969, 0.273350, 0.321905, -0.631609
0.793283, 0.542201, -0.192662, -0.767795
0.794120, 0.673918, -0.338393, -0.627786
0.794868, 1.000000, -0.485444, 0.000000
0.795028, 0.858972, -0.456793, -0.300152
0.795044, 0.093668, 0.713079, -0.220631
0.795756, 0.338010, 0.166280, -0.735481
0.796853, 0.406941, 0.025196, -0.792349
0.796964, 0.449151, -0.049431, -0.802927
0.797261, 0.700008, -0.356250, -0.591612
0.797768, 0.789005, -0.417128, -0.438596
0.798409, 0.122467, 0.660238, -0.295428
0.798500, 0.021641, 0.763238, -0.051496
0.798757, 0.494442, -0.121643, -0.799810
0.799598, 0.600352, -0.257863, -0.725545
0.800081, 0.722225, -0.368954, -0.557831
0.800257, 0.230229, 0.414789, -0.561853
0.801292, 0.930704, -0.464669, -0.151017
0.802492, 0.570103, -0.220923, -0.758197
0.802824, 0.294751, 0.254581, -0.692289
0.803621, 0.188766, 0.509036, -0.472011
0.804625, 0.834107, -0.426934, -0.354516
0.806001, 0.763821, -0.386961, -0.490150
0.806114, 0.627376, -0.278315, -0.701358
0.806522, 0.382500, 0.065419, -0.797949
0.806523, 0.518344, -0.152003, -0.800524
0.806692, 0.065448, 0.715364, -0.164425
0.808314, 0.976842, -0.456290, -0.051266
0.808395, 0.904492, -0.443742, -0.209121
0.808771, 0.147832, 0.586622, -0.378834
0.810404, 0.253959, 0.336013, -0.637187
0.810661, 0.472656, -0.086109, -0.823599
0.811434, 0.360165, 0.104685, -0.790840
0.811617, 0.000000, 0.734693, 0.000000
0.811660, 0.654938, -0.296698, -0.670239
0.812235, 0.426234, -0.013435, -0.826287
0.812809, 0.316305, 0.192644, -0.745940
0.814012, 0.042388, 0.715437, -0.110507
0.814182, 0.809037, -0.396189, -0.408808
0.814849, 0.878621, -0.422751, -0.266279
0.814862, 0.210602, 0.429110, -0.552328
0.815284, 0.544680, -0.180126, -0.794697
0.815553, 0.739126, -0.354162, -0.539842
0.815685, 0.682838, -0.313855, -0.632709
0.816284, 0.107283, 0.638942, -0.285567
0.817741, 0.952171, -0.433442, -0.106738
0.819498, 0.170617, 0.509893, -0.461792
0.819554, 0.085343, 0.661860, -0.230020
0.820168, 0.338002, 0.140051, -0.786643
0.820552, 1.000000, -0.430603, 0.000000
0.820790, 0.853549, -0.401931, -0.321285
0.820876, 0.448037, -0.048225, -0.841924
0.820976, 0.276914, 0.265006, -0.704228
0.822297, 0.587125, -0.220019, -0.763685
0.822362, 0.710672, -0.323687, -0.593379
0.822416, 0.783953, -0.367606, -0.461845
0.822992, 0.402583, 0.022708, -0.837634
0.823765, 0.129627, 0.581547, -0.358932
0.824830, 0.497307, -0.115492, -0.835610
0.824903, 0.925755, -0.413358, -0.166499
0.825024, 0.611160, -0.240183, -0.739438
0.826094, 0.021510, 0.693759, -0.059773
0.826749, 0.563482, -0.191232, -0.791652
0.826854, 0.233912, 0.348113, -0.633641
0.828261, 0.524378, -0.146917, -0.824410
0.829817, 0.636622, -0.256375, -0.711214
0.830232, 0.828357, -0.372545, -0.377140
0.831052, 0.299649, 0.202243, -0.761132
0.831112, 0.759357, -0.337877, -0.512603
0.831745, 0.377481, 0.060086, -0.840297
0.831922, 0.899185, -0.392235, -0.226710
0.831929, 0.061999, 0.651592, -0.178375
0.832692, 0.192125, 0.427322, -0.547330
0.834045, 0.662559, -0.270749, -0.677702
0.834124, 0.472176, -0.080409, -0.857018
0.834131, 0.973478, -0.400709, -0.060543
0.836412, 0.152052, 0.502910, -0.446450
0.837026, 0.687978, -0.284043, -0.640216
0.837238, 0.256905, 0.278119, -0.703149
0.837990, 0.352971, 0.096989, -0.833692
0.838329, 0.733668, -0.310296, -0.563643
0.838776, 0.872818, -0.370254, -0.286242
0.838828, 0.423140, -0.012600, -0.867726
0.838863, 0.000000, 0.661736, 0.000000
0.839207, 0.803338, -0.343773, -0.431844
0.840048, 0.324684, 0.143838, -0.810428
0.840848, 0.107202, 0.570166, -0.322371
0.841743, 0.946293, -0.380034, -0.123173
0.842078, 0.214317, 0.356342, -0.622675
0.842231, 0.447800, -0.047025, -0.872261
0.842256, 0.042529, 0.637213, -0.128516
0.842882, 0.083867, 0.596621, -0.255147
0.843777, 0.544029, -0.156563, -0.826935
0.844523, 1.000000, -0.378523, 0.000000
0.846086, 0.847162, -0.346425, -0.343776
0.847048, 0.514414, -0.123725, -0.852615
0.847055, 0.595756, -0.200326, -0.777724
0.847125, 0.172256, 0.430952, -0.525378
0.847506, 0.571506, -0.178756, -0.804650
0.847539, 0.711411, -0.281203, -0.607732
0.847553, 0.130549, 0.510859, -0.404520
0.847597, 0.778734, -0.315905, -0.484007
0.848020, 0.396769, 0.022576, -0.875093
0.848417, 0.919385, -0.360637, -0.185350
0.848623, 0.278202, 0.216922, -0.762638
0.850118, 0.619993, -0.216006, -0.750095
0.850690, 0.489351, -0.094417, -0.870638
0.853215, 0.020362, 0.615455, -0.064948
0.854060, 0.238619, 0.281277, -0.700879
0.854091, 0.644077, -0.228078, -0.719659
0.855494, 0.892330, -0.339038, -0.247810
0.855631, 0.753461, -0.288574, -0.536399
0.856078, 0.821706, -0.316439, -0.401070
0.856156, 0.300571, 0.166456, -0.809200
0.856990, 0.371001, 0.055463, -0.876761
0.857528, 0.667487, -0.238325, -0.686451
0.857565, 0.980656, -0.346910, -0.045199
0.859114, 0.066227, 0.566732, -0.217455
0.859874, 0.689804, -0.247866, -0.651322
0.859968, 0.464971, -0.063809, -0.890719
0.860689, 0.346178, 0.088341, -0.865778
0.861504, 0.195317, 0.346782, -0.615614
0.861896, 0.959903, -0.336708, -0.094116
0.862806, 0.438413, -0.033350, -0.899498
0.862916, 0.322249, 0.123363, -0.846253
0.862966, 0.865872, -0.315667, -0.308474
0.864377, 0.147441, 0.428776, -0.486459
0.864471, 0.729696, -0.260619, -0.584395
0.864509, 0.413805, -0.003640, -0.901223
0.864580, 0.093832, 0.515420, -0.314861
0.864968, 0.797434, -0.288750, -0.454014
0.865229, 0.531824, -0.127063, -0.857425
0.865914, 0.259125, 0.221857, -0.761302
0.866600, 0.000000, 0.576091, 0.000000
0.866834, 0.118591, 0.470830, -0.399888
0.866874, 0.219613, 0.289094, -0.683542
0.867324, 0.936365, -0.321397, -0.149685
0.867474, 0.041358, 0.559972, -0.141488
0.867733, 0.556622, -0.145630, -0.837154
0.869653, 0.171183, 0.369805, -0.565787
0.869847, 0.505383, -0.099976, -0.881222
0.870388, 0.582466, -0.162704, -0.811455
0.871115, 0.840075, -0.290498, -0.367253
0.871867, 1.000000, -0.314831, 0.000000
0.872011, 0.607045, -0.178090, -0.782604
0.872275, 0.910855, -0.305562, -0.209529
0.872382, 0.772510, -0.264120, -0.506924
0.873394, 0.387131, 0.027139, -0.906146
0.874619, 0.706767, -0.231409, -0.630349
0.875570, 0.631487, -0.188987, -0.751528
0.876260, 0.283885, 0.165271, -0.818655
0.877332, 0.481704, -0.073752, -0.901895
0.879282, 0.655818, -0.197531, -0.717286
0.879548, 0.884337, -0.283421, -0.271500
0.880910, 0.021089, 0.524779, -0.076577
0.881398, 0.747255, -0.236431, -0.559201
0.881892, 0.680464, -0.206169, -0.678909
0.882469, 0.060230, 0.493635, -0.219461
0.882967, 0.815058, -0.257080, -0.423692
0.882987, 0.360944, 0.054236, -0.906314
0.883180, 0.307216, 0.122985, -0.859432
0.883539, 0.333932, 0.087382, -0.887371
0.883993, 0.238088, 0.221902, -0.752201
0.884034, 0.977782, -0.286846, -0.053526
0.884157, 0.456123, -0.047205, -0.918753
0.885001, 0.082100, 0.462249, -0.300912
0.885247, 0.431919, -0.024170, -0.924957
0.887079, 0.209330, 0.259536, -0.694397
0.887473, 0.132363, 0.381548, -0.478384
0.887603, 0.858522, -0.259344, -0.331509
0.888133, 0.954370, -0.276203, -0.109994
0.888175, 0.521636, -0.100357, -0.884734
0.888351, 0.184911, 0.295143, -0.635752
0.888418, 0.405685, 0.002593, -0.927879
0.889039, 0.106301, 0.415089, -0.392308
0.889714, 0.157158, 0.335002, -0.559293
0.890326, 0.543765, -0.114368, -0.866705
0.890488, 0.264572, 0.171495, -0.809746
0.890648, 0.790837, -0.233382, -0.476579
0.890935, 0.723035, -0.208917, -0.608572
0.891632, 0.929136, -0.264522, -0.170413
0.891726, 0.568251, -0.128953, -0.842318
0.893826, 0.000000, 0.482519, 0.000000
0.894111, 0.593780, -0.141460, -0.813476
0.895467, 0.499512, -0.077992, -0.907009
0.895565, 0.903227, -0.250728, -0.231588
0.896084, 0.041746, 0.459589, -0.161242
0.896337, 0.834098, -0.233431, -0.386814
0.896757, 0.765312, -0.212649, -0.529642
0.896793, 0.619074, -0.151752, -0.781293
0.897790, 1.000000, -0.256398, 0.000000
0.898903, 0.381166, 0.025069, -0.933066
0.899014, 0.698146, -0.184321, -0.656412
0.900454, 0.644516, -0.158917, -0.745698
0.902063, 0.473917, -0.054875, -0.927030
0.902909, 0.670370, -0.166382, -0.705503
0.903950, 0.341863, 0.062349, -0.917306
0.904060, 0.291744, 0.116667, -0.867833
0.904074, 0.876980, -0.226170, -0.293720
0.906065, 0.423823, -0.014698, -0.944786
0.906076, 0.317278, 0.086551, -0.898431
0.907194, 0.739174, -0.183770, -0.584170
0.907446, 0.066320, 0.396573, -0.266166
0.908009, 0.221724, 0.194894, -0.751976
0.908303, 0.021864, 0.424843, -0.088879
0.909223, 0.245729, 0.163014, -0.801163
0.909335, 0.973592, -0.229525, -0.065631
0.909413, 0.447981, -0.033173, -0.943158
0.910210, 0.807475, -0.196754, -0.447729
0.910561, 0.090366, 0.358253, -0.362849
0.910840, 0.195801, 0.220884, -0.695488
0.910909, 0.169632, 0.254456, -0.626511
0.910921, 0.116991, 0.323635, -0.460340
0.911351, 0.142672, 0.288309, -0.546169
0.911796, 0.360885, 0.038783, -0.937238
0.912046, 0.946278, -0.219619, -0.132626
0.912115, 0.523603, -0.081198, -0.899702
0.913175, 0.551014, -0.095201, -0.874073
0.913241, 0.270300, 0.128079, -0.847392
0.913877, 0.855342, -0.199094, -0.343847
0.914007, 0.400595, 0.004473, -0.951036
0.914859, 0.577971, -0.107067, -0.844453
0.915080, 0.919639, -0.208048, -0.196550
0.915313, 0.781829, -0.179382, -0.501525
0.917032, 0.715786, -0.157613, -0.631230
0.917211, 0.496031, -0.061181, -0.924072
0.917496, 0.604723, -0.116008, -0.811201
0.918514, 0.830382, -0.183450, -0.399488
0.918611, 0.893746, -0.195237, -0.257595
0.920265, 0.756363, -0.162745, -0.554043
0.920448, 0.000000, 0.381969, 0.000000
0.920546, 0.631409, -0.122603, -0.774247
0.920907, 0.687902, -0.141830, -0.682348
0.921940, 0.046361, 0.357334, -0.198226
0.922011, 1.000000, -0.201379, 0.000000
0.923236, 0.658908, -0.128374, -0.732120
0.925736, 0.468729, -0.040176, -0.945488
0.927830, 0.379135, 0.017696, -0.957666
0.927843, 0.334684, 0.050956, -0.934582
0.927921, 0.425028, -0.013326, -0.960912
0.928945, 0.309093, 0.070603, -0.912479
0.932005, 0.285569, 0.086734, -0.887714
0.932291, 0.233166, 0.132077, -0.802089
0.932341, 0.208019, 0.155597, -0.748781
0.932477, 0.072390, 0.292148, -0.317229
0.932700, 0.100562, 0.262250, -0.426275
0.933226, 0.873172, -0.158007, -0.307685
0.933246, 0.154824, 0.205095, -0.609048
0.933281, 0.181426, 0.178715, -0.683986
0.933411, 0.022728, 0.325382, -0.102921
0.933481, 0.127808, 0.231492, -0.523288
0.933553, 0.956619, -0.170124, -0.110248
0.933604, 0.980178, -0.171856, -0.050948
0.934123, 0.258339, 0.106298, -0.849276
0.934556, 0.537186, -0.066951, -0.898343
0.935090, 0.734472, -0.128007, -0.601254
0.935468, 0.930351, -0.161328, -0.174436
0.935548, 0.791774, -0.138770, -0.485506
0.935701, 0.563524, -0.076225, -0.870516
0.935912, 0.512082, -0.055003, -0.921660
0.936293, 0.447862, -0.024082, -0.960156
0.936688, 0.816512, -0.140949, -0.433716
0.936868, 0.356155, 0.030150, -0.954888
0.937369, 0.845737, -0.143874, -0.369214
0.937685, 0.590212, -0.083404, -0.838340
0.937850, 0.902968, -0.151173, -0.239211
0.938551, 0.400596, 0.001954, -0.968390
0.938848, 0.705363, -0.114189, -0.656125
0.939062, 0.764726, -0.126208, -0.541597
0.939508, 0.486467, -0.041117, -0.942086
0.940187, 0.617352, -0.088651, -0.801625
0.941165, 0.675767, -0.102984, -0.708825
0.942137, 0.645520, -0.093672, -0.759253
0.946293, 0.045905, 0.256832, -0.215579
0.946582, 0.000000, 0.276514, 0.000000
0.949551, 1.000000, -0.134206, 0.000000
0.951394, 0.423620, -0.008879, -0.973802
0.951973, 0.325992, 0.037876, -0.944003
0.953980, 0.300131, 0.049990, -0.920368
0.954741, 0.377736, 0.010984, -0.973258
0.954906, 0.088508, 0.185828, -0.401022
0.955130, 0.273578, 0.063275, -0.887727
0.955227, 0.467551, -0.024122, -0.960169
0.955228, 0.194200, 0.111421, -0.734748
0.955300, 0.220408, 0.094516, -0.794369
0.955341, 0.114396, 0.165115, -0.496438
0.955571, 0.167527, 0.127953, -0.664744
0.955571, 0.140972, 0.145871, -0.585431
0.955658, 0.886034, -0.106845, -0.281347
0.955943, 0.246452, 0.077421, -0.845074
0.956012, 0.943411, -0.112954, -0.146023
0.956452, 0.971737, -0.116778, -0.075873
0.956623, 0.859363, -0.101470, -0.341710
0.956934, 0.747424, -0.087068, -0.579815
0.956988, 0.548911, -0.047515, -0.893968
0.957176, 0.064713, 0.193701, -0.306216
0.957292, 0.915272, -0.105920, -0.213098
0.957315, 0.830790, -0.096801, -0.405352
0.957618, 0.720106, -0.081605, -0.632516
0.957643, 0.522564, -0.039642, -0.920595
0.957940, 0.350625, 0.022141, -0.963452
0.958128, 0.575806, -0.052956, -0.862799
0.958361, 0.803122, -0.091338, -0.465307
0.958502, 0.776498, -0.087676, -0.520888
0.958607, 0.024143, 0.217707, -0.123758
0.959266, 0.496220, -0.030684, -0.943035
0.959511, 0.691224, -0.073554, -0.685703
0.959886, 0.603261, -0.056803, -0.826809
0.960225, 0.661484, -0.067362, -0.737098
0.960819, 0.443322, -0.013604, -0.972320
0.961131, 0.631646, -0.060590, -0.785276
0.962125, 0.402653, 0.000282, -0.979330
0.972154, 0.000000, 0.170859, 0.000000
0.974027, 1.000000, -0.076321, 0.000000
0.975577, 0.045739, 0.122112, -0.236960
0.976275, 0.313130, 0.022293, -0.942878
0.977286, 0.951897, -0.060249, -0.128255
0.977296, 0.287025, 0.028261, -0.914924
0.977382, 0.898160, -0.055493, -0.255370
0.977668, 0.099873, 0.087893, -0.455805
0.977678, 0.260395, 0.035208, -0.877880
0.977704, 0.180316, 0.059929, -0.710588
0.977706, 0.206890, 0.051290, -0.775593
0.977799, 0.126689, 0.077839, -0.550227
0.977847, 0.925588, -0.056206, -0.191252
0.977862, 0.153530, 0.068396, -0.635355
0.977899, 0.479043, -0.014026, -0.959307
0.977944, 0.366137, 0.007950, -0.977396
0.977950, 0.338238, 0.014278, -0.963215
0.977998, 0.233469, 0.042442, -0.831220
0.978068, 0.844097, -0.050589, -0.377827
0.978072, 0.871316, -0.052155, -0.316736
0.978409, 0.977288, -0.060941, -0.064425
0.978412, 0.760515, -0.044641, -0.555885
0.978698, 0.422802, -0.003759, -0.982552
0.978774, 0.732986, -0.041935, -0.610433
0.978863, 0.534687, -0.021554, -0.913359
0.978881, 0.561714, -0.025083, -0.883719
0.978882, 0.816544, -0.047160, -0.438178
0.979077, 0.073189, 0.092280, -0.353408
0.979162, 0.705106, -0.039018, -0.663101
0.979586, 0.676259, -0.035895, -0.714685
0.979630, 0.788570, -0.043876, -0.497880
0.979705, 0.589304, -0.027316, -0.849055
0.979773, 0.507321, -0.016883, -0.938761
0.979952, 0.647194, -0.032726, -0.763321
0.980192, 0.452276, -0.008298, -0.973698
0.980223, 0.392586, 0.001614, -0.983935
0.980489, 0.617849, -0.029183, -0.808838
0.982486, 0.020013, 0.106299, -0.121987
1.000000, 0.000000, 0.000000, 0.000000
1.000000, 0.030936, 0.000000, -0.185903
1.000000, 0.057655, 0.000000, -0.294159
1.000000, 0.085657, 0.000000, -0.406775
1.000000, 0.112697, 0.000000, -0.505990
1.000000, 0.139670, 0.000000, -0.596361
1.000000, 0.166581, 0.000000, -0.676964
1.000000, 0.193337, 0.000000, -0.747246
1.000000, 0.220045, 0.000000, -0.807763
1.000000, 0.246890, 0.000000, -0.859044
1.000000, 0.273566, 0.000000, -0.900562
1.000000, 0.300022, 0.000000, -0.933093
1.000000, 0.325974, 0.000000, -0.956997
1.000000, 0.352860, 0.000000, -0.974280
1.000000, 0.379982, 0.000000, -0.983783
1.000000, 0.408530, 0.000000, -0.986143
1.000000, 0.436563, 0.000000, -0.981064
1.000000, 0.465138, 0.000000, -0.969067
1.000000, 0.492364, 0.000000, -0.952102
1.000000, 0.520472, 0.000000, -0.928528
1.000000, 0.548014, 0.000000, -0.900701
1.000000, 0.575635, 0.000000, -0.868084
1.000000, 0.603888, 0.000000, -0.830125
1.000000, 0.632815, 0.000000, -0.786995
1.000000, 0.661550, 0.000000, -0.740680
1.000000, 0.690101, 0.000000, -0.691211
1.000000, 0.718336, 0.000000, -0.639274
1.000000, 0.746211, 0.000000, -0.585333
1.000000, 0.773780, 0.000000, -0.529683
1.000000, 0.801847, 0.000000, -0.470316
1.000000, 0.829313, 0.000000, -0.411077
1.000000, 0.856088, 0.000000, -0.351952
1.000000, 0.882475, 0.000000, -0.292219
1.000000, 0.907977, 0.000000, -0.233704
1.000000, 0.932670, 0.000000, -0.175608
1.000000, 0.955843, 0.000000, -0.120070
1.000000, 0.978099, 0.000000, -0.062622
1.000000, 1.000000, 0.000000, 0.000000
