0.000000, 0.000000, 0.000000, 0.000000
0.000000, 0.029021, 0.000000, 0.057643
0.000000, 0.056003, 0.000000, 0.101530
0.000000, 0.082472, 0.000000, 0.140398
0.000000, 0.109014, 0.000000, 0.177552
0.000000, 0.136105, 0.000000, 0.214442
0.000000, 0.164611, 0.000000, 0.252963
0.000000, 0.194376, 0.000000, 0.293992
0.000000, 0.222208, 0.000000, 0.330470
0.000000, 0.251923, 0.000000, 0.369688
0.000000, 0.281839, 0.000000, 0.409162
0.000000, 0.310797, 0.000000, 0.447437
0.000000, 0.337786, 0.000000, 0.481712
0.000000, 0.365748, 0.000000, 0.517240
0.000000, 0.393541, 0.000000, 0.551157
0.000000, 0.422563, 0.000000, 0.587089
0.000000, 0.450038, 0.000000, 0.620010
0.000000, 0.477148, 0.000000, 0.651761
0.000000, 0.504111, 0.000000, 0.682455
0.000000, 0.531347, 0.000000, 0.712742
0.000000, 0.558609, 0.000000, 0.742416
0.000000, 0.584626, 0.000000, 0.769329
0.000000, 0.610989, 0.000000, 0.795756
0.000000, 0.636910, 0.000000, 0.820578
0.000000, 0.662307, 0.000000, 0.843233
0.000000, 0.688824, 0.000000, 0.865527
0.000000, 0.715827, 0.000000, 0.886413
0.000000, 0.742847, 0.000000, 0.905218
0.000000, 0.769486, 0.000000, 0.921250
0.000000, 0.795477, 0.000000, 0.934009
0.000000, 0.820995, 0.000000, 0.943225
0.000000, 0.846479, 0.000000, 0.948609
0.000000, 0.872229, 0.000000, 0.949405
0.000000, 0.898064, 0.000000, 0.941393
0.000000, 0.923541, 0.000000, 0.918559
0.000000, 0.948427, 0.000000, 0.980814
0.000000, 0.973004, 0.000000, 1.127886
0.000000, 1.000000, 0.000000, 0.000000
0.018189, 0.178444, 0.027118, 0.271745
0.018281, 0.267328, 0.025595, 0.389817
0.018734, 0.236793, 0.026759, 0.349573
0.018896, 0.409359, 0.024029, 0.570512
0.019293, 0.984915, -0.665643, 0.280235
0.019452, 0.297296, 0.026751, 0.429365
0.019654, 0.019337, 0.038837, 0.038127
0.019874, 0.149502, 0.030477, 0.232525
0.020665, 0.544990, 0.022811, 0.727341
0.020922, 0.517765, 0.023912, 0.697509
0.021053, 0.350280, 0.027881, 0.497284
0.021135, 0.436918, 0.026230, 0.603936
0.021183, 0.729813, 0.014768, 0.895697
0.021238, 0.702259, 0.016563, 0.875544
0.021523, 0.463839, 0.026056, 0.635890
0.021614, 0.490545, 0.025458, 0.666795
0.021764, 0.379852, 0.028245, 0.534149
0.021802, 0.756596, 0.013073, 0.912809
0.021824, 0.597310, 0.022198, 0.781686
0.021913, 0.674763, 0.018668, 0.853377
0.022110, 0.121583, 0.034988, 0.194430
0.022149, 0.208174, 0.032319, 0.312034
0.022371, 0.885957, -0.005994, 0.944175
0.022583, 0.624419, 0.021840, 0.808206
0.022661, 0.912242, -0.010108, 0.936718
0.022725, 0.572255, 0.024138, 0.756284
0.022739, 0.044448, 0.041866, 0.082023
0.022768, 0.859830, 0.000824, 0.947994
0.022816, 0.783577, 0.011128, 0.927239
0.022823, 0.324628, 0.030834, 0.464926
0.023006, 0.095475, 0.037852, 0.158123
0.023281, 0.069970, 0.040254, 0.121387
0.023377, 0.937588, 0.071235, 0.997408
0.023454, 0.834113, 0.004971, 0.944810
0.023533, 0.808963, 0.008454, 0.937720
0.023741, 0.648317, 0.021673, 0.830243
0.023811, 0.961293, -0.083537, 0.824920
0.027795, 0.000000, 0.055585, 0.000000
0.032728, 1.000000, -0.993049, 0.000000
0.036759, 0.253549, 0.051880, 0.371229
0.037405, 0.282760, 0.051868, 0.409918
0.038200, 0.186654, 0.056444, 0.281774
0.038341, 0.400010, 0.049000, 0.558605
0.039483, 0.361481, 0.051918, 0.510759
0.040004, 0.161515, 0.060359, 0.247617
0.041235, 0.227539, 0.059254, 0.336938
0.041866, 0.557627, 0.045345, 0.739919
0.041888, 0.135269, 0.064872, 0.211916
0.041922, 0.716834, 0.030841, 0.884458
0.041932, 0.610503, 0.041557, 0.793365
0.042067, 0.531238, 0.047242, 0.711675
0.042143, 0.425026, 0.052795, 0.589292
0.042220, 0.688823, 0.034435, 0.863097
0.042281, 0.504629, 0.049021, 0.682196
0.042649, 0.309370, 0.058112, 0.444460
0.043108, 0.026966, 0.079219, 0.049625
0.043299, 0.451109, 0.053011, 0.620474
0.043413, 0.770163, 0.023437, 0.917343
0.043564, 0.743133, 0.028121, 0.901825
0.043582, 0.477199, 0.052007, 0.650856
0.044124, 0.660426, 0.039078, 0.839326
0.044142, 0.900916, -0.014999, 0.935126
0.044823, 0.874262, -0.010087, 0.934787
0.045194, 0.928399, 0.035609, 0.986811
0.045648, 0.978298, -0.974750, -0.050116
0.045654, 0.054995, 0.079271, 0.095751
0.045720, 0.107484, 0.073047, 0.173070
0.045957, 0.848114, 0.004093, 0.940124
0.046430, 0.585445, 0.048148, 0.768267
0.046816, 0.081883, 0.077595, 0.136321
0.046856, 0.797383, 0.019391, 0.928992
0.047154, 0.335929, 0.063080, 0.478026
0.047368, 0.954749, -0.540911, 0.408037
0.047404, 0.822351, 0.013112, 0.936682
0.049148, 0.633976, 0.046365, 0.815381
0.049440, 0.204381, 0.072106, 0.305456
0.050685, 0.382642, 0.065629, 0.536581
0.051706, 0.000000, 0.093715, 0.000000
0.056084, 0.268467, 0.078313, 0.389964
0.059642, 1.000000, -0.912665, 0.000000
0.061108, 0.176389, 0.090690, 0.266509
0.061181, 0.245439, 0.086643, 0.359236
0.062059, 0.291743, 0.085429, 0.420576
0.062131, 0.409234, 0.078771, 0.568851
0.062153, 0.704678, 0.047600, 0.872189
0.062621, 0.676033, 0.052874, 0.849650
0.062828, 0.357928, 0.082693, 0.504796
0.063155, 0.566832, 0.067324, 0.747265
0.063188, 0.150920, 0.095802, 0.231881
0.063369, 0.491674, 0.074401, 0.665679
0.063456, 0.124141, 0.098512, 0.194517
0.063850, 0.607850, 0.063420, 0.788648
0.064253, 0.517996, 0.073217, 0.695018
0.064449, 0.542662, 0.071156, 0.721659
0.064835, 0.436996, 0.080273, 0.602141
0.065005, 0.916045, -0.021477, 0.925067
0.065082, 0.756590, 0.038042, 0.905027
0.065652, 0.729700, 0.044856, 0.888743
0.065684, 0.782337, 0.030821, 0.917102
0.065933, 0.463256, 0.079618, 0.632764
0.066168, 0.020295, 0.115019, 0.035307
0.066303, 0.889203, 0.005423, 0.948811
0.066808, 0.316489, 0.090514, 0.452586
0.066952, 0.221048, 0.096279, 0.326592
0.067097, 0.945212, -0.821831, 0.127533
0.067411, 0.043396, 0.115107, 0.073848
0.067822, 0.863042, -0.010758, 0.922212
0.068497, 0.650547, 0.061935, 0.827223
0.069047, 0.069167, 0.114107, 0.114324
0.069561, 0.837080, 0.005961, 0.924906
0.070399, 0.974915, -0.977592, -0.034322
0.070706, 0.095641, 0.112730, 0.153001
0.071761, 0.811158, 0.021966, 0.924020
0.072791, 0.195719, 0.106368, 0.292004
0.073150, 0.382082, 0.094521, 0.534041
0.074854, 0.585490, 0.077325, 0.765315
0.075997, 0.338155, 0.101415, 0.479475
0.077068, 0.627354, 0.073401, 0.804982
0.078350, 0.000000, 0.134092, 0.000000
0.079247, 0.268443, 0.110482, 0.388788
0.080655, 0.692213, 0.064067, 0.858442
0.083434, 0.480335, 0.098958, 0.650764
0.084089, 0.240144, 0.119209, 0.350877
0.084248, 0.402840, 0.107075, 0.558788
0.084316, 0.116180, 0.130799, 0.181105
0.085003, 0.929408, -0.903275, 0.041224
0.085197, 0.167845, 0.126651, 0.253033
0.085231, 0.141670, 0.129494, 0.217247
0.085237, 0.295351, 0.116800, 0.423553
0.085256, 1.000000, -0.919565, 0.000000
0.085453, 0.507308, 0.098359, 0.681022
0.085658, 0.426167, 0.106849, 0.587397
0.086042, 0.791631, 0.034997, 0.911871
0.086299, 0.558616, 0.092785, 0.735984
0.086780, 0.743334, 0.054310, 0.890915
0.087220, 0.668316, 0.074688, 0.838247
0.087519, 0.533456, 0.097495, 0.709443
0.087707, 0.903879, -0.210283, 0.721515
0.087801, 0.958216, -0.912623, 0.037786
0.088073, 0.715702, 0.063416, 0.873519
0.088291, 0.361273, 0.115792, 0.507572
0.089060, 0.451182, 0.108589, 0.616494
0.089299, 0.766739, 0.046934, 0.901365
0.089659, 0.878833, 0.056673, 0.983890
0.090262, 0.026085, 0.149996, 0.043167
0.090291, 0.603964, 0.089882, 0.780952
0.091002, 0.052791, 0.148682, 0.085906
0.091324, 0.215954, 0.131458, 0.318191
0.091484, 0.853920, 0.018636, 0.934327
0.092624, 0.079184, 0.147723, 0.126102
0.093492, 0.318899, 0.126093, 0.453215
0.093687, 0.829323, 0.011824, 0.910289
0.094440, 0.190778, 0.138031, 0.283684
0.095224, 0.645736, 0.086378, 0.817679
0.098998, 0.979956, -0.948700, 0.001549
0.099553, 0.577985, 0.103539, 0.753810
0.099717, 0.383591, 0.128504, 0.534070
0.100205, 0.254105, 0.140606, 0.368127
0.100937, 0.101106, 0.157088, 0.157328
0.101784, 0.807777, 0.028717, 0.905541
0.102186, 0.000000, 0.166878, 0.000000
0.102939, 0.690997, 0.080859, 0.851530
0.103137, 0.470945, 0.123130, 0.637870
0.103346, 0.341842, 0.137159, 0.481543
0.103482, 0.278518, 0.143108, 0.400257
0.104642, 0.942015, -0.913859, 0.032349
0.104760, 0.623694, 0.099688, 0.796231
0.105945, 0.496374, 0.123056, 0.666609
0.106334, 0.733476, 0.068417, 0.877311
0.107110, 0.127287, 0.163155, 0.194544
0.107576, 0.408672, 0.135797, 0.563843
0.107918, 0.152880, 0.161450, 0.230557
0.108476, 0.522705, 0.122023, 0.695329
0.109381, 0.918435, -0.990859, -0.054824
0.109556, 0.781986, 0.046651, 0.896311
0.109949, 0.432631, 0.135988, 0.592391
0.110044, 0.550254, 0.119177, 0.724069
0.111218, 0.231120, 0.157971, 0.336345
0.111936, 0.301134, 0.152518, 0.428993
0.111937, 0.894895, -0.646035, 0.267662
0.112044, 0.667361, 0.094776, 0.831051
0.112213, 0.176882, 0.164914, 0.263041
0.113718, 0.870985, -0.092360, 0.808311
0.113750, 1.000000, -0.943739, 0.000000
0.114168, 0.041166, 0.182668, 0.065211
0.114243, 0.756364, 0.061983, 0.885066
0.114591, 0.066130, 0.180945, 0.103683
0.114752, 0.019568, 0.184234, 0.031240
0.114869, 0.205076, 0.165939, 0.301520
0.115000, 0.599703, 0.114485, 0.771694
0.115051, 0.364628, 0.150112, 0.508959
0.115169, 0.711023, 0.082453, 0.860605
0.115887, 0.847067, 0.060549, 0.953160
0.116363, 0.961905, -0.939632, 0.008840
0.118244, 0.454013, 0.143255, 0.616147
0.120696, 0.323939, 0.161914, 0.457384
0.121138, 0.824318, 0.026357, 0.900309
0.121320, 0.644923, 0.108765, 0.810239
0.121363, 0.088597, 0.188207, 0.136712
0.121810, 0.258654, 0.170102, 0.372298
0.122916, 0.575286, 0.127566, 0.746377
0.124460, 0.389249, 0.159268, 0.538275
0.126015, 0.479781, 0.148518, 0.644473
0.126935, 0.112600, 0.193445, 0.171143
0.127419, 0.800214, 0.035650, 0.884702
0.127969, 0.688095, 0.099531, 0.840517
0.128623, 0.937858, -0.919806, 0.018562
0.128893, 0.505329, 0.147500, 0.672375
0.129048, 0.980522, -0.948565, 0.001399
0.129259, 0.000000, 0.205274, 0.000000
0.129632, 0.281273, 0.178429, 0.401254
0.130009, 0.732648, 0.080948, 0.865547
0.130339, 0.622313, 0.122914, 0.788219
0.130460, 0.138032, 0.195562, 0.207170
0.130920, 0.346487, 0.172794, 0.484761
0.131275, 0.530757, 0.145365, 0.699255
0.131453, 0.414123, 0.164720, 0.567491
0.132835, 0.162678, 0.196019, 0.241430
0.133330, 0.775470, 0.056088, 0.877976
0.133821, 0.913635, -0.948214, -0.023174
0.134123, 0.238932, 0.189168, 0.344690
0.134215, 0.189175, 0.194777, 0.277526
0.135111, 0.553930, 0.144601, 0.722202
0.135848, 0.889483, -0.952582, -0.049425
0.136232, 0.216628, 0.194554, 0.314596
0.136239, 0.051190, 0.212248, 0.078858
0.136873, 0.436869, 0.168006, 0.593517
0.137908, 0.865374, -0.514536, 0.361194
0.138029, 0.304760, 0.187083, 0.430815
0.138058, 0.665693, 0.115162, 0.820613
0.139276, 0.599672, 0.137319, 0.765318
0.139360, 0.023814, 0.218502, 0.036833
0.140847, 0.370509, 0.182510, 0.513410
0.141233, 0.709119, 0.098691, 0.847472
0.141711, 0.841753, -0.027677, 0.831121
0.141833, 0.752422, 0.074319, 0.866156
0.142091, 0.074626, 0.218631, 0.113681
0.142478, 1.000000, -0.949270, 0.000000
0.143226, 0.461362, 0.171544, 0.620687
0.143248, 0.957777, -0.942820, -0.001968
0.146795, 0.817700, 0.060048, 0.904732
0.147203, 0.259793, 0.204808, 0.371145
0.147362, 0.578257, 0.150857, 0.742889
0.147385, 0.643264, 0.130561, 0.799816
0.147559, 0.327733, 0.196833, 0.458996
0.147866, 0.098596, 0.224568, 0.148526
0.149061, 0.487043, 0.173479, 0.648297
0.149406, 0.395309, 0.189711, 0.542451
0.152054, 0.123487, 0.227813, 0.184022
0.152146, 0.512346, 0.171679, 0.674957
0.153058, 0.794155, 0.042802, 0.862421
0.153157, 0.933408, -0.926121, -0.000667
0.153806, 0.686809, 0.116817, 0.827730
0.154374, 0.000000, 0.239305, 0.000000
0.154565, 0.284341, 0.211771, 0.402461
0.154592, 0.148773, 0.228440, 0.219581
0.154916, 0.203442, 0.221948, 0.294534
0.155045, 0.175062, 0.225833, 0.256044
0.155486, 0.728855, 0.094495, 0.848280
0.156231, 0.620802, 0.145822, 0.778210
0.156663, 0.977459, -0.946347, -0.003028
0.156822, 0.535408, 0.171319, 0.697717
0.156903, 0.040269, 0.241623, 0.061003
0.157089, 0.351505, 0.205916, 0.487570
0.157297, 0.419433, 0.195494, 0.569958
0.157862, 0.907760, -0.911405, -0.003675
0.158213, 0.234305, 0.222813, 0.335794
0.158701, 0.771257, 0.060927, 0.853535
0.159409, 0.557252, 0.168290, 0.718941
0.159795, 0.883527, -0.933812, -0.045031
0.161802, 0.443399, 0.196540, 0.596915
0.162704, 0.859238, -0.917017, -0.057794
0.163799, 0.062289, 0.249921, 0.093516
0.164030, 0.307781, 0.221209, 0.431442
0.164039, 0.664131, 0.134238, 0.807859
0.165368, 0.598345, 0.161494, 0.755586
0.166162, 0.376264, 0.213612, 0.516698
0.166794, 0.834148, -0.428639, 0.395963
0.167355, 0.469039, 0.197844, 0.624776
0.168037, 0.020230, 0.257589, 0.030508
0.168453, 0.707116, 0.113459, 0.829925
0.168707, 0.747832, 0.083911, 0.842711
0.169114, 0.084688, 0.255370, 0.126050
0.169357, 1.000000, -0.945850, 0.000000
0.169743, 0.262462, 0.234933, 0.371753
0.169941, 0.953452, -0.938824, -0.010630
0.171976, 0.496101, 0.196902, 0.653370
0.173134, 0.810865, 0.029155, 0.832569
0.173351, 0.331656, 0.229845, 0.460350
0.173410, 0.575564, 0.176385, 0.732243
0.173457, 0.108841, 0.259258, 0.160745
0.173461, 0.641540, 0.151192, 0.787339
0.173762, 0.215554, 0.246360, 0.308561
0.174938, 0.401037, 0.220184, 0.545026
0.175051, 0.187624, 0.251986, 0.270824
0.176626, 0.134592, 0.260839, 0.197092
0.176642, 0.926067, -0.924620, -0.016718
0.177243, 0.160210, 0.258589, 0.232878
0.177436, 0.521517, 0.196239, 0.678520
0.179718, 0.286545, 0.244855, 0.401720
0.179840, 0.788246, 0.074432, 0.859629
0.180105, 0.684417, 0.133220, 0.811030
0.181667, 0.000000, 0.276734, 0.000000
0.181678, 0.243509, 0.253506, 0.344978
0.182138, 0.618750, 0.167724, 0.765954
0.182157, 0.043438, 0.276311, 0.064538
0.182172, 0.979942, -0.940994, -0.006322
0.182258, 0.356618, 0.237157, 0.489968
0.182281, 0.548326, 0.193460, 0.703368
0.182675, 0.900313, -0.906154, -0.020694
0.182893, 0.727404, 0.103369, 0.825203
0.183020, 0.425690, 0.225110, 0.572388
0.183489, 0.766221, 0.064449, 0.825680
0.183900, 0.876784, -0.886785, -0.021248
0.185307, 0.449808, 0.222513, 0.599145
0.186121, 0.849728, -0.886625, -0.047992
0.189310, 0.310611, 0.253728, 0.431076
0.189687, 0.477985, 0.220775, 0.629328
0.190365, 0.661570, 0.152366, 0.791667
0.190562, 0.067297, 0.286384, 0.099041
0.191208, 0.595562, 0.184708, 0.743050
0.191307, 0.381890, 0.243848, 0.519115
0.193470, 0.825474, -0.884881, -0.085089
0.193547, 0.962368, -0.934170, -0.013793
0.194325, 0.091229, 0.289400, 0.133309
0.194703, 0.225487, 0.273502, 0.319147
0.194936, 0.022423, 0.294193, 0.033069
0.195258, 0.704732, 0.125737, 0.808561
0.195313, 0.200241, 0.277821, 0.285142
0.195507, 0.940119, -0.927106, -0.021682
0.195605, 0.571597, 0.197942, 0.720249
0.195925, 0.266223, 0.269427, 0.373028
0.196113, 0.502994, 0.220895, 0.653970
0.196920, 0.118756, 0.290436, 0.172485
0.196959, 0.173813, 0.283678, 0.249060
0.197499, 0.747958, 0.084362, 0.810669
0.197581, 1.000000, -0.936792, 0.000000
0.197957, 0.336002, 0.260555, 0.461536
0.199565, 0.637914, 0.171270, 0.771169
0.199983, 0.801083, -0.403556, 0.355959
0.200053, 0.530875, 0.216363, 0.680903
0.200299, 0.407200, 0.249555, 0.547285
0.200491, 0.146052, 0.291834, 0.210155
0.202061, 0.915417, -0.914427, -0.031370
0.204291, 0.866341, -0.878711, -0.039665
0.205201, 0.289189, 0.277865, 0.401107
0.205207, 0.459213, 0.242762, 0.604559
0.205883, 0.774188, 0.132122, 0.867471
0.206548, 0.682484, 0.146652, 0.790873
0.206908, 0.361353, 0.267047, 0.491052
0.207343, 0.046642, 0.310414, 0.068055
0.207681, 0.613008, 0.189882, 0.749117
0.207790, 0.000000, 0.312021, 0.000000
0.208785, 0.433013, 0.253431, 0.574589
0.208991, 0.555754, 0.216124, 0.700935
0.209016, 0.725261, 0.109070, 0.798399
0.209391, 0.246164, 0.290494, 0.344840
0.209501, 0.891465, -0.899030, -0.041420
0.212096, 0.981279, -0.929474, -0.008978
0.212152, 0.843172, -0.855569, -0.045309
0.213462, 0.315322, 0.283989, 0.432812
0.214727, 0.483350, 0.246401, 0.627798
0.215630, 0.219354, 0.302536, 0.308058
0.215723, 0.099156, 0.317348, 0.142637
0.215910, 0.659060, 0.167800, 0.773000
0.216037, 0.585932, 0.209320, 0.723888
0.216175, 0.385836, 0.273205, 0.518436
0.216777, 0.071238, 0.321243, 0.102818
0.216952, 0.512787, 0.239319, 0.657090
0.217278, 0.958919, -0.923931, -0.020123
0.217573, 0.193445, 0.308906, 0.273034
0.218870, 0.168444, 0.313731, 0.238662
0.219663, 0.819353, -0.861592, -0.083173
0.219994, 0.934028, -0.915965, -0.031915
0.220359, 0.023394, 0.328388, 0.033857
0.220545, 0.124631, 0.321417, 0.178031
0.221596, 0.748163, 0.115615, 0.813800
0.222433, 0.341017, 0.290398, 0.463018
0.222503, 0.703501, 0.130716, 0.780195
0.223147, 0.267641, 0.305118, 0.370625
0.223405, 0.793395, -0.840015, -0.104968
0.224190, 0.634357, 0.188838, 0.753565
0.224808, 0.410388, 0.277627, 0.545020
0.224975, 0.537782, 0.237863, 0.677923
0.225772, 0.146415, 0.326036, 0.207760
0.225978, 0.456164, 0.266448, 0.595423
0.226045, 0.870393, -0.880239, -0.056665
0.226790, 1.000000, -0.922981, 0.000000
0.228086, 0.294529, 0.306473, 0.403794
0.228298, 0.910968, -0.903540, -0.044569
0.229843, 0.768465, -0.299565, 0.392539
0.230519, 0.609641, 0.207949, 0.733586
0.231256, 0.564219, 0.232087, 0.698372
0.232056, 0.047193, 0.343443, 0.067675
0.232339, 0.680522, 0.156611, 0.767274
0.232350, 0.364513, 0.297518, 0.489291
0.232532, 0.239141, 0.321991, 0.331742
0.233459, 0.000000, 0.346202, 0.000000
0.234183, 0.498030, 0.261601, 0.636000
0.234376, 0.726215, 0.119733, 0.781036
0.234525, 0.848218, -0.855832, -0.061779
0.235359, 0.432799, 0.283675, 0.567231
0.236636, 0.086685, 0.346565, 0.123280
0.236893, 0.212658, 0.331828, 0.296026
0.237502, 0.321455, 0.313225, 0.435760
0.238464, 0.953503, -0.911840, -0.026970
0.239029, 0.890673, -0.889392, -0.057711
0.240356, 0.185926, 0.339922, 0.259418
0.240367, 0.977639, -0.914621, -0.013284
0.240414, 0.655339, 0.181122, 0.751154
0.240606, 0.109986, 0.349629, 0.155510
0.240872, 0.476434, 0.275898, 0.611547
0.241151, 0.388418, 0.302259, 0.515292
0.241409, 0.587240, 0.228453, 0.711039
0.242639, 0.521114, 0.260924, 0.655045
0.242664, 0.827510, -0.845034, -0.080834
0.244314, 0.804762, -0.810420, -0.073792
0.244469, 0.163612, 0.348866, 0.229051
0.245599, 0.023221, 0.361933, 0.033017
0.246031, 0.931077, -0.902257, -0.040920
0.246459, 0.066664, 0.361228, 0.094489
0.247191, 0.255856, 0.338068, 0.350813
0.247460, 0.278862, 0.334079, 0.380124
0.247665, 0.135763, 0.356123, 0.190386
0.248323, 0.780111, -0.826802, -0.123125
0.248851, 0.343579, 0.322401, 0.460291
0.248873, 0.701754, 0.159781, 0.774789
0.248980, 0.631843, 0.203283, 0.733228
0.249165, 0.750157, -0.319173, 0.328983
0.249365, 0.545226, 0.256123, 0.673447
0.250722, 0.454288, 0.293769, 0.585401
0.250845, 0.411037, 0.307315, 0.538417
0.251293, 0.303718, 0.334020, 0.410657
0.251725, 0.868498, -0.872049, -0.074063
0.254036, 1.000000, -0.907309, 0.000000
0.254643, 0.609994, 0.222749, 0.717248
0.256243, 0.674153, 0.166806, 0.739352
0.256551, 0.910112, -0.889530, -0.055633
0.257238, 0.725989, 0.186922, 0.807632
0.257253, 0.228241, 0.355727, 0.313057
0.257346, 0.568316, 0.250470, 0.687614
0.257748, 0.367277, 0.327292, 0.486268
0.257962, 0.202572, 0.360723, 0.279150
0.258168, 0.500090, 0.284134, 0.628307
0.259056, 0.044574, 0.379183, 0.062812
0.259307, 0.000000, 0.380178, 0.000000
0.260415, 0.955847, -0.899189, -0.029254
0.261058, 0.845569, -0.852045, -0.086919
0.262083, 0.090180, 0.380096, 0.126188
0.262290, 0.432673, 0.313358, 0.558510
0.262893, 0.116893, 0.378268, 0.162880
0.264495, 0.154956, 0.376141, 0.214623
0.265756, 0.478457, 0.300410, 0.604312
0.265812, 0.323386, 0.348006, 0.432059
0.266409, 0.649085, 0.193776, 0.722864
0.266890, 0.767218, -0.763694, -0.094243
0.266944, 0.888754, -0.875179, -0.071267
0.266955, 0.524321, 0.281186, 0.646277
0.267202, 0.820378, -0.829908, -0.098610
0.267245, 0.389905, 0.332125, 0.509697
0.267511, 0.180911, 0.376933, 0.249254
0.267542, 0.592616, 0.242325, 0.697591
0.268199, 0.796131, -0.808339, -0.105826
0.268251, 0.978363, -0.897142, -0.014876
0.268970, 0.248564, 0.367314, 0.337372
0.271093, 0.293725, 0.360857, 0.393933
0.271633, 0.932642, -0.887401, -0.046250
0.272014, 0.022053, 0.396644, 0.030827
0.272062, 0.692038, 0.132699, 0.704187
0.272066, 0.271676, 0.367041, 0.366453
0.272927, 0.066737, 0.395977, 0.092960
0.274413, 0.456410, 0.317659, 0.578784
0.274576, 0.547593, 0.275098, 0.661203
0.274587, 0.347239, 0.352600, 0.458329
0.275392, 0.622454, 0.223020, 0.706954
0.276787, 0.740812, -0.807621, -0.192615
0.276850, 0.713463, 0.002813, 0.579697
0.277480, 0.136693, 0.395300, 0.188373
0.277505, 0.865587, -0.858365, -0.088676
0.277545, 0.411715, 0.336905, 0.530676
0.278587, 0.208805, 0.387046, 0.284448
0.281569, 1.000000, -0.888452, 0.000000
0.281645, 0.571977, 0.264811, 0.673905
0.282219, 0.670004, 0.165733, 0.699506
0.282575, 0.503016, 0.305232, 0.619757
0.282837, 0.107162, 0.405441, 0.147655
0.283509, 0.910221, -0.873435, -0.064092
0.284252, 0.369850, 0.357585, 0.481828
0.284989, 0.955516, -0.882533, -0.032944
0.285054, 0.231719, 0.390981, 0.312802
0.285054, 0.839298, -0.838954, -0.105399
0.285439, 0.043929, 0.413590, 0.060826
0.285876, 0.000000, 0.414847, 0.000000
0.286379, 0.308116, 0.376516, 0.408233
0.286740, 0.163907, 0.404256, 0.223895
0.287421, 0.786447, -0.794435, -0.124440
0.288043, 0.434002, 0.340269, 0.550538
0.288871, 0.762497, -0.756965, -0.117296
0.289041, 0.598976, 0.247362, 0.682351
0.289865, 0.481418, 0.322215, 0.596540
0.290073, 0.085487, 0.416803, 0.117548
0.290418, 0.644708, 0.208161, 0.700427
0.291515, 0.813647, -0.817254, -0.119650
0.292012, 0.526249, 0.300733, 0.634047
0.292615, 0.189367, 0.407938, 0.256574
0.292776, 0.330239, 0.378823, 0.433432
0.292842, 0.257824, 0.395891, 0.344653
0.292989, 0.887326, -0.859146, -0.082343
0.294213, 0.391619, 0.361987, 0.503030
0.295490, 0.978149, -0.877436, -0.016896
0.296874, 0.457529, 0.339616, 0.570373
0.297090, 0.283838, 0.395588, 0.376214
0.297617, 0.125429, 0.422834, 0.170953
0.297626, 0.693809, 0.015586, 0.541927
0.297738, 0.932217, -0.869235, -0.052088
0.298259, 0.721911, -0.747294, -0.177071
0.298611, 0.021448, 0.431137, 0.029449
0.298750, 0.550787, 0.290181, 0.647594
0.300603, 0.860108, -0.842590, -0.102607
0.300675, 0.063938, 0.432218, 0.087525
0.300970, 0.621485, 0.224997, 0.673342
0.302113, 0.352127, 0.383602, 0.456372
0.303875, 0.147904, 0.428287, 0.200246
0.303994, 0.213993, 0.418685, 0.286886
0.304024, 0.575830, 0.274513, 0.658446
0.304125, 0.413151, 0.365047, 0.522554
0.304271, 0.745447, -0.739643, -0.139589
0.305316, 0.666707, 0.221286, 0.720020
0.308522, 0.504957, 0.326157, 0.607206
0.308881, 1.000000, -0.867561, 0.000000
0.309144, 0.794786, -0.795596, -0.140315
0.309279, 0.835188, -0.824231, -0.121608
0.309376, 0.238680, 0.420317, 0.317036
0.309697, 0.104971, 0.440527, 0.142299
0.309794, 0.308409, 0.404850, 0.402831
0.310349, 0.955749, -0.863479, -0.035982
0.310394, 0.909002, -0.854408, -0.072309
0.311251, 0.771441, -0.772257, -0.147861
0.311336, 0.172571, 0.434623, 0.231838
0.312089, 0.374032, 0.387874, 0.477820
0.312578, 0.041585, 0.448616, 0.056558
0.312902, 0.000000, 0.449617, 0.000000
0.312991, 0.480008, 0.343761, 0.583428
0.313525, 0.599034, 0.257484, 0.659402
0.313550, 0.434674, 0.365995, 0.540562
0.315339, 0.879893, -0.841136, -0.095389
0.315768, 0.641776, 0.177449, 0.630671
0.315896, 0.264645, 0.422935, 0.348140
0.316220, 0.530481, 0.315787, 0.621275
0.317572, 0.084346, 0.452581, 0.114033
0.318834, 0.331856, 0.408884, 0.427843
0.319123, 0.456344, 0.361394, 0.558730
0.319176, 0.196078, 0.440554, 0.260958
0.319313, 0.813869, -0.805012, -0.138514
0.319415, 0.709494, -0.749017, -0.215009
0.322094, 0.395993, 0.390699, 0.497800
0.322208, 0.684443, -0.427518, 0.056043
0.322436, 0.128827, 0.454566, 0.172830
0.322517, 0.978261, -0.855787, -0.018417
0.322703, 0.555069, 0.301051, 0.631160
0.323263, 0.933398, -0.849744, -0.055950
0.323589, 0.288739, 0.426405, 0.375613
0.324182, 0.734267, -0.722734, -0.160282
0.325578, 0.855542, -0.824222, -0.116388
0.326201, 0.020270, 0.466508, 0.027324
0.327357, 0.061448, 0.466527, 0.082657
0.327531, 0.618471, 0.246592, 0.654650
0.328045, 0.577966, 0.281763, 0.635630
0.328797, 0.154123, 0.459208, 0.205168
0.328872, 0.354788, 0.412982, 0.450661
0.329563, 0.221301, 0.449350, 0.291399
0.329610, 0.759076, -0.755638, -0.168091
0.330568, 0.660488, 0.068670, 0.511674
0.330960, 0.895508, -0.834246, -0.088372
0.331782, 0.418375, 0.391286, 0.516549
0.332554, 0.491868, 0.353088, 0.581765
0.333030, 0.787343, -0.779550, -0.161305
0.333260, 0.244976, 0.448394, 0.319839
0.334591, 0.515633, 0.338354, 0.597623
0.335389, 0.108056, 0.472741, 0.143933
0.335467, 0.311864, 0.434067, 0.399719
0.336197, 1.000000, -0.844687, 0.000000
0.336529, 0.956482, -0.841950, -0.038271
0.336655, 0.833828, -0.806463, -0.136401
0.337058, 0.177592, 0.466236, 0.234370
0.338176, 0.466563, 0.372912, 0.557599
0.339348, 0.377651, 0.416040, 0.471647
0.339432, 0.916104, -0.832855, -0.073344
0.340205, 0.039851, 0.483816, 0.053192
0.340243, 0.596660, 0.263412, 0.625926
0.340434, 0.270165, 0.451196, 0.348952
0.340473, 0.441724, 0.388328, 0.534504
0.340735, 0.000000, 0.485176, 0.000000
0.341799, 0.540753, 0.321953, 0.606242
0.342147, 0.082467, 0.483688, 0.109613
0.342293, 0.872772, -0.818321, -0.109727
0.342309, 0.636401, 0.300946, 0.708014
0.342832, 0.811122, -0.789769, -0.153947
0.342893, 0.698479, -0.657575, -0.165880
0.343883, 0.202711, 0.469978, 0.264956
0.344250, 0.722484, -0.718130, -0.195411
0.345212, 0.334978, 0.437858, 0.422985
0.345859, 0.136032, 0.483255, 0.179512
0.348217, 0.566793, 0.297900, 0.608879
0.349192, 0.400769, 0.416419, 0.491197
0.349260, 0.676530, -0.734411, -0.279813
0.349703, 0.978586, -0.832184, -0.019535
0.350115, 0.745691, -0.734802, -0.189387
0.350917, 0.292080, 0.457670, 0.372139
0.351546, 0.937075, -0.826255, -0.057219
0.352056, 0.771292, -0.757922, -0.182024
0.353505, 0.850094, -0.801484, -0.131346
0.354031, 0.059622, 0.500105, 0.078705
0.354601, 0.020082, 0.502548, 0.026553
0.355371, 0.358204, 0.440542, 0.444661
0.355383, 0.158701, 0.491879, 0.207325
0.355711, 0.616636, 0.244812, 0.611090
0.355885, 0.653221, -0.493646, -0.092799
0.355928, 0.475919, 0.381262, 0.553948
0.356075, 0.894388, -0.813411, -0.095771
0.356086, 0.498873, 0.364921, 0.570153
0.356248, 0.250889, 0.474802, 0.321805
0.356298, 0.228089, 0.480323, 0.294132
0.358026, 0.425025, 0.412978, 0.509976
0.359081, 0.796622, -0.770899, -0.172315
0.359294, 0.099523, 0.503264, 0.130454
0.359982, 0.522029, 0.347997, 0.580411
0.360120, 0.121538, 0.502371, 0.158919
0.361282, 0.183633, 0.495061, 0.237950
0.361597, 0.590189, 0.262894, 0.586191
0.361677, 0.314728, 0.462986, 0.394801
0.363688, 1.000000, -0.819915, 0.000000
0.363761, 0.451915, 0.402552, 0.529834
0.364139, 0.825531, -0.782718, -0.154683
0.364343, 0.958328, -0.817281, -0.039240
0.365369, 0.709599, -0.689993, -0.210999
0.366056, 0.381912, 0.441671, 0.464678
0.366379, 0.545537, 0.326921, 0.583277
0.366613, 0.916265, -0.809314, -0.078444
0.367148, 0.271372, 0.482486, 0.343445
0.367542, 0.208605, 0.497565, 0.267652
0.368239, 0.871720, -0.796839, -0.118511
0.368651, 0.040118, 0.519537, 0.052474
0.368780, 0.000000, 0.520554, 0.000000
0.369231, 0.076857, 0.517895, 0.100257
0.370599, 0.688870, -0.679825, -0.234941
0.371222, 0.730868, -0.714852, -0.215056
0.371306, 0.337778, 0.465351, 0.416702
0.372537, 0.567208, 0.302489, 0.580287
0.372549, 0.635932, -0.444804, -0.088214
0.373845, 0.755313, -0.733530, -0.205300
0.374970, 0.664781, -0.620713, -0.215354
0.374995, 0.406129, 0.438377, 0.483511
0.375176, 0.142974, 0.518854, 0.184578
0.376124, 0.779243, -0.749230, -0.193104
0.376685, 0.477892, 0.393625, 0.539683
0.377363, 0.293131, 0.487673, 0.365462
0.377614, 0.979346, -0.806266, -0.020053
0.378337, 0.848312, -0.780930, -0.141663
0.379011, 0.937657, -0.801276, -0.060353
0.379329, 0.245881, 0.503441, 0.310164
0.379478, 0.609508, 0.150933, 0.464059
0.379714, 0.503390, 0.373538, 0.551725
0.380317, 0.168284, 0.520956, 0.215524
0.381052, 0.361856, 0.465592, 0.437774
0.381352, 0.805876, -0.760161, -0.177001
0.381461, 0.894252, -0.791111, -0.101689
0.381568, 0.432431, 0.428913, 0.502588
0.382844, 0.020233, 0.537827, 0.026205
0.383175, 0.117831, 0.531428, 0.151532
0.383488, 0.096217, 0.533751, 0.123976
0.383692, 0.058841, 0.537254, 0.076057
0.385116, 0.528834, 0.348522, 0.555125
0.385401, 0.194365, 0.522360, 0.246826
0.386191, 0.223490, 0.516769, 0.281824
0.386231, 0.584648, 0.280354, 0.562797
0.387285, 0.314751, 0.491152, 0.385990
0.389156, 0.457127, 0.417807, 0.516073
0.390392, 0.709828, -0.686137, -0.238928
0.391409, 0.269875, 0.510651, 0.334748
0.391591, 1.000000, -0.793133, 0.000000
0.391961, 0.827147, -0.761185, -0.164437
0.392033, 0.958756, -0.791021, -0.041114
0.392115, 0.386842, 0.464240, 0.456636
0.392873, 0.554526, 0.318347, 0.549511
0.393360, 0.916389, -0.784516, -0.082881
0.393565, 0.871718, -0.774518, -0.125432
0.393637, 0.682449, -0.657266, -0.251058
0.393793, 0.653018, -0.598018, -0.232941
0.394154, 0.737283, -0.709018, -0.229961
0.395696, 0.337219, 0.491137, 0.406402
0.396570, 0.627385, -0.638527, -0.313280
0.396750, 0.000000, 0.555216, 0.000000
0.397559, 0.039791, 0.555387, 0.050944
0.398079, 0.762784, -0.723866, -0.216694
0.398150, 0.078802, 0.553766, 0.100630
0.398587, 0.786426, -0.737124, -0.200048
0.398646, 0.483613, 0.400595, 0.523428
0.398939, 0.413466, 0.454955, 0.476039
0.400391, 0.131087, 0.550657, 0.166099
0.400638, 0.154365, 0.547695, 0.194950
0.403099, 0.509149, 0.375089, 0.528170
0.403290, 0.291794, 0.516730, 0.355423
0.403685, 0.849858, -0.759168, -0.148374
0.404135, 0.359687, 0.489328, 0.424964
0.404294, 0.248611, 0.531686, 0.306786
0.404633, 0.601435, -0.278395, -0.010428
0.404716, 0.178907, 0.548303, 0.224260
0.405592, 0.979487, -0.778822, -0.020994
0.406279, 0.937824, -0.774929, -0.063411
0.406695, 0.438554, 0.443528, 0.489727
0.406736, 0.204823, 0.545150, 0.254882
0.406881, 0.575968, 0.350043, 0.585876
0.407157, 0.894621, -0.767147, -0.106608
0.407704, 0.103470, 0.562864, 0.130773
0.408625, 0.806147, -0.738231, -0.188634
0.409167, 0.534553, 0.341759, 0.521920
0.410522, 0.227953, 0.543939, 0.281176
0.411212, 0.020164, 0.572720, 0.025556
0.412107, 0.060089, 0.572233, 0.075999
0.412373, 0.314872, 0.517682, 0.376621
0.413063, 0.723445, -0.687133, -0.251103
0.413091, 0.697372, -0.665831, -0.265183
0.413363, 0.669127, -0.631636, -0.269686
0.413882, 0.463622, 0.426912, 0.498941
0.414439, 0.379464, 0.488519, 0.437879
0.416851, 0.643221, -0.614046, -0.292530
0.417679, 0.750760, -0.702901, -0.236713
0.417962, 0.269418, 0.540285, 0.325980
0.418575, 0.828036, -0.738114, -0.173031
0.418627, 0.401067, 0.478748, 0.453305
0.419545, 1.000000, -0.764997, 0.000000
0.419624, 0.873308, -0.750350, -0.130240
0.419693, 0.958879, -0.763383, -0.043021
0.419695, 0.558476, 0.327848, 0.522392
0.420174, 0.617057, -0.515145, -0.235857
0.420175, 0.916550, -0.758242, -0.086798
0.420730, 0.338639, 0.515611, 0.396844
0.421539, 0.778901, -0.715121, -0.216997
0.421580, 0.489463, 0.402378, 0.500708
0.422462, 0.120582, 0.578556, 0.150250
0.423813, 0.083415, 0.584410, 0.104241
0.424497, 0.143360, 0.577684, 0.177695
0.424668, 0.000000, 0.589339, 0.000000
0.425702, 0.040764, 0.589732, 0.051033
0.425819, 0.423446, 0.467955, 0.464523
0.425876, 0.166133, 0.575530, 0.204891
0.426602, 0.514790, 0.372435, 0.499964
0.427800, 0.851461, -0.736903, -0.153677
0.428126, 0.190974, 0.573095, 0.233861
0.428153, 0.587694, -0.548236, -0.326454
0.429152, 0.293717, 0.543197, 0.348013
0.430982, 0.360878, 0.513706, 0.412302
0.431577, 0.216037, 0.571017, 0.262089
0.431652, 0.242943, 0.563654, 0.292453
0.432227, 0.802884, -0.716495, -0.200661
0.432702, 0.446688, 0.451790, 0.472099
0.433550, 0.979458, -0.750110, -0.021990
0.433556, 0.938072, -0.747277, -0.066044
0.433657, 0.683302, -0.641590, -0.287638
0.433725, 0.895194, -0.740968, -0.110906
0.433996, 0.539788, 0.375661, 0.527211
0.435092, 0.710533, -0.663882, -0.274829
0.436186, 0.734697, -0.679327, -0.258824
0.437268, 0.658885, -0.618784, -0.303343
0.437322, 0.319035, 0.540784, 0.370244
0.437507, 0.102819, 0.598834, 0.126772
0.438655, 0.063350, 0.603945, 0.078302
0.438950, 0.470643, 0.428529, 0.474519
0.439008, 0.020725, 0.606364, 0.025671
0.439481, 0.384640, 0.506304, 0.426930
0.439514, 0.632871, -0.579106, -0.303080
0.440008, 0.761659, -0.691365, -0.239856
0.440731, 0.265616, 0.565863, 0.314217
0.440765, 0.606329, -0.548908, -0.312914
0.441582, 0.567788, -0.307795, -0.132916
0.442878, 0.825394, -0.714572, -0.183181
0.445284, 0.495495, 0.395462, 0.468340
0.445542, 0.407403, 0.493896, 0.438645
0.446328, 0.873502, -0.723894, -0.135803
0.446946, 0.126384, 0.606868, 0.153964
0.447114, 0.342634, 0.538174, 0.387478
0.447139, 0.917247, -0.730645, -0.089753
0.447442, 1.000000, -0.735734, 0.000000
0.447472, 0.958818, -0.734376, -0.044918
0.448419, 0.846593, -0.714914, -0.163908
0.448616, 0.784714, -0.694454, -0.223483
0.448726, 0.149697, 0.604913, 0.181292
0.449473, 0.173867, 0.601127, 0.209366
0.450455, 0.520011, 0.362718, 0.463244
0.450920, 0.285709, 0.568810, 0.331372
0.451938, 0.198658, 0.598194, 0.237205
0.452131, 0.000000, 0.622301, 0.000000
0.452217, 0.084526, 0.618128, 0.103022
0.452472, 0.430068, 0.477508, 0.445011
0.452491, 0.042744, 0.621642, 0.052248
0.453738, 0.696010, -0.640625, -0.296818
0.453797, 0.224158, 0.593267, 0.265153
0.456359, 0.545865, -0.172412, -0.048969
0.456580, 0.307258, 0.564749, 0.350007
0.456628, 0.366730, 0.531726, 0.401944
0.458169, 0.744230, -0.667050, -0.263179
0.458219, 0.590570, -0.521487, -0.331106
0.458564, 0.246783, 0.591195, 0.288162
0.458570, 0.453223, 0.453922, 0.446160
0.459319, 0.646504, -0.594156, -0.326503
0.459334, 0.672509, -0.619518, -0.315519
0.459429, 0.808224, -0.692879, -0.205154
0.460133, 0.896278, -0.713837, -0.114139
0.460217, 0.721177, -0.652666, -0.282904
0.460669, 0.618871, -0.563903, -0.337176
0.461212, 0.938129, -0.718013, -0.068618
0.461451, 0.979337, -0.720320, -0.022994
0.463791, 0.477226, 0.421400, 0.440920
0.464431, 0.107739, 0.629801, 0.129425
0.465147, 0.390484, 0.520456, 0.412522
0.465455, 0.328922, 0.561916, 0.365446
0.465654, 0.569522, -0.488324, -0.338821
0.465822, 0.021336, 0.638101, 0.025773
0.465934, 0.064714, 0.636050, 0.078000
0.466409, 0.857546, -0.699302, -0.156745
0.466828, 0.765825, -0.669664, -0.248090
0.468408, 0.268625, 0.593253, 0.307238
0.469548, 0.501732, 0.385812, 0.432461
0.470764, 0.831745, -0.688667, -0.184720
0.471495, 0.131629, 0.634484, 0.156391
0.471750, 0.155829, 0.629914, 0.184165
0.472319, 0.413284, 0.503765, 0.418287
0.472748, 0.180660, 0.625585, 0.211981
0.473540, 0.526621, -0.061989, 0.011003
0.474218, 0.351407, 0.555625, 0.378795
0.474609, 0.917343, -0.701276, -0.093024
0.474923, 0.788440, -0.671142, -0.229656
0.474940, 0.878391, -0.694768, -0.135996
0.475044, 0.205910, 0.621421, 0.239218
0.475218, 1.000000, -0.705539, 0.000000
0.475346, 0.958593, -0.704170, -0.046843
0.475384, 0.698689, -0.627111, -0.309401
0.476837, 0.291992, 0.591360, 0.326425
0.478590, 0.088368, 0.648453, 0.104921
0.478801, 0.436016, 0.479908, 0.417835
0.479001, 0.042978, 0.652599, 0.051201
0.479179, 0.000000, 0.654023, 0.000000
0.479363, 0.229091, 0.618874, 0.262679
0.479869, 0.603800, -0.539004, -0.360300
0.480166, 0.631953, -0.571338, -0.353482
0.480982, 0.551604, -0.466728, -0.364710
0.481618, 0.656525, -0.592227, -0.341692
0.481937, 0.742267, -0.645269, -0.276141
0.483381, 0.374542, 0.545169, 0.388256
0.483477, 0.679199, -0.608128, -0.328568
0.483741, 0.459888, 0.447575, 0.412903
0.484205, 0.314411, 0.586316, 0.342815
0.485437, 0.719022, -0.630487, -0.298231
0.485764, 0.810593, -0.667441, -0.210717
0.485933, 0.251645, 0.617352, 0.283502
0.486933, 0.579153, -0.506180, -0.372959
0.488332, 0.854322, -0.675571, -0.164853
0.488459, 0.483910, 0.416604, 0.409954
0.488887, 0.898045, -0.682956, -0.116421
0.489045, 0.937779, -0.687483, -0.071430
0.489233, 0.979082, -0.689644, -0.024081
0.491153, 0.113124, 0.659033, 0.131999
0.491441, 0.065395, 0.665289, 0.076762
0.491729, 0.767242, -0.646800, -0.256489
0.492078, 0.397239, 0.529093, 0.392120
0.492573, 0.021652, 0.669075, 0.025458
0.493070, 0.336711, 0.579903, 0.355416
0.493515, 0.508638, -0.098191, -0.077386
0.494316, 0.163233, 0.653071, 0.187801
0.494567, 0.275235, 0.615661, 0.302697
0.495127, 0.138780, 0.659614, 0.160482
0.495711, 0.188696, 0.648124, 0.215070
0.496890, 0.532865, -0.420734, -0.368732
0.497483, 0.832811, -0.661223, -0.190214
0.499466, 0.419246, 0.505613, 0.389537
0.499693, 0.621689, -0.551343, -0.375572
0.500567, 0.211647, 0.646352, 0.237773
0.500829, 0.788578, -0.645274, -0.238024
0.501232, 0.359036, 0.569112, 0.364794
0.501391, 0.876186, -0.665885, -0.143007
0.502380, 0.697784, -0.604660, -0.325320
0.502774, 1.000000, -0.674656, 0.000000
0.502924, 0.087909, 0.675755, 0.101599
0.503140, 0.917715, -0.669670, -0.095776
0.503155, 0.559464, -0.477566, -0.395973
0.503174, 0.298734, 0.611465, 0.319320
0.503180, 0.958013, -0.673020, -0.049050
0.503810, 0.646907, -0.570588, -0.365018
0.504011, 0.443323, 0.470116, 0.382266
0.504024, 0.595787, -0.523220, -0.390709
0.505316, 0.044017, 0.682573, 0.050975
0.505475, 0.234701, 0.643173, 0.259382
0.505703, 0.671300, -0.586133, -0.348657
0.506045, 0.000000, 0.684784, 0.000000
0.506140, 0.748970, -0.625306, -0.279825
0.506873, 0.725887, -0.614547, -0.302222
0.508855, 0.467399, 0.459841, 0.400089
0.510901, 0.381955, 0.553134, 0.367504
0.511274, 0.321385, 0.603989, 0.332455
0.511661, 0.812739, -0.640955, -0.215518
0.511905, 0.258216, 0.639416, 0.279290
0.512695, 0.491667, -0.120420, -0.149742
0.513181, 0.853991, -0.648676, -0.170123
0.515643, 0.107662, 0.686997, 0.122201
0.516265, 0.896514, -0.652343, -0.121874
0.516640, 0.174040, 0.673922, 0.194066
0.516696, 0.978970, -0.658432, -0.024949
0.517344, 0.576906, -0.497627, -0.411418
0.517354, 0.937073, -0.655401, -0.074511
0.517628, 0.066943, 0.694525, 0.076253
0.517696, 0.128821, 0.685867, 0.145161
0.517958, 0.516451, -0.402305, -0.404512
0.518850, 0.021846, 0.698694, 0.024930
0.519018, 0.539974, -0.445986, -0.415597
0.519357, 0.152168, 0.682908, 0.170217
0.520438, 0.402503, 0.530274, 0.360274
0.520538, 0.768109, -0.618063, -0.265556
0.520573, 0.282410, 0.635083, 0.296394
0.520682, 0.343768, 0.593554, 0.340175
0.520828, 0.612745, -0.531663, -0.399074
0.522242, 0.194726, 0.673771, 0.213743
0.523212, 0.710316, -0.592262, -0.324241
0.524295, 0.793404, -0.622003, -0.239850
0.524398, 0.427312, 0.491847, 0.351931
0.524548, 0.636019, -0.547794, -0.387140
0.525067, 0.832349, -0.631043, -0.196898
0.526061, 0.217570, 0.669689, 0.235079
0.526387, 0.684120, -0.576214, -0.349596
0.527564, 0.366341, 0.576099, 0.344917
0.528355, 0.875476, -0.635449, -0.148114
0.528811, 0.659953, -0.560423, -0.371637
0.529122, 0.451888, 0.451543, 0.342251
0.529234, 0.740402, -0.598956, -0.297218
0.529972, 0.305954, 0.628307, 0.309127
0.530172, 1.000000, -0.643080, 0.000000
0.530444, 0.089582, 0.705886, 0.100143
0.530663, 0.957938, -0.641431, -0.050560
0.530966, 0.240928, 0.664702, 0.255152
0.531025, 0.044225, 0.711051, 0.049650
0.531138, 0.915136, -0.637539, -0.101693
0.531803, 0.557072, -0.469550, -0.432937
0.532864, 0.000000, 0.714688, 0.000000
0.533407, 0.594211, -0.508246, -0.420384
0.533546, 0.477032, -0.229479, -0.308461
0.536373, 0.502298, -0.383137, -0.432544
0.536981, 0.264781, 0.658207, 0.273254
0.538230, 0.854778, -0.620789, -0.173797
0.538303, 0.328356, 0.617080, 0.317762
0.540596, 0.812735, -0.609220, -0.222582
0.540983, 0.171192, 0.700273, 0.184576
0.541217, 0.115604, 0.713110, 0.126682
0.541218, 0.384591, 0.559602, 0.334493
0.541692, 0.142733, 0.708226, 0.155148
0.541775, 0.529978, -0.432752, -0.449892
0.542970, 0.719541, -0.576802, -0.323501
0.543223, 0.066545, 0.722390, 0.073359
0.543728, 0.783684, -0.598250, -0.255877
0.544058, 0.978916, -0.626511, -0.025692
0.544319, 0.936346, -0.624132, -0.077419
0.544386, 0.618937, -0.520974, -0.413335
0.544405, 0.410914, 0.510827, 0.319473
0.544478, 0.892248, -0.619450, -0.130473
0.545017, 0.022048, 0.727322, 0.024339
0.545762, 0.694540, -0.563311, -0.349300
0.545839, 0.760093, -0.588966, -0.282200
0.545875, 0.197843, 0.695939, 0.209270
0.546600, 0.288838, 0.651692, 0.286508
0.546711, 0.575193, -0.483641, -0.442395
0.547346, 0.354449, 0.596493, 0.320862
0.549131, 0.643531, -0.533435, -0.397152
0.549332, 0.435896, 0.445596, 0.286636
0.550642, 0.223315, 0.690207, 0.231028
0.551303, 0.837249, -0.602415, -0.196642
0.552587, 0.668790, -0.544628, -0.376936
0.553357, 0.461337, -0.263598, -0.392197
0.554055, 0.089925, 0.730729, 0.097252
0.555678, 0.551427, -0.454833, -0.461018
0.555760, 0.248068, 0.682732, 0.249962
0.556518, 0.737666, -0.569691, -0.309693
0.556976, 0.044611, 0.738961, 0.048364
0.557066, 0.868024, -0.601074, -0.161230
0.557425, 0.914124, -0.606815, -0.105520
0.557435, 1.000000, -0.610898, 0.000000
0.557731, 0.957538, -0.609547, -0.052353
0.557736, 0.486851, -0.364607, -0.467032
0.557838, 0.308530, 0.644651, 0.290943
0.558102, 0.510995, -0.405217, -0.473508
0.558563, 0.598652, -0.495870, -0.437869
0.559743, 0.000000, 0.743721, 0.000000
0.560899, 0.332652, 0.624575, 0.300109
0.561542, 0.272798, 0.672620, 0.265743
0.561956, 0.799543, -0.582242, -0.242643
0.562817, 0.158400, 0.725178, 0.165707
0.564514, 0.132351, 0.733521, 0.139282
0.564544, 0.397143, 0.538674, 0.299166
0.564586, 0.371444, 0.580986, 0.305480
0.565526, 0.183873, 0.719600, 0.189351
0.565863, 0.110205, 0.739391, 0.116555
0.566332, 0.711527, -0.549924, -0.340838
0.567765, 0.623703, -0.505615, -0.424730
0.567923, 0.820497, -0.580102, -0.219545
0.568450, 0.687607, -0.538012, -0.366138
0.568473, 0.776947, -0.568935, -0.270022
0.568764, 0.068015, 0.749100, 0.072226
0.569613, 0.530004, -0.427640, -0.484992
0.569851, 0.891336, -0.589678, -0.134709
0.569856, 0.421279, 0.381957, 0.178432
0.570513, 0.209477, 0.713794, 0.210637
0.570903, 0.022036, 0.754679, 0.023443
0.570917, 0.935701, -0.592536, -0.080096
0.570931, 0.576434, -0.470288, -0.462307
0.571167, 0.978812, -0.594195, -0.026454
0.572583, 0.649297, -0.515839, -0.404938
0.572820, 0.754275, -0.557492, -0.296725
0.573445, 0.447111, -0.335457, -0.513036
0.573559, 0.846934, -0.578710, -0.189147
0.575279, 0.348631, 0.612012, 0.289684
0.575498, 0.234946, 0.705713, 0.229530
0.576842, 0.473882, -0.352598, -0.501037
0.576906, 0.291101, 0.670366, 0.267110
0.579125, 0.554298, -0.446872, -0.482818
0.579845, 0.261122, 0.693326, 0.246143
0.580706, 0.728253, -0.540735, -0.328018
0.580760, 0.502728, -0.392594, -0.505559
0.580808, 0.090770, 0.758047, 0.094164
0.581500, 0.318895, 0.646486, 0.275158
0.582126, 0.671044, -0.517254, -0.388682
0.582181, 0.045095, 0.765067, 0.047024
0.582444, 0.601598, -0.479690, -0.451941
0.583116, 0.870148, -0.571229, -0.162463
0.583519, 0.913429, -0.575598, -0.108808
0.584488, 0.957377, -0.577382, -0.053772
0.584542, 1.000000, -0.578241, 0.000000
0.585216, 0.144735, 0.750137, 0.146373
0.585934, 0.385724, 0.577452, 0.293485
0.586542, 0.170900, 0.743290, 0.170345
0.586920, 0.000000, 0.772078, 0.000000
0.587402, 0.798408, -0.552806, -0.249768
0.589762, 0.116787, 0.761910, 0.118387
0.589982, 0.699428, -0.520663, -0.362522
0.590021, 0.824804, -0.555328, -0.218769
0.590441, 0.628287, -0.488306, -0.433493
0.590489, 0.196152, 0.736787, 0.191024
0.591626, 0.406912, 0.152763, -0.097199
0.592312, 0.529422, -0.417379, -0.508401
0.592768, 0.773279, -0.540405, -0.280502
0.593449, 0.365837, 0.597086, 0.274540
0.593853, 0.431438, -0.333652, -0.564268
0.594337, 0.067951, 0.774979, 0.069158
0.595289, 0.579612, -0.455299, -0.478002
0.595401, 0.221323, 0.728498, 0.208984
0.596211, 0.022269, 0.780369, 0.022736
0.596258, 0.748168, -0.529577, -0.310401
0.596455, 0.891672, -0.557618, -0.137299
0.596669, 0.457263, -0.333792, -0.533964
0.597207, 0.935726, -0.560715, -0.081829
0.598001, 0.341325, 0.627744, 0.264998
0.598182, 0.978589, -0.561361, -0.027328
0.598395, 0.483636, -0.366350, -0.531885
0.598865, 0.651292, -0.491625, -0.415654
0.599101, 0.849684, -0.548763, -0.189936
0.599316, 0.273960, 0.696002, 0.240413
0.599431, 0.246787, 0.716265, 0.224601
0.600352, 0.554814, -0.433971, -0.499821
0.600428, 0.297908, 0.676138, 0.251138
0.602343, 0.721248, -0.514851, -0.342861
0.604550, 0.091539, 0.780966, 0.090918
0.604786, 0.510097, -0.393373, -0.530119
0.605306, 0.607834, -0.463848, -0.460185
0.605416, 0.677278, -0.495970, -0.391815
0.605682, 0.319872, 0.649304, 0.247243
0.607028, 0.135608, 0.772749, 0.131972
0.607446, 0.045824, 0.790147, 0.045716
0.608104, 0.160820, 0.765673, 0.154079
0.609657, 0.914401, -0.543797, -0.109866
0.609882, 0.869654, -0.538879, -0.166637
0.611189, 0.809097, -0.527201, -0.241889
0.611352, 0.956924, -0.544457, -0.055504
0.611441, 1.000000, -0.545268, 0.000000
0.611488, 0.185268, 0.758854, 0.173346
0.612333, 0.386513, 0.152628, -0.153297
0.613669, 0.786663, -0.519324, -0.269519
0.613933, 0.832889, -0.527934, -0.213027
0.614432, 0.000000, 0.799503, 0.000000
0.614921, 0.413327, -0.283443, -0.569523
0.615896, 0.111005, 0.787401, 0.107174
0.615934, 0.209662, 0.750140, 0.189913
0.615951, 0.699441, -0.492626, -0.371598
0.616073, 0.630719, -0.465094, -0.443859
0.616850, 0.439389, -0.308684, -0.562622
0.617031, 0.537665, -0.409816, -0.524482
0.617298, 0.359910, 0.691864, 0.331400
0.617701, 0.589126, -0.442415, -0.483778
0.617824, 0.763745, -0.508934, -0.297867
0.619352, 0.740887, -0.501271, -0.325278
0.619790, 0.464928, -0.340558, -0.562942
0.619947, 0.069944, 0.799393, 0.067718
0.620321, 0.234344, 0.738105, 0.203746
0.620345, 0.022632, 0.803918, 0.022118
0.620364, 0.565682, -0.426272, -0.505298
0.620906, 0.489472, -0.366679, -0.555866
0.621521, 0.260260, 0.718853, 0.216583
0.622077, 0.893355, -0.526355, -0.137905
0.622390, 0.657392, -0.470172, -0.419391
0.623276, 0.285240, 0.695620, 0.223959
0.624151, 0.935155, -0.527423, -0.084256
0.624439, 0.335966, 0.595967, 0.192625
0.624995, 0.978270, -0.528229, -0.028307
0.626661, 0.309379, 0.675409, 0.231491
0.627537, 0.515337, -0.386163, -0.547859
0.627969, 0.721016, -0.485887, -0.350907
0.629835, 0.849559, -0.510882, -0.194493
0.630038, 0.151565, 0.787341, 0.138655
0.630795, 0.128902, 0.795641, 0.119290
0.631783, 0.048435, 0.812834, 0.045997
0.632164, 0.091079, 0.806683, 0.085390
0.632191, 0.680227, -0.468065, -0.398328
0.632630, 0.610049, -0.439323, -0.472069
0.633150, 0.175457, 0.780182, 0.156249
0.633609, 0.872314, -0.509641, -0.166146
0.634998, 0.821878, -0.500770, -0.230451
0.635526, 0.398545, -0.271886, -0.606403
0.636557, 0.797640, -0.494089, -0.260808
0.636765, 0.913109, -0.510010, -0.113746
0.636941, 0.373003, -0.128390, -0.486660
0.637123, 0.199217, 0.770900, 0.171534
0.638075, 1.000000, -0.512109, 0.000000
0.638112, 0.956248, -0.511128, -0.057494
0.638306, 0.424754, -0.290773, -0.594804
0.638445, 0.638978, -0.445948, -0.445175
0.639811, 0.773752, -0.485172, -0.290875
0.640154, 0.555824, -0.403990, -0.525783
0.640804, 0.448812, -0.317872, -0.592386
0.641122, 0.584080, -0.418482, -0.500947
0.641632, 0.025280, 0.823847, 0.023664
0.641748, 0.222844, 0.758520, 0.182936
0.642132, 0.534212, -0.389200, -0.544743
0.642140, 0.748689, -0.476437, -0.321810
0.642292, 0.000000, 0.825642, 0.000000
0.643092, 0.701589, -0.462586, -0.377618
0.643406, 0.498018, -0.362758, -0.571579
0.643635, 0.474453, -0.342656, -0.585180
0.643942, 0.247998, 0.740423, 0.194048
0.644084, 0.349481, 0.415030, 0.018653
0.645155, 0.110977, 0.813259, 0.100058
0.645577, 0.272487, 0.713238, 0.196564
0.647604, 0.071203, 0.824397, 0.064714
0.647733, 0.323820, 0.665648, 0.215799
0.647881, 0.297301, 0.690229, 0.203712
0.648971, 0.663131, -0.443642, -0.423073
0.649349, 0.890390, -0.491960, -0.144467
0.649868, 0.726236, -0.461706, -0.350722
0.650754, 0.933655, -0.494026, -0.087850
0.651488, 0.977968, -0.494989, -0.029252
0.653104, 0.621451, -0.423423, -0.469305
0.653307, 0.837765, -0.480955, -0.213274
0.653651, 0.160831, 0.801847, 0.136773
0.653794, 0.136963, 0.812054, 0.118650
0.655265, 0.863834, -0.481563, -0.179730
0.656204, 0.049434, 0.834667, 0.044313
0.656837, 0.516582, -0.366774, -0.568313
0.657507, 0.384188, -0.232736, -0.616412
0.658157, 0.186630, 0.791905, 0.151943
0.658338, 0.411552, -0.272064, -0.621633
0.658655, 0.811731, -0.469641, -0.247193
0.659495, 0.568174, -0.393313, -0.525290
0.659955, 0.598956, -0.407186, -0.495500
0.660475, 0.685846, -0.437982, -0.401081
0.660614, 0.092449, 0.831089, 0.080600
0.661824, 0.787081, -0.461198, -0.278889
0.662592, 0.022956, 0.843131, 0.020383
0.662927, 0.909845, -0.476778, -0.120144
0.662975, 0.460935, -0.321393, -0.609924
0.663368, 0.210017, 0.779495, 0.161760
0.664015, 0.762080, -0.453702, -0.310743
0.664269, 0.955450, -0.478079, -0.059624
0.664350, 0.435714, -0.297633, -0.622751
0.664392, 0.645136, -0.420284, -0.448228
0.664445, 1.000000, -0.478802, 0.000000
0.664890, 0.360780, -0.235452, -0.658642
0.665713, 0.235436, 0.759060, 0.170160
0.666021, 0.541891, -0.373940, -0.552696
0.666204, 0.490628, -0.342553, -0.594126
0.668571, 0.710290, -0.435336, -0.374589
0.668717, 0.260332, 0.737039, 0.175892
0.668887, 0.738261, -0.442032, -0.340969
0.669149, 0.337062, 0.018112, -0.427808
0.669508, 0.118708, 0.830574, 0.099290
0.669649, 0.284337, 0.687896, 0.157897
0.669794, 0.310428, 0.720622, 0.230752
0.670197, 0.000000, 0.849606, 0.000000
0.673256, 0.883033, -0.461317, -0.156672
0.674570, 0.851470, -0.455948, -0.198425
0.675673, 0.170391, 0.811781, 0.132806
0.675723, 0.072259, 0.847979, 0.060810
0.676086, 0.668609, -0.414854, -0.425717
0.676101, 0.932051, -0.461765, -0.091542
0.676513, 0.622291, -0.399001, -0.477650
0.676790, 0.396875, -0.253256, -0.647572
0.676935, 0.583405, -0.383100, -0.518179
0.677119, 0.145862, 0.825577, 0.116612
0.677587, 0.977628, -0.461793, -0.030241
0.677603, 0.045830, 0.853256, 0.038699
0.678404, 0.826583, -0.447417, -0.231331
0.678831, 0.516183, -0.348602, -0.582237
0.681790, 0.472509, -0.319249, -0.617660
0.683335, 0.801357, -0.437077, -0.264684
0.683957, 0.559940, -0.366120, -0.544965
0.684249, 0.373192, -0.227627, -0.663009
0.684815, 0.195070, 0.801037, 0.140446
0.684826, 0.099337, 0.848311, 0.080057
0.685205, 0.419843, -0.275600, -0.650841
0.685876, 0.775219, -0.429532, -0.298812
0.686519, 0.907344, -0.446666, -0.125473
0.686576, 0.019419, 0.863292, 0.016026
0.686668, 0.221463, 0.778712, 0.147609
0.686694, 0.693939, -0.409780, -0.399203
0.687540, 0.448328, -0.298053, -0.638068
0.688849, 0.603351, -0.378556, -0.502175
0.688910, 0.645329, -0.393091, -0.456440
0.689243, 0.723382, -0.413823, -0.363982
0.689510, 0.750460, -0.419643, -0.330578
0.689789, 0.954669, -0.445420, -0.061721
0.690066, 0.247318, 0.753724, 0.150994
0.690553, 1.000000, -0.445420, 0.000000
0.690884, 0.323487, -0.139507, -0.632963
0.691278, 0.865503, -0.436093, -0.181834
0.691822, 0.296144, 0.667945, 0.141302
0.691969, 0.494885, -0.325874, -0.607439
0.692088, 0.537074, -0.347667, -0.570696
0.692538, 0.349000, -0.195715, -0.671789
0.693107, 0.125764, 0.844892, 0.096328
0.693957, 0.272702, 0.737370, 0.162286
0.697108, 0.170554, 0.823814, 0.120848
0.699210, 0.061468, 0.868092, 0.047964
0.699438, 0.395494, -0.247665, -0.674363
0.699594, 0.000000, 0.873686, 0.000000
0.699596, 0.841149, -0.422383, -0.215213
0.699883, 0.037794, 0.872036, 0.029725
0.699951, 0.668027, -0.387019, -0.433521
0.700112, 0.886403, -0.427144, -0.154835
0.700650, 0.931100, -0.430199, -0.094347
0.701489, 0.149854, 0.838521, 0.107362
0.701872, 0.580640, -0.356566, -0.531619
0.702350, 0.085425, 0.865006, 0.064999
0.702899, 0.624917, -0.370487, -0.483499
0.703325, 0.977333, -0.428655, -0.031172
0.703850, 0.817398, -0.413678, -0.247180
0.704625, 0.432437, -0.276361, -0.660870
0.704633, 0.470911, -0.301776, -0.634354
0.705249, 0.515305, -0.325172, -0.597026
0.706196, 0.789868, -0.406596, -0.283748
0.707906, 0.208656, 0.793406, 0.122922
0.708451, 0.711918, -0.387839, -0.382733
0.708637, 0.371081, -0.220216, -0.690778
0.708886, 0.558413, -0.340568, -0.557248
0.710218, 0.688054, -0.379798, -0.412117
0.710458, 0.111101, 0.862072, 0.080143
0.710673, 0.233471, 0.772052, 0.128091
0.711058, 0.764167, -0.395505, -0.317617
0.711196, 0.306651, -0.226217, -0.774368
0.711501, 0.186888, 0.819228, 0.119246
0.711947, 0.738872, -0.389250, -0.349799
0.712157, 0.908850, -0.413466, -0.125429
0.714421, 0.259585, 0.790482, 0.179479
0.714627, 0.412138, -0.255378, -0.680647
0.714780, 0.601743, -0.350026, -0.513608
0.714948, 0.330274, -0.185011, -0.715016
0.714959, 0.647525, -0.363376, -0.461353
0.715012, 0.954358, -0.412769, -0.063182
0.715555, 0.018916, 0.885930, 0.014051
0.715575, 0.861492, -0.404281, -0.190051
0.716467, 1.000000, -0.411916, 0.000000
0.716902, 0.452084, -0.281608, -0.656353
0.717675, 0.492175, -0.302713, -0.624248
0.718377, 0.536261, -0.322006, -0.583114
0.719293, 0.137114, 0.855410, 0.091713
0.719814, 0.351021, -0.199047, -0.709880
0.719884, 0.284934, 0.110589, -0.462381
0.722268, 0.043302, 0.888055, 0.031068
0.722745, 0.069595, 0.883068, 0.049083
0.724238, 0.884696, -0.395763, -0.159605
0.724550, 0.806352, -0.385571, -0.265092
0.724602, 0.165087, 0.838615, 0.099238
0.724803, 0.836634, -0.389382, -0.224691
0.724878, 0.388688, -0.231453, -0.701094
0.726087, 0.931777, -0.397059, -0.094936
0.727532, 0.670092, -0.354386, -0.438077
0.727672, 0.622350, -0.341710, -0.494436
0.727825, 0.095165, 0.878676, 0.064043
0.727830, 0.580101, -0.328391, -0.541355
0.728855, 0.000000, 0.896071, 0.000000
0.728964, 0.977534, -0.395270, -0.031428
0.730285, 0.779364, -0.373690, -0.301473
0.730663, 0.724034, -0.362891, -0.372592
0.730692, 0.513115, -0.300398, -0.611161
0.731112, 0.215565, 0.778390, 0.090374
0.731336, 0.432057, -0.259050, -0.680146
0.731472, 0.698105, -0.356065, -0.404840
0.731974, 0.471789, -0.280392, -0.649259
0.733413, 0.558392, -0.314884, -0.566282
0.733477, 0.242631, 0.834351, 0.181693
0.733978, 0.192498, 0.824505, 0.106195
0.734176, 0.310939, -0.137747, -0.716266
0.735611, 0.752529, -0.362153, -0.337255
0.735684, 0.121318, 0.872054, 0.075646
0.736625, 0.908222, -0.381441, -0.128262
0.737444, 0.365707, -0.207573, -0.722970
0.738468, 0.642886, -0.334499, -0.473361
0.739583, 0.267431, 0.059973, -0.556289
0.739947, 0.860809, -0.372514, -0.193878
0.740497, 0.955391, -0.379425, -0.062784
0.741010, 0.410615, -0.239099, -0.701413
0.741772, 0.600697, -0.319136, -0.522982
0.741868, 0.336001, -0.174740, -0.733254
0.742077, 0.023392, 0.903956, 0.015305
0.742176, 0.821279, -0.364315, -0.247508
0.742229, 0.052284, 0.899670, 0.033931
0.742496, 1.000000, -0.377839, 0.000000
0.742617, 0.148596, 0.857808, 0.082514
0.743239, 0.534385, -0.296205, -0.595063
0.745046, 0.492509, -0.278146, -0.636909
0.745193, 0.451181, -0.258973, -0.673407
0.746451, 0.078637, 0.895113, 0.048464
0.747653, 0.290544, -0.134253, -0.752274
0.748010, 0.884154, -0.364509, -0.162731
0.748648, 0.796489, -0.352474, -0.281800
0.748988, 0.389399, -0.220205, -0.720266
0.749732, 0.175354, 0.833388, 0.079117
0.750143, 0.661017, -0.324577, -0.454226
0.750689, 0.933003, -0.364752, -0.094727
0.751250, 0.684252, -0.328424, -0.426178
0.751639, 0.224893, 0.832131, 0.138250
0.751937, 0.732965, -0.337281, -0.365122
0.752309, 0.104883, 0.888004, 0.060112
0.753681, 0.842262, -0.351927, -0.220651
0.754004, 0.709136, -0.330128, -0.395859
0.754271, 0.622057, -0.310301, -0.501771
0.754580, 0.771324, -0.341020, -0.316285
0.754973, 0.579329, -0.297878, -0.550489
0.755194, 0.977830, -0.360749, -0.031558
0.755697, 0.000000, 0.913168, 0.000000
0.755958, 0.556294, -0.290002, -0.576230
0.757272, 0.513632, -0.274385, -0.621264
0.758332, 0.428684, -0.236943, -0.698825
0.758534, 0.248775, 0.069443, -0.589512
0.758588, 0.202113, 0.860701, 0.127508
0.758603, 0.354008, -0.189051, -0.746179
0.759084, 0.314622, -0.155109, -0.760618
0.759085, 0.472084, -0.256489, -0.661822
0.759921, 0.131180, 0.875897, 0.066239
0.760070, 0.910575, -0.350489, -0.126827
0.761920, 0.038615, 0.913810, 0.022257
0.764546, 0.375702, -0.202050, -0.739661
0.765264, 0.749166, -0.322807, -0.346499
0.765332, 0.062113, 0.910285, 0.034320
0.765711, 0.817664, -0.332870, -0.255797
0.766333, 0.271473, -0.113855, -0.776887
0.766354, 0.641882, -0.300498, -0.481193
0.766409, 0.955588, -0.345167, -0.063578
0.766694, 0.158237, 0.851304, 0.062307
0.768320, 0.863950, -0.335324, -0.192793
0.768729, 1.000000, -0.343146, 0.000000
0.768758, 0.405732, -0.217229, -0.722112
0.768782, 0.602016, -0.288158, -0.528760
0.769259, 0.535947, -0.269312, -0.602266
0.769926, 0.888519, -0.335308, -0.158596
0.769964, 0.088424, 0.903184, 0.045208
0.770969, 0.335883, -0.170151, -0.765247
0.771407, 0.450021, -0.236028, -0.687428
0.771547, 0.019615, 0.921594, 0.010833
0.772428, 0.493486, -0.251981, -0.646770
0.772549, 0.792660, -0.320459, -0.290642
0.772640, 0.668062, -0.298275, -0.450595
0.774656, 0.226560, 0.358047, -0.344192
0.774834, 0.694323, -0.300762, -0.418514
0.774972, 0.293726, -0.130488, -0.779850
0.775349, 0.183764, 0.857692, 0.086715
0.776020, 0.721525, -0.304268, -0.384367
0.776098, 0.932906, -0.330898, -0.096412
0.776977, 0.113100, 0.893343, 0.051335
0.778369, 0.561498, -0.266598, -0.577137
0.779164, 0.839364, -0.317883, -0.228066
0.780894, 0.769386, -0.305656, -0.322684
0.781744, 0.977602, -0.325546, -0.032480
0.781818, 0.584246, -0.268565, -0.552629
0.782501, 0.620985, -0.276290, -0.510009
0.783280, 0.516228, -0.248290, -0.627320
0.783366, 0.140892, 0.868426, 0.046726
0.783798, 0.386449, -0.195825, -0.744698
0.783940, 0.250477, -0.095626, -0.803242
0.784293, 0.000000, 0.928998, 0.000000
0.784435, 0.427425, -0.214939, -0.712986
0.785285, 0.471823, -0.231734, -0.673066
0.785286, 0.909519, -0.316597, -0.130313
0.785788, 0.360582, -0.179906, -0.763490
0.786368, 0.314986, -0.147018, -0.785694
0.786377, 0.069861, 0.917133, 0.031516
0.786728, 0.206525, 0.584779, -0.152210
0.787230, 0.043977, 0.925862, 0.020633
0.789204, 0.744677, -0.290951, -0.356666
0.789341, 0.647085, -0.273329, -0.479939
0.789432, 0.813778, -0.300748, -0.264464
0.791344, 0.882962, -0.306116, -0.168615
0.792201, 0.166019, 0.867621, 0.062147
0.792443, 0.954790, -0.310433, -0.065889
0.792969, 0.273350, -0.107962, -0.801865
0.793283, 0.542201, -0.244770, -0.602252
0.794120, 0.673918, -0.272367, -0.447663
0.794868, 1.000000, -0.308338, 0.000000
0.795028, 0.858972, -0.298885, -0.202858
0.795044, 0.093668, 0.909734, 0.036172
0.795756, 0.338010, -0.159778, -0.782757
0.796853, 0.406941, -0.195729, -0.735730
0.796964, 0.449151, -0.212300, -0.698943
0.797261, 0.700008, -0.272976, -0.415441
0.797768, 0.789005, -0.286061, -0.299114
0.798409, 0.122467, 0.889204, 0.037663
0.798500, 0.021641, 0.934104, 0.009079
0.798757, 0.494442, -0.225671, -0.655317
0.799598, 0.600352, -0.251202, -0.537989
0.800081, 0.722225, -0.272766, -0.387152
0.800257, 0.230229, -0.131540, -0.876346
0.801292, 0.930704, -0.296933, -0.101254
0.802492, 0.570103, -0.241109, -0.573428
0.802824, 0.294751, -0.125390, -0.807040
0.803621, 0.188766, 0.647483, -0.126469
0.804625, 0.834107, -0.282837, -0.238597
0.806001, 0.763821, -0.271520, -0.334099
0.806114, 0.627376, -0.248726, -0.507256
0.806522, 0.382500, -0.177210, -0.759705
0.806523, 0.518344, -0.224069, -0.632481
0.806692, 0.065448, 0.925759, 0.022358
0.808314, 0.976842, -0.290094, -0.034273
0.808395, 0.904492, -0.285167, -0.139655
0.808771, 0.147832, 0.869517, 0.031446
0.810404, 0.253959, -0.092350, -0.826331
0.810661, 0.472656, -0.206831, -0.680934
0.811434, 0.360165, -0.162872, -0.778452
0.811617, 0.000000, 0.940397, 0.000000
0.811660, 0.654938, -0.246689, -0.474345
0.812235, 0.426234, -0.190070, -0.725598
0.812809, 0.316305, -0.137152, -0.806052
0.814012, 0.042388, 0.935993, 0.013999
0.814182, 0.809037, -0.266511, -0.274226
0.814849, 0.878621, -0.273840, -0.177307
0.814862, 0.210602, -0.116386, -0.893810
0.815284, 0.544680, -0.220771, -0.605668
0.815553, 0.739126, -0.254797, -0.367535
0.815685, 0.682838, -0.246092, -0.440006
0.816284, 0.107283, 0.897355, 0.018845
0.817741, 0.952171, -0.276289, -0.071008
0.819498, 0.170617, 0.759184, -0.049399
0.819554, 0.085343, 0.920677, 0.023509
0.820168, 0.338002, -0.145611, -0.797946
0.820552, 1.000000, -0.273865, 0.000000
0.820790, 0.853549, -0.263028, -0.213502
0.820876, 0.448037, -0.189128, -0.708179
0.820976, 0.276914, -0.106407, -0.828102
0.822297, 0.587125, -0.221308, -0.558244
0.822362, 0.710672, -0.241720, -0.405671
0.822416, 0.783953, -0.252026, -0.309407
0.822992, 0.402583, -0.171873, -0.750679
0.823765, 0.129627, 0.903429, 0.036826
0.824830, 0.497307, -0.198839, -0.659694
0.824903, 0.925755, -0.264574, -0.110302
0.825024, 0.611160, -0.222464, -0.530305
0.826094, 0.021510, 0.943348, 0.005796
0.826749, 0.563482, -0.211421, -0.586736
0.826854, 0.233912, -0.062552, -0.835058
0.828261, 0.524378, -0.201428, -0.630970
0.829817, 0.636622, -0.220769, -0.500134
0.830232, 0.828357, -0.246902, -0.249739
0.831052, 0.299649, -0.117939, -0.826460
0.831112, 0.759357, -0.236706, -0.343121
0.831745, 0.377481, -0.155048, -0.775083
0.831922, 0.899185, -0.252485, -0.149610
0.831929, 0.061999, 0.932053, 0.011333
0.832692, 0.192125, -0.139695, -0.951727
0.834045, 0.662559, -0.219361, -0.468533
0.834124, 0.472176, -0.182667, -0.687878
0.834131, 0.973478, -0.255470, -0.040104
0.836412, 0.152052, 0.782399, -0.060270
0.837026, 0.687978, -0.219043, -0.436630
0.837238, 0.256905, -0.084910, -0.845576
0.837990, 0.352971, -0.140354, -0.796655
0.838329, 0.733668, -0.223620, -0.378038
0.838776, 0.872818, -0.240207, -0.188267
0.838828, 0.423140, -0.164366, -0.737880
0.838863, 0.000000, 0.947768, 0.000000
0.839207, 0.803338, -0.231402, -0.285267
0.840048, 0.324684, -0.126386, -0.817502
0.840848, 0.107202, 0.888586, -0.008116
0.841743, 0.946293, -0.243121, -0.081234
0.842078, 0.214317, -0.051146, -0.858106
0.842231, 0.447800, -0.168013, -0.714472
0.842256, 0.042529, 0.941804, 0.006357
0.842882, 0.083867, 0.921070, 0.008094
0.843777, 0.544029, -0.187711, -0.612161
0.844523, 1.000000, -0.241682, 0.000000
0.846086, 0.847162, -0.227066, -0.225459
0.847048, 0.514414, -0.178260, -0.646128
0.847055, 0.595756, -0.192795, -0.552726
0.847125, 0.172256, -0.132920, -0.974109
0.847506, 0.571506, -0.188178, -0.581267
0.847539, 0.711411, -0.208261, -0.407884
0.847553, 0.130549, 0.952960, 0.074761
0.847597, 0.778734, -0.216620, -0.319384
0.848020, 0.396769, -0.147859, -0.764579
0.848417, 0.919385, -0.231628, -0.121737
0.848623, 0.278202, -0.096705, -0.847882
0.850118, 0.619993, -0.192695, -0.523876
0.850690, 0.489351, -0.168999, -0.673980
0.853215, 0.020362, 0.947849, 0.001650
0.854060, 0.238619, -0.068785, -0.864936
0.854091, 0.644077, -0.191006, -0.494622
0.855494, 0.892330, -0.218917, -0.162051
0.855631, 0.753461, -0.202561, -0.354120
0.856078, 0.821706, -0.210076, -0.262097
0.856156, 0.300571, -0.104774, -0.840494
0.856990, 0.371001, -0.131914, -0.789824
0.857528, 0.667487, -0.189550, -0.465502
0.857565, 0.980656, -0.222536, -0.029853
0.859114, 0.066227, 0.928501, -0.003172
0.859874, 0.689804, -0.189077, -0.437004
0.859968, 0.464971, -0.153836, -0.701675
0.860689, 0.346178, -0.120672, -0.810890
0.861504, 0.195317, -0.008822, -0.852253
0.861896, 0.959903, -0.216248, -0.061958
0.862806, 0.438413, -0.145032, -0.729450
0.862916, 0.322249, -0.109834, -0.829238
0.862966, 0.865872, -0.205355, -0.200919
0.864377, 0.147441, 0.070665, -0.800058
0.864471, 0.729696, -0.187622, -0.386126
0.864509, 0.413805, -0.137301, -0.753762
0.864580, 0.093832, 0.908499, -0.011622
0.864968, 0.797434, -0.194647, -0.296130
0.865229, 0.531824, -0.160553, -0.629880
0.865914, 0.259125, -0.078580, -0.867201
0.866600, 0.000000, 0.950705, 0.000000
0.866834, 0.118591, 0.896769, 0.001531
0.866874, 0.219613, -0.048213, -0.874635
0.867324, 0.936365, -0.206929, -0.098168
0.867474, 0.041358, 0.941756, -0.002795
0.867733, 0.556622, -0.161536, -0.601943
0.869653, 0.171183, 0.025259, -0.843212
0.869847, 0.505383, -0.150835, -0.660346
0.870388, 0.582466, -0.162035, -0.571832
0.871115, 0.840075, -0.190892, -0.238347
0.871867, 1.000000, -0.202957, 0.000000
0.872011, 0.607045, -0.163320, -0.542497
0.872275, 0.910855, -0.197241, -0.136783
0.872382, 0.772510, -0.181535, -0.330585
0.873394, 0.387131, -0.122131, -0.780966
0.874619, 0.706767, -0.171316, -0.416929
0.875570, 0.631487, -0.161790, -0.512792
0.876260, 0.283885, -0.085592, -0.860196
0.877332, 0.481704, -0.138359, -0.687569
0.879282, 0.655818, -0.159714, -0.482659
0.879548, 0.884337, -0.183748, -0.176311
0.880910, 0.021089, 0.944840, -0.004896
0.881398, 0.747255, -0.166320, -0.364856
0.881892, 0.680464, -0.158860, -0.451532
0.882469, 0.060230, 0.927576, -0.015119
0.882967, 0.815058, -0.171114, -0.273975
0.882987, 0.360944, -0.106745, -0.806540
0.883180, 0.307216, -0.090132, -0.848074
0.883539, 0.333932, -0.098556, -0.828528
0.883993, 0.238088, -0.060488, -0.886547
0.884034, 0.977782, -0.185967, -0.035394
0.884157, 0.456123, -0.126453, -0.716011
0.885001, 0.082100, 0.945182, 0.009552
0.885247, 0.431919, -0.120861, -0.740849
0.887079, 0.209330, -0.046402, -0.899946
0.887473, 0.132363, -0.034102, -0.936830
0.887603, 0.858522, -0.169266, -0.214220
0.888133, 0.954370, -0.179209, -0.072443
0.888175, 0.521636, -0.132347, -0.644922
0.888351, 0.184911, -0.029525, -0.903311
0.888418, 0.405685, -0.112349, -0.767278
0.889039, 0.106301, 0.642128, -0.270664
0.889714, 0.157158, -0.011175, -0.906297
0.890326, 0.543765, -0.132724, -0.619696
0.890488, 0.264572, -0.069200, -0.877213
0.890648, 0.790837, -0.157756, -0.307756
0.890935, 0.723035, -0.150883, -0.397635
0.891632, 0.929136, -0.171623, -0.111577
0.891726, 0.568251, -0.134058, -0.591346
0.893826, 0.000000, 0.947361, 0.000000
0.894111, 0.593780, -0.134014, -0.561164
0.895467, 0.499512, -0.120862, -0.671134
0.895565, 0.903227, -0.162708, -0.150625
0.896084, 0.041746, 0.936944, -0.013041
0.896337, 0.834098, -0.153857, -0.249112
0.896757, 0.765312, -0.146672, -0.342328
0.896793, 0.619074, -0.133282, -0.530610
0.897790, 1.000000, -0.167579, 0.000000
0.898903, 0.381166, -0.097252, -0.792557
0.899014, 0.698146, -0.137633, -0.430606
0.900454, 0.644516, -0.130991, -0.499247
0.902063, 0.473917, -0.109881, -0.700151
0.902909, 0.670370, -0.130045, -0.466679
0.903950, 0.341863, -0.084128, -0.827825
0.904060, 0.291744, -0.070798, -0.866035
0.904074, 0.876980, -0.147259, -0.189739
0.906065, 0.423823, -0.098141, -0.752726
0.906076, 0.317278, -0.076340, -0.848247
0.907194, 0.739174, -0.129936, -0.377966
0.907446, 0.066320, 0.951414, 0.004399
0.908009, 0.221724, -0.042263, -0.904510
0.908303, 0.021864, 0.928341, -0.018925
0.909223, 0.245729, -0.051921, -0.894946
0.909335, 0.973592, -0.151012, -0.043731
0.909413, 0.447981, -0.098298, -0.728424
0.910210, 0.807475, -0.131451, -0.287156
0.910561, 0.090366, 0.423931, -0.508211
0.910840, 0.195801, -0.028781, -0.913267
0.910909, 0.169632, -0.013147, -0.915631
0.910921, 0.116991, -0.048127, -0.978044
0.911351, 0.142672, 0.002714, -0.916676
0.911796, 0.360885, -0.081464, -0.813208
0.912046, 0.946278, -0.144130, -0.087671
0.912115, 0.523603, -0.104519, -0.645915
0.913175, 0.551014, -0.106107, -0.614621
0.913241, 0.270300, -0.058251, -0.882688
0.913877, 0.855342, -0.130347, -0.221063
0.914007, 0.400595, -0.086360, -0.777084
0.914859, 0.577971, -0.106587, -0.582689
0.915080, 0.919639, -0.135989, -0.128617
0.915313, 0.781829, -0.121847, -0.321673
0.917032, 0.715786, -0.114564, -0.409393
0.917211, 0.496031, -0.095614, -0.677366
0.917496, 0.604723, -0.105571, -0.550334
0.918514, 0.830382, -0.121166, -0.255997
0.918611, 0.893746, -0.127395, -0.167057
0.920265, 0.756363, -0.112925, -0.356017
0.920448, 0.000000, 0.927394, 0.000000
0.920546, 0.631409, -0.103751, -0.517496
0.920907, 0.687902, -0.107296, -0.445691
0.921940, 0.046361, 0.998986, 0.046190
0.922011, 1.000000, -0.133948, 0.000000
0.923236, 0.658908, -0.102199, -0.482985
0.925736, 0.468729, -0.083100, -0.708628
0.927830, 0.379135, -0.069777, -0.799623
0.927843, 0.334684, -0.062670, -0.839248
0.927921, 0.425028, -0.075762, -0.754442
0.928945, 0.309093, -0.057013, -0.860150
0.932005, 0.285569, -0.049874, -0.877821
0.932291, 0.233166, -0.036707, -0.909518
0.932341, 0.208019, -0.028569, -0.920156
0.932477, 0.072390, 0.325736, -0.620579
0.932700, 0.100562, -0.012853, -0.958525
0.933226, 0.873172, -0.103443, -0.198242
0.933246, 0.154824, -0.003886, -0.928471
0.933281, 0.181426, -0.017950, -0.927724
0.933411, 0.022728, 0.949682, 0.016790
0.933481, 0.127808, 0.016920, -0.920150
0.933553, 0.956619, -0.113550, -0.073852
0.933604, 0.980178, -0.115505, -0.034495
0.934123, 0.258339, -0.042443, -0.896227
0.934556, 0.537186, -0.079070, -0.632318
0.935090, 0.734472, -0.090871, -0.386442
0.935468, 0.930351, -0.106735, -0.115238
0.935548, 0.791774, -0.093584, -0.309902
0.935701, 0.563524, -0.079605, -0.601388
0.935912, 0.512082, -0.075470, -0.661093
0.936293, 0.447862, -0.069361, -0.731833
0.936688, 0.816512, -0.093711, -0.276833
0.936868, 0.356155, -0.058037, -0.822194
0.937369, 0.845737, -0.094638, -0.236437
0.937685, 0.590212, -0.078920, -0.569379
0.937850, 0.902968, -0.099321, -0.155931
0.938551, 0.400596, -0.062059, -0.780424
0.938848, 0.705363, -0.083994, -0.424304
0.939062, 0.764726, -0.086879, -0.346177
0.939508, 0.486467, -0.069255, -0.690197
0.940187, 0.617352, -0.077377, -0.536177
0.941165, 0.675767, -0.079255, -0.462392
0.942137, 0.645520, -0.076396, -0.501014
0.946293, 0.045905, 0.714997, -0.235630
0.946582, 0.000000, 0.949379, 0.000000
0.949551, 1.000000, -0.091764, 0.000000
0.951394, 0.423620, -0.051172, -0.758633
0.951973, 0.325992, -0.040944, -0.850787
0.953980, 0.300131, -0.036042, -0.871467
0.954741, 0.377736, -0.043857, -0.804548
0.954906, 0.088508, -0.023779, -0.974338
0.955130, 0.273578, -0.031502, -0.890726
0.955227, 0.467551, -0.050139, -0.712370
0.955228, 0.194200, -0.016517, -0.932398
0.955300, 0.220408, -0.022280, -0.921748
0.955341, 0.114396, 0.010879, -0.936363
0.955571, 0.167527, -0.009522, -0.939538
0.955571, 0.140972, -0.001031, -0.941566
0.955658, 0.886034, -0.070318, -0.182311
0.955943, 0.246452, -0.026768, -0.908095
0.956012, 0.943411, -0.076112, -0.098017
0.956452, 0.971737, -0.079835, -0.051868
0.956623, 0.859363, -0.066757, -0.219381
0.956934, 0.747424, -0.060887, -0.370457
0.956988, 0.548911, -0.052632, -0.620084
0.957176, 0.064713, 0.013384, -0.934789
0.957292, 0.915272, -0.070372, -0.140341
0.957315, 0.830790, -0.064073, -0.258656
0.957618, 0.720106, -0.058835, -0.406193
0.957643, 0.522564, -0.050519, -0.650807
0.957940, 0.350625, -0.038279, -0.829599
0.958128, 0.575806, -0.052467, -0.587993
0.958361, 0.803122, -0.061189, -0.296174
0.958502, 0.776498, -0.059771, -0.331693
0.958607, 0.024143, 0.905373, -0.001864
0.959266, 0.496220, -0.047215, -0.680860
0.959511, 0.691224, -0.055153, -0.443575
0.959886, 0.603261, -0.051393, -0.554563
0.960225, 0.661484, -0.053114, -0.481559
0.960819, 0.443322, -0.042483, -0.738741
0.961131, 0.631646, -0.050858, -0.519322
0.962125, 0.402653, -0.038498, -0.780646
0.972154, 0.000000, 1.114720, 0.000000
0.974027, 1.000000, -0.052589, 0.000000
0.975577, 0.045739, -0.058199, -0.986925
0.976275, 0.313130, -0.019446, -0.863288
0.977286, 0.951897, -0.041328, -0.087247
0.977296, 0.287025, -0.016947, -0.883578
0.977382, 0.898160, -0.036831, -0.166931
0.977668, 0.099873, 0.016131, -0.933289
0.977678, 0.260395, -0.014732, -0.902121
0.977704, 0.180316, -0.006543, -0.941032
0.977706, 0.206890, -0.009794, -0.931468
0.977799, 0.126689, 0.003447, -0.945463
0.977847, 0.925588, -0.037856, -0.127443
0.977862, 0.153530, -0.002428, -0.946294
0.977899, 0.479043, -0.025161, -0.701295
0.977944, 0.366137, -0.020869, -0.816995
0.977950, 0.338238, -0.019530, -0.842233
0.977998, 0.233469, -0.012309, -0.918398
0.978068, 0.844097, -0.033429, -0.241620
0.978072, 0.871316, -0.034415, -0.204329
0.978409, 0.977288, -0.042192, -0.044181
0.978412, 0.760515, -0.030826, -0.353872
0.978698, 0.422802, -0.022417, -0.761290
0.978774, 0.732986, -0.029756, -0.390135
0.978863, 0.534687, -0.025541, -0.637628
0.978881, 0.561714, -0.026167, -0.605650
0.978882, 0.816544, -0.031416, -0.278884
0.979077, 0.073189, 0.012547, -0.930495
0.979162, 0.705106, -0.028668, -0.426410
0.979586, 0.676259, -0.027554, -0.463488
0.979630, 0.788570, -0.029661, -0.316438
0.979705, 0.589304, -0.025736, -0.572267
0.979773, 0.507321, -0.023758, -0.669283
0.979952, 0.647194, -0.026525, -0.500319
0.980192, 0.452276, -0.021743, -0.730245
0.980223, 0.392586, -0.019846, -0.791888
0.980489, 0.617849, -0.025291, -0.537062
0.982486, 0.020013, 0.344476, -0.616375
1.000000, 0.000000, 0.000000, 0.000000
1.000000, 0.030936, 0.000000, -0.983688
1.000000, 0.057655, 0.000000, -0.904267
1.000000, 0.085657, 0.000000, -0.932910
1.000000, 0.112697, 0.000000, -0.948248
1.000000, 0.139670, 0.000000, -0.950082
1.000000, 0.166581, 0.000000, -0.946398
1.000000, 0.193337, 0.000000, -0.938355
1.000000, 0.220045, 0.000000, -0.926604
1.000000, 0.246890, 0.000000, -0.911618
1.000000, 0.273566, 0.000000, -0.894142
1.000000, 0.300022, 0.000000, -0.874600
1.000000, 0.325974, 0.000000, -0.853689
1.000000, 0.352860, 0.000000, -0.829974
1.000000, 0.379982, 0.000000, -0.804738
1.000000, 0.408530, 0.000000, -0.776138
1.000000, 0.436563, 0.000000, -0.747521
1.000000, 0.465138, 0.000000, -0.716538
1.000000, 0.492364, 0.000000, -0.686696
1.000000, 0.520472, 0.000000, -0.654293
1.000000, 0.548014, 0.000000, -0.622195
1.000000, 0.575635, 0.000000, -0.589189
1.000000, 0.603888, 0.000000, -0.554599
1.000000, 0.632815, 0.000000, -0.518545
1.000000, 0.661550, 0.000000, -0.482444
1.000000, 0.690101, 0.000000, -0.446007
1.000000, 0.718336, 0.000000, -0.409495
1.000000, 0.746211, 0.000000, -0.373025
1.000000, 0.773780, 0.000000, -0.336625
1.000000, 0.801847, 0.000000, -0.298890
1.000000, 0.829313, 0.000000, -0.262049
1.000000, 0.856088, 0.000000, -0.225858
1.000000, 0.882475, 0.000000, -0.189609
1.000000, 0.907977, 0.000000, -0.154020
1.000000, 0.932670, 0.000000, -0.118055
1.000000, 0.955843, 0.000000, -0.082113
1.000000, 0.978099, 0.000000, -0.042863
1.000000, 1.000000, 0.000000, 0.000000
