0.000000, 0.000000, 0.000000, 0.000000
0.000000, 0.029021, 0.000000, 0.031817
0.000000, 0.056003, 0.000000, 0.058596
0.000000, 0.082472, 0.000000, 0.082395
0.000000, 0.109014, 0.000000, 0.104671
0.000000, 0.136105, 0.000000, 0.126347
0.000000, 0.164611, 0.000000, 0.148618
0.000000, 0.194376, 0.000000, 0.172012
0.000000, 0.222208, 0.000000, 0.192806
0.000000, 0.251923, 0.000000, 0.215150
0.000000, 0.281839, 0.000000, 0.237734
0.000000, 0.310797, 0.000000, 0.259752
0.000000, 0.337786, 0.000000, 0.279660
0.000000, 0.365748, 0.000000, 0.300470
0.000000, 0.393541, 0.000000, 0.320630
0.000000, 0.422563, 0.000000, 0.342265
0.000000, 0.450038, 0.000000, 0.362443
0.000000, 0.477148, 0.000000, 0.382268
0.000000, 0.504111, 0.000000, 0.401840
0.000000, 0.531347, 0.000000, 0.421619
0.000000, 0.558609, 0.000000, 0.441534
0.000000, 0.584626, 0.000000, 0.460188
0.000000, 0.610989, 0.000000, 0.479176
0.000000, 0.636910, 0.000000, 0.497810
0.000000, 0.662307, 0.000000, 0.515702
0.000000, 0.688824, 0.000000, 0.534414
0.000000, 0.715827, 0.000000, 0.553390
0.000000, 0.742847, 0.000000, 0.572336
0.000000, 0.769486, 0.000000, 0.590882
0.000000, 0.795477, 0.000000, 0.608799
0.000000, 0.820995, 0.000000, 0.626169
0.000000, 0.846479, 0.000000, 0.643311
0.000000, 0.872229, 0.000000, 0.660417
0.000000, 0.898064, 0.000000, 0.676862
0.000000, 0.923541, 0.000000, 0.697560
0.000000, 0.948427, 0.000000, 0.790583
0.000000, 0.973004, 0.000000, 0.937824
0.000000, 1.000000, 0.000000, 0.000000
0.018189, 0.178444, 0.016148, 0.159326
0.018281, 0.267328, 0.015354, 0.226669
0.018734, 0.236793, 0.015989, 0.203681
0.018896, 0.409359, 0.015055, 0.332338
0.019293, 0.984915, -0.547670, 0.182519
0.019452, 0.297296, 0.016138, 0.249373
0.019654, 0.019337, 0.021427, 0.021106
0.019874, 0.149502, 0.018132, 0.136770
0.020665, 0.544990, 0.015835, 0.431520
0.020922, 0.517765, 0.016153, 0.411770
0.021053, 0.350280, 0.017080, 0.288811
0.021135, 0.436918, 0.016693, 0.352695
0.021183, 0.729813, 0.015386, 0.563179
0.021238, 0.702259, 0.015557, 0.543843
0.021523, 0.463839, 0.016868, 0.372470
0.021614, 0.490545, 0.016810, 0.391966
0.021764, 0.379852, 0.017482, 0.310568
0.021802, 0.756596, 0.015688, 0.581820
0.021824, 0.597310, 0.016479, 0.469220
0.021913, 0.674763, 0.016186, 0.524503
0.022110, 0.121583, 0.020790, 0.114603
0.022149, 0.208174, 0.019268, 0.182283
0.022371, 0.885957, 0.015733, 0.669591
0.022583, 0.624419, 0.016936, 0.488746
0.022661, 0.912242, 0.023773, 0.692402
0.022725, 0.572255, 0.017290, 0.451294
0.022739, 0.044448, 0.023998, 0.047000
0.022768, 0.859830, 0.015879, 0.652284
0.022816, 0.783577, 0.016263, 0.600497
0.022823, 0.324628, 0.018730, 0.269926
0.023006, 0.095475, 0.022401, 0.093120
0.023281, 0.069970, 0.023586, 0.070968
0.023377, 0.937588, 0.093028, 0.765166
0.023454, 0.834113, 0.016436, 0.634994
0.023533, 0.808963, 0.016620, 0.617910
0.023741, 0.648317, 0.017670, 0.505760
0.023811, 0.961293, -0.034117, 0.640751
0.027795, 0.000000, 0.030488, 0.000000
0.032728, 1.000000, -0.794616, 0.000000
0.036759, 0.253549, 0.031048, 0.216055
0.037405, 0.282760, 0.031192, 0.238224
0.038200, 0.186654, 0.033607, 0.165094
0.038341, 0.400010, 0.030606, 0.325346
0.039483, 0.361481, 0.031914, 0.296878
0.040004, 0.161515, 0.035909, 0.145502
0.041235, 0.227539, 0.035353, 0.196494
0.041866, 0.557627, 0.031959, 0.440517
0.041888, 0.135269, 0.038559, 0.124839
0.041922, 0.716834, 0.030573, 0.553963
0.041932, 0.610503, 0.031544, 0.478490
0.042067, 0.531238, 0.032356, 0.421485
0.042143, 0.425026, 0.033402, 0.343950
0.042220, 0.688823, 0.031050, 0.534189
0.042281, 0.504629, 0.032760, 0.402173
0.042649, 0.309370, 0.035160, 0.258186
0.043108, 0.026966, 0.045362, 0.028512
0.043299, 0.451109, 0.034060, 0.363134
0.043413, 0.770163, 0.031099, 0.591045
0.043564, 0.743133, 0.031491, 0.572284
0.043582, 0.477199, 0.034020, 0.382165
0.044124, 0.660426, 0.032727, 0.514164
0.044142, 0.900916, 0.037598, 0.687490
0.044823, 0.874262, 0.030130, 0.661156
0.045194, 0.928399, 0.087328, 0.751153
0.045648, 0.978298, -0.773400, -0.083804
0.045654, 0.054995, 0.046343, 0.055972
0.045720, 0.107484, 0.043335, 0.102104
0.045957, 0.848114, 0.031831, 0.644044
0.046430, 0.585445, 0.035173, 0.460474
0.046816, 0.081883, 0.045833, 0.080306
0.046856, 0.797383, 0.033274, 0.609808
0.047154, 0.335929, 0.038448, 0.277748
0.047368, 0.954749, -0.395502, 0.275682
0.047404, 0.822351, 0.033370, 0.626827
0.049148, 0.633976, 0.036744, 0.495491
0.049440, 0.204381, 0.042943, 0.178600
0.050685, 0.382642, 0.040672, 0.312327
0.051706, 0.000000, 0.053885, 0.000000
0.056084, 0.268467, 0.046966, 0.226918
0.059642, 1.000000, -0.708939, 0.000000
0.061108, 0.176389, 0.053925, 0.156337
0.061181, 0.245439, 0.051776, 0.209342
0.062059, 0.291743, 0.051461, 0.244551
0.062131, 0.409234, 0.049434, 0.331934
0.062153, 0.704678, 0.045479, 0.545144
0.062621, 0.676033, 0.046203, 0.524770
0.062828, 0.357928, 0.050772, 0.293686
0.063155, 0.566832, 0.048054, 0.446721
0.063188, 0.150920, 0.056915, 0.136390
0.063369, 0.491674, 0.049225, 0.392270
0.063456, 0.124141, 0.058487, 0.114743
0.063850, 0.607850, 0.048060, 0.476445
0.064253, 0.517996, 0.049551, 0.411389
0.064449, 0.542662, 0.049360, 0.429184
0.064835, 0.436996, 0.051163, 0.352365
0.065005, 0.916045, 0.047694, 0.686186
0.065082, 0.756590, 0.046805, 0.581382
0.065652, 0.729700, 0.047641, 0.562608
0.065684, 0.782337, 0.046761, 0.599032
0.065933, 0.463256, 0.051610, 0.371468
0.066168, 0.020295, 0.067085, 0.020666
0.066303, 0.889203, 0.062664, 0.688716
0.066808, 0.316489, 0.054853, 0.263113
0.066952, 0.221048, 0.057378, 0.190716
0.067097, 0.945212, -0.625349, 0.028456
0.067411, 0.043396, 0.067431, 0.043447
0.067822, 0.863042, 0.045331, 0.652683
0.068497, 0.650547, 0.050928, 0.506739
0.069047, 0.069167, 0.067278, 0.067463
0.069561, 0.837080, 0.046971, 0.634880
0.070399, 0.974915, -0.740536, -0.061254
0.070706, 0.095641, 0.066768, 0.090429
0.071761, 0.811158, 0.050256, 0.618536
0.072791, 0.195719, 0.063257, 0.170953
0.073150, 0.382082, 0.058595, 0.311283
0.074854, 0.585490, 0.056690, 0.460300
0.075997, 0.338155, 0.061846, 0.278956
0.077068, 0.627354, 0.057675, 0.490099
0.078350, 0.000000, 0.078476, 0.000000
0.079247, 0.268443, 0.066232, 0.226410
0.080655, 0.692213, 0.059188, 0.535765
0.083434, 0.480335, 0.064968, 0.383590
0.084089, 0.240144, 0.071140, 0.204678
0.084248, 0.402840, 0.067044, 0.326503
0.084316, 0.116180, 0.077478, 0.106926
0.085003, 0.929408, -0.676158, -0.042795
0.085197, 0.167845, 0.075159, 0.148587
0.085231, 0.141670, 0.076764, 0.127912
0.085237, 0.295351, 0.070409, 0.246573
0.085256, 1.000000, -0.680440, 0.000000
0.085453, 0.507308, 0.066061, 0.403314
0.085658, 0.426167, 0.067749, 0.343986
0.086042, 0.791631, 0.061048, 0.604751
0.086299, 0.558616, 0.065791, 0.440488
0.086780, 0.743334, 0.062660, 0.571560
0.087220, 0.668316, 0.064463, 0.518767
0.087519, 0.533456, 0.067193, 0.422365
0.087707, 0.903879, -0.093732, 0.516385
0.087801, 0.958216, -0.676443, -0.018505
0.088073, 0.715702, 0.064164, 0.552308
0.088291, 0.361273, 0.071209, 0.295812
0.089060, 0.451182, 0.069894, 0.362147
0.089299, 0.766739, 0.063929, 0.587541
0.089659, 0.878833, 0.124869, 0.725206
0.090262, 0.026085, 0.088214, 0.025554
0.090291, 0.603964, 0.068008, 0.473278
0.091002, 0.052791, 0.087608, 0.050869
0.091324, 0.215954, 0.078212, 0.185982
0.091484, 0.853920, 0.079546, 0.663591
0.092624, 0.079184, 0.087248, 0.074630
0.093492, 0.318899, 0.076478, 0.263991
0.093687, 0.829323, 0.066218, 0.631281
0.094440, 0.190778, 0.081942, 0.166210
0.095224, 0.645736, 0.070847, 0.502749
0.098998, 0.979956, -0.686356, -0.020234
0.099553, 0.577985, 0.075493, 0.454324
0.099717, 0.383591, 0.079787, 0.312006
0.100205, 0.254105, 0.084032, 0.214747
0.100937, 0.101106, 0.092863, 0.093056
0.101784, 0.807777, 0.072004, 0.615828
0.102186, 0.000000, 0.098281, 0.000000
0.102939, 0.690997, 0.075536, 0.534570
0.103137, 0.470945, 0.080477, 0.376416
0.103346, 0.341842, 0.083800, 0.280868
0.103482, 0.278518, 0.085914, 0.233328
0.104642, 0.942015, -0.669530, -0.034342
0.104760, 0.623694, 0.078428, 0.486977
0.105945, 0.496374, 0.082132, 0.395161
0.106334, 0.733476, 0.076955, 0.564094
0.107110, 0.127287, 0.096468, 0.114771
0.107576, 0.408672, 0.085396, 0.330406
0.107918, 0.152880, 0.095531, 0.135616
0.108476, 0.522705, 0.083520, 0.414423
0.109381, 0.918435, -0.726967, -0.112972
0.109556, 0.781986, 0.077999, 0.597691
0.109949, 0.432631, 0.086692, 0.348127
0.110044, 0.550254, 0.084075, 0.434257
0.111218, 0.231120, 0.094053, 0.196570
0.111936, 0.301134, 0.092049, 0.250182
0.111937, 0.894895, -0.461643, 0.124539
0.112044, 0.667361, 0.082797, 0.517757
0.112213, 0.176882, 0.097668, 0.154389
0.113718, 0.870985, 0.017485, 0.588345
0.113750, 1.000000, -0.667544, 0.000000
0.114168, 0.041166, 0.107628, 0.038754
0.114243, 0.756364, 0.082055, 0.580077
0.114591, 0.066130, 0.106673, 0.061510
0.114752, 0.019568, 0.108568, 0.018556
0.114869, 0.205076, 0.098468, 0.176531
0.115000, 0.599703, 0.086641, 0.469548
0.115051, 0.364628, 0.092529, 0.297537
0.115169, 0.711023, 0.083943, 0.548221
0.115887, 0.847067, 0.123896, 0.684012
0.116363, 0.961905, -0.666621, -0.025000
0.118244, 0.454013, 0.092627, 0.363520
0.120696, 0.323939, 0.098367, 0.267048
0.121138, 0.824318, 0.091513, 0.632783
0.121320, 0.644923, 0.090228, 0.501698
0.121363, 0.088597, 0.110962, 0.080965
0.121810, 0.258654, 0.101693, 0.217466
0.122916, 0.575286, 0.093194, 0.451774
0.124460, 0.389249, 0.099292, 0.315600
0.126015, 0.479781, 0.098000, 0.382281
0.126935, 0.112600, 0.114080, 0.101165
0.127419, 0.800214, 0.091110, 0.610631
0.127969, 0.688095, 0.093901, 0.531899
0.128623, 0.937858, -0.656038, -0.039464
0.128893, 0.505329, 0.099555, 0.400930
0.129048, 0.980522, -0.660261, -0.014019
0.129259, 0.000000, 0.120817, 0.000000
0.129632, 0.281273, 0.107165, 0.234442
0.130009, 0.732648, 0.094029, 0.562916
0.130339, 0.622313, 0.097532, 0.485329
0.130460, 0.138032, 0.115392, 0.122147
0.130920, 0.346487, 0.105816, 0.283615
0.131275, 0.530757, 0.100711, 0.419421
0.131453, 0.414123, 0.104083, 0.333880
0.132835, 0.162678, 0.115775, 0.141994
0.133330, 0.775470, 0.095107, 0.592511
0.133821, 0.913635, -0.673870, -0.077726
0.134123, 0.238932, 0.112633, 0.201683
0.134215, 0.189175, 0.115274, 0.162892
0.135111, 0.553930, 0.102980, 0.436004
0.135848, 0.889483, -0.711534, -0.138828
0.136232, 0.216628, 0.115461, 0.184300
0.136239, 0.051190, 0.124940, 0.046892
0.136873, 0.436869, 0.107649, 0.350474
0.137908, 0.865374, -0.335259, 0.212086
0.138029, 0.304760, 0.113047, 0.251967
0.138058, 0.665693, 0.101977, 0.515874
0.139276, 0.599672, 0.104843, 0.468878
0.139360, 0.023814, 0.128546, 0.021915
0.140847, 0.370509, 0.112914, 0.301255
0.141233, 0.709119, 0.102835, 0.546150
0.141711, 0.841753, 0.079784, 0.610952
0.141833, 0.752422, 0.101799, 0.576160
0.142091, 0.074626, 0.128640, 0.067471
0.142478, 1.000000, -0.650179, 0.000000
0.143226, 0.461362, 0.111854, 0.368276
0.143248, 0.957777, -0.649774, -0.029118
0.146795, 0.817700, 0.123410, 0.640284
0.147203, 0.259793, 0.122376, 0.217298
0.147362, 0.578257, 0.111534, 0.453179
0.147385, 0.643264, 0.109546, 0.499674
0.147559, 0.327733, 0.119815, 0.268960
0.147866, 0.098596, 0.132086, 0.087956
0.149061, 0.487043, 0.115571, 0.386896
0.149406, 0.395309, 0.118840, 0.319456
0.152054, 0.123487, 0.134046, 0.108750
0.152146, 0.512346, 0.117147, 0.405212
0.153058, 0.794155, 0.110491, 0.606386
0.153157, 0.933408, -0.641550, -0.045052
0.153806, 0.686809, 0.112825, 0.530246
0.154374, 0.000000, 0.140556, 0.000000
0.154565, 0.284341, 0.127250, 0.235806
0.154592, 0.148773, 0.134551, 0.129472
0.154916, 0.203442, 0.131383, 0.172971
0.155045, 0.175062, 0.133265, 0.150629
0.155486, 0.728855, 0.112158, 0.559073
0.156231, 0.620802, 0.116821, 0.483389
0.156663, 0.977459, -0.641138, -0.015766
0.156822, 0.535408, 0.119961, 0.421706
0.156903, 0.040269, 0.141913, 0.036307
0.157089, 0.351505, 0.126504, 0.286489
0.157297, 0.419433, 0.124216, 0.337102
0.157862, 0.907760, -0.640009, -0.064950
0.158213, 0.234305, 0.132466, 0.196973
0.158701, 0.771257, 0.112816, 0.588156
0.159409, 0.557252, 0.121240, 0.437506
0.159795, 0.883527, -0.660969, -0.105139
0.161802, 0.443399, 0.126880, 0.354582
0.162704, 0.859238, -0.682578, -0.151493
0.163799, 0.062289, 0.146686, 0.055596
0.164030, 0.307781, 0.133825, 0.253246
0.164039, 0.664131, 0.121103, 0.513887
0.165368, 0.598345, 0.124379, 0.467003
0.166162, 0.376264, 0.132746, 0.304707
0.166794, 0.834148, -0.266883, 0.237574
0.167355, 0.469039, 0.130299, 0.373248
0.168037, 0.020230, 0.151097, 0.018158
0.168453, 0.707116, 0.122881, 0.544054
0.168707, 0.747832, 0.120342, 0.571111
0.169114, 0.084688, 0.149861, 0.074822
0.169357, 1.000000, -0.632668, 0.000000
0.169743, 0.262462, 0.140436, 0.218279
0.169941, 0.953452, -0.632082, -0.032578
0.171976, 0.496101, 0.132936, 0.392978
0.173134, 0.810865, 0.130645, 0.617381
0.173351, 0.331656, 0.140230, 0.270932
0.173410, 0.575564, 0.131186, 0.450327
0.173457, 0.108841, 0.152140, 0.095220
0.173461, 0.641540, 0.128830, 0.497541
0.173762, 0.215554, 0.145947, 0.181458
0.174938, 0.401037, 0.138704, 0.322865
0.175051, 0.187624, 0.148687, 0.159473
0.176626, 0.134592, 0.153211, 0.116533
0.176642, 0.926067, -0.626532, -0.051622
0.177243, 0.160210, 0.152149, 0.137417
0.177436, 0.521517, 0.136195, 0.411276
0.179718, 0.286545, 0.147271, 0.236297
0.179840, 0.788246, 0.131069, 0.602149
0.180105, 0.684417, 0.132103, 0.527543
0.181667, 0.000000, 0.162007, 0.000000
0.181678, 0.243509, 0.150904, 0.202949
0.182138, 0.618750, 0.136124, 0.481026
0.182157, 0.043438, 0.161804, 0.038422
0.182172, 0.979942, -0.623810, -0.014129
0.182258, 0.356618, 0.146236, 0.289385
0.182281, 0.548326, 0.138795, 0.430178
0.182675, 0.900313, -0.622116, -0.069980
0.182893, 0.727404, 0.133791, 0.558803
0.183020, 0.425690, 0.144072, 0.340869
0.183489, 0.766221, 0.132903, 0.585827
0.183900, 0.876784, -0.624606, -0.090790
0.185307, 0.449808, 0.144841, 0.358417
0.186121, 0.849728, -0.616136, -0.104355
0.189310, 0.310611, 0.153779, 0.254221
0.189687, 0.477985, 0.147182, 0.379060
0.190365, 0.661570, 0.140309, 0.510881
0.190562, 0.067297, 0.167598, 0.058915
0.191208, 0.595562, 0.143754, 0.464076
0.191307, 0.381890, 0.152315, 0.308006
0.193470, 0.825474, -0.667928, -0.184033
0.193547, 0.962368, -0.615751, -0.026570
0.194325, 0.091229, 0.169429, 0.079201
0.194703, 0.225487, 0.162203, 0.188177
0.194936, 0.022423, 0.172041, 0.019702
0.195258, 0.704732, 0.142329, 0.541128
0.195313, 0.200241, 0.164060, 0.168238
0.195507, 0.940119, -0.614177, -0.042279
0.195605, 0.571597, 0.147938, 0.446504
0.195925, 0.266223, 0.161221, 0.219975
0.196113, 0.502994, 0.151106, 0.397076
0.196920, 0.118756, 0.170150, 0.102267
0.196959, 0.173813, 0.166934, 0.147156
0.197499, 0.747958, 0.151462, 0.579935
0.197581, 1.000000, -0.613247, 0.000000
0.197957, 0.336002, 0.159466, 0.273103
0.199565, 0.637914, 0.148222, 0.493946
0.199983, 0.801083, -0.238756, 0.217206
0.200053, 0.530875, 0.153012, 0.417261
0.200299, 0.407200, 0.158291, 0.326554
0.200491, 0.146052, 0.171272, 0.124445
0.202061, 0.915417, -0.609246, -0.059836
0.204291, 0.866341, -0.606063, -0.094552
0.205201, 0.289189, 0.167361, 0.237100
0.205207, 0.459213, 0.159797, 0.364535
0.205883, 0.774188, 0.216888, 0.653799
0.206548, 0.682484, 0.150325, 0.524044
0.206908, 0.361353, 0.165379, 0.291860
0.207343, 0.046642, 0.181277, 0.040551
0.207681, 0.613008, 0.155251, 0.475870
0.207790, 0.000000, 0.182147, 0.000000
0.208785, 0.433013, 0.163677, 0.345125
0.208991, 0.555754, 0.158681, 0.434735
0.209016, 0.725261, 0.150373, 0.553677
0.209391, 0.246164, 0.172989, 0.203805
0.209501, 0.891465, -0.603664, -0.077039
0.212096, 0.981279, -0.603053, -0.013317
0.212152, 0.843172, -0.602438, -0.113837
0.213462, 0.315322, 0.172606, 0.256658
0.214727, 0.483350, 0.166080, 0.381884
0.215630, 0.219354, 0.179161, 0.182300
0.215723, 0.099156, 0.185536, 0.084853
0.215910, 0.659060, 0.159564, 0.508497
0.216037, 0.585932, 0.162661, 0.456235
0.216175, 0.385836, 0.171519, 0.309833
0.216777, 0.071238, 0.187573, 0.061258
0.216952, 0.512787, 0.166519, 0.403291
0.217278, 0.958919, -0.599395, -0.029270
0.217573, 0.193445, 0.182110, 0.161689
0.218870, 0.168444, 0.184390, 0.141523
0.219663, 0.819353, -0.600483, -0.134966
0.219994, 0.934028, -0.597307, -0.047028
0.220359, 0.023394, 0.191545, 0.020205
0.220545, 0.124631, 0.188092, 0.105795
0.221596, 0.748163, 0.155116, 0.564608
0.222433, 0.341017, 0.178443, 0.275773
0.222503, 0.703501, 0.156430, 0.533716
0.223147, 0.267641, 0.182695, 0.219734
0.223405, 0.793395, -0.645515, -0.208149
0.224190, 0.634357, 0.166363, 0.490180
0.224808, 0.410388, 0.177126, 0.327816
0.224975, 0.537782, 0.171474, 0.421085
0.225772, 0.146415, 0.191072, 0.123411
0.225978, 0.456164, 0.175885, 0.361498
0.226045, 0.870393, -0.590759, -0.091900
0.226790, 1.000000, -0.593154, 0.000000
0.228086, 0.294529, 0.185035, 0.239967
0.228298, 0.910968, -0.591200, -0.063616
0.229843, 0.768465, -0.169943, 0.239657
0.230519, 0.609641, 0.172189, 0.472271
0.231256, 0.564219, 0.174934, 0.439795
0.232056, 0.047193, 0.200135, 0.040405
0.232339, 0.680522, 0.173869, 0.526263
0.232350, 0.364513, 0.185048, 0.293029
0.232532, 0.239141, 0.191479, 0.196999
0.233459, 0.000000, 0.201647, 0.000000
0.234183, 0.498030, 0.180189, 0.391685
0.234376, 0.726215, 0.154528, 0.539591
0.234525, 0.848218, -0.584189, -0.107980
0.235359, 0.432799, 0.184175, 0.343857
0.236636, 0.086685, 0.202199, 0.073554
0.236893, 0.212658, 0.196234, 0.175919
0.237502, 0.321455, 0.191124, 0.260147
0.238464, 0.953503, -0.584612, -0.033377
0.239029, 0.890673, -0.583392, -0.078398
0.240356, 0.185926, 0.200168, 0.154356
0.240367, 0.977639, -0.583866, -0.016071
0.240414, 0.655339, 0.176725, 0.503725
0.240606, 0.109986, 0.204230, 0.092753
0.240872, 0.476434, 0.186199, 0.375425
0.241151, 0.388418, 0.190730, 0.310557
0.241409, 0.587240, 0.181319, 0.455677
0.242639, 0.521114, 0.185555, 0.408248
0.242664, 0.827510, -0.578651, -0.123842
0.244314, 0.804762, -0.588669, -0.153178
0.244469, 0.163612, 0.204710, 0.136410
0.245599, 0.023221, 0.210685, 0.019756
0.246031, 0.931077, -0.579251, -0.049587
0.246459, 0.066664, 0.210434, 0.056476
0.247191, 0.255856, 0.201940, 0.209135
0.247460, 0.278862, 0.200882, 0.226846
0.247665, 0.135763, 0.208371, 0.113563
0.248323, 0.780111, -0.573257, -0.159787
0.248851, 0.343579, 0.198851, 0.276390
0.248873, 0.701754, 0.214181, 0.569503
0.248980, 0.631843, 0.184333, 0.486880
0.249165, 0.750157, -0.195317, 0.186331
0.249365, 0.545226, 0.189444, 0.425434
0.250722, 0.454288, 0.194842, 0.358888
0.250845, 0.411037, 0.197105, 0.326975
0.251293, 0.303718, 0.202631, 0.245779
0.251725, 0.868498, -0.573538, -0.094527
0.254036, 1.000000, -0.574718, 0.000000
0.254643, 0.609994, 0.189920, 0.471231
0.256243, 0.674153, 0.184431, 0.513078
0.256551, 0.910112, -0.571614, -0.064865
0.257238, 0.725989, 0.278689, 0.641489
0.257253, 0.228241, 0.211144, 0.186990
0.257346, 0.568316, 0.194199, 0.441608
0.257748, 0.367277, 0.204550, 0.293830
0.257962, 0.202572, 0.213024, 0.166737
0.258168, 0.500090, 0.198199, 0.392027
0.259056, 0.044574, 0.220579, 0.037627
0.259307, 0.000000, 0.221076, 0.000000
0.260415, 0.955847, -0.569364, -0.031927
0.261058, 0.845569, -0.566196, -0.111211
0.262083, 0.090180, 0.221504, 0.075563
0.262290, 0.432673, 0.204765, 0.342408
0.262893, 0.116893, 0.220896, 0.097487
0.264495, 0.154956, 0.220475, 0.128394
0.265756, 0.478457, 0.205008, 0.375807
0.265812, 0.323386, 0.213070, 0.260285
0.266409, 0.649085, 0.195237, 0.497229
0.266890, 0.767218, -0.522671, -0.131873
0.266944, 0.888754, -0.563951, -0.080521
0.266955, 0.524321, 0.203572, 0.409238
0.267202, 0.820378, -0.561595, -0.130174
0.267245, 0.389905, 0.210710, 0.310321
0.267511, 0.180911, 0.221705, 0.149172
0.267542, 0.592616, 0.200416, 0.458346
0.268199, 0.796131, -0.563928, -0.151942
0.268251, 0.978363, -0.564740, -0.015702
0.268970, 0.248564, 0.219225, 0.202310
0.271093, 0.293725, 0.218461, 0.237065
0.271633, 0.932642, -0.561646, -0.048889
0.272014, 0.022053, 0.230552, 0.018516
0.272062, 0.692038, 0.174609, 0.503310
0.272066, 0.271676, 0.220576, 0.220236
0.272927, 0.066737, 0.230407, 0.055799
0.274413, 0.456410, 0.212699, 0.359197
0.274576, 0.547593, 0.207975, 0.425614
0.274587, 0.347239, 0.218546, 0.277853
0.275392, 0.622454, 0.205586, 0.480386
0.276787, 0.740812, -0.630117, -0.271935
0.276850, 0.713463, 0.066000, 0.400957
0.277480, 0.136693, 0.231215, 0.113047
0.277505, 0.865587, -0.555717, -0.097518
0.277545, 0.411715, 0.217457, 0.326046
0.278587, 0.208805, 0.228920, 0.170831
0.281569, 1.000000, -0.555414, 0.000000
0.281645, 0.571977, 0.211658, 0.442505
0.282219, 0.670004, 0.197608, 0.502634
0.282575, 0.503016, 0.216460, 0.393029
0.282837, 0.107162, 0.236461, 0.088756
0.283509, 0.910221, -0.552988, -0.065383
0.284252, 0.369850, 0.224753, 0.294355
0.284989, 0.955516, -0.552433, -0.032434
0.285054, 0.231719, 0.232525, 0.188359
0.285054, 0.839298, -0.549533, -0.116728
0.285439, 0.043929, 0.240358, 0.036608
0.285876, 0.000000, 0.240978, 0.000000
0.286379, 0.308116, 0.229592, 0.247397
0.286740, 0.163907, 0.237253, 0.134662
0.287421, 0.786447, -0.543788, -0.153242
0.288043, 0.434002, 0.224227, 0.341960
0.288871, 0.762497, -0.540814, -0.169859
0.289041, 0.598976, 0.214088, 0.459916
0.289865, 0.481418, 0.223068, 0.376806
0.290073, 0.085487, 0.242676, 0.070780
0.290418, 0.644708, 0.217739, 0.497706
0.291515, 0.813647, -0.544392, -0.135952
0.292012, 0.526249, 0.222210, 0.409336
0.292615, 0.189367, 0.240457, 0.154632
0.292776, 0.330239, 0.233481, 0.264087
0.292842, 0.257824, 0.237282, 0.208408
0.292989, 0.887326, -0.545725, -0.082247
0.294213, 0.391619, 0.231173, 0.310098
0.295490, 0.978149, -0.545660, -0.015999
0.296874, 0.457529, 0.229511, 0.358663
0.297090, 0.283838, 0.239232, 0.228335
0.297617, 0.125429, 0.247023, 0.103109
0.297626, 0.693809, 0.103763, 0.408258
0.297738, 0.932217, -0.543464, -0.049617
0.298259, 0.721911, -0.527261, -0.198648
0.298611, 0.021448, 0.250405, 0.017783
0.298750, 0.550787, 0.225882, 0.426694
0.300603, 0.860108, -0.539518, -0.102250
0.300675, 0.063938, 0.251314, 0.052842
0.300970, 0.621485, 0.216382, 0.470008
0.302113, 0.352127, 0.239482, 0.280202
0.303875, 0.147904, 0.250928, 0.121026
0.303994, 0.213993, 0.248172, 0.173686
0.304024, 0.575830, 0.229018, 0.445026
0.304125, 0.413151, 0.237489, 0.325542
0.304271, 0.745447, -0.542252, -0.196246
0.305316, 0.666707, 0.235584, 0.520432
0.308522, 0.504957, 0.235727, 0.392991
0.308881, 1.000000, -0.536220, 0.000000
0.309144, 0.794786, -0.530288, -0.149487
0.309279, 0.835188, -0.532494, -0.120644
0.309376, 0.238680, 0.250829, 0.192588
0.309697, 0.104971, 0.256870, 0.086104
0.309794, 0.308409, 0.247654, 0.246515
0.310349, 0.955749, -0.534798, -0.032532
0.310394, 0.909002, -0.534271, -0.066853
0.311251, 0.771441, -0.526587, -0.165451
0.311336, 0.172571, 0.255603, 0.140483
0.312089, 0.374032, 0.245879, 0.296139
0.312578, 0.041585, 0.260610, 0.034252
0.312902, 0.000000, 0.261067, 0.000000
0.312991, 0.480008, 0.240432, 0.374386
0.313525, 0.599034, 0.238023, 0.464394
0.313550, 0.434674, 0.243336, 0.340853
0.315339, 0.879893, -0.529779, -0.088260
0.315768, 0.641776, 0.205361, 0.462090
0.315896, 0.264645, 0.254576, 0.212503
0.316220, 0.530481, 0.239741, 0.410754
0.317572, 0.084346, 0.263463, 0.069137
0.318834, 0.331856, 0.253288, 0.263891
0.319123, 0.456344, 0.246250, 0.356457
0.319176, 0.196078, 0.260371, 0.158698
0.319313, 0.813869, -0.524533, -0.136547
0.319415, 0.709494, -0.548023, -0.242054
0.322094, 0.395993, 0.252213, 0.311984
0.322208, 0.684443, -0.272642, 0.005517
0.322436, 0.128827, 0.265759, 0.104996
0.322517, 0.978261, -0.526572, -0.016050
0.322703, 0.555069, 0.242577, 0.427530
0.323263, 0.933398, -0.525533, -0.049145
0.323589, 0.288739, 0.259164, 0.230654
0.324182, 0.734267, -0.513960, -0.191577
0.325578, 0.855542, -0.521813, -0.106391
0.326201, 0.020270, 0.270916, 0.016614
0.327357, 0.061448, 0.271256, 0.050256
0.327531, 0.618471, 0.260120, 0.490168
0.328045, 0.577966, 0.243885, 0.442401
0.328797, 0.154123, 0.269511, 0.125000
0.328872, 0.354788, 0.259672, 0.280715
0.329563, 0.221301, 0.267297, 0.178182
0.329610, 0.759076, -0.515812, -0.177902
0.330568, 0.660488, 0.120491, 0.374342
0.330960, 0.895508, -0.519005, -0.077168
0.331782, 0.418375, 0.258203, 0.328032
0.332554, 0.491868, 0.254278, 0.381843
0.333030, 0.787343, -0.513165, -0.156042
0.333260, 0.244976, 0.268645, 0.196260
0.334591, 0.515633, 0.254337, 0.399020
0.335389, 0.108056, 0.275887, 0.087762
0.335467, 0.311864, 0.267021, 0.247783
0.336197, 1.000000, -0.516904, 0.000000
0.336529, 0.956482, -0.516375, -0.032250
0.336655, 0.833828, -0.513136, -0.122655
0.337058, 0.177592, 0.274816, 0.143340
0.338176, 0.466563, 0.259881, 0.362823
0.339348, 0.377651, 0.266330, 0.297337
0.339432, 0.916104, -0.513684, -0.062166
0.340205, 0.039851, 0.281131, 0.032470
0.340243, 0.596660, 0.247503, 0.450957
0.340434, 0.270165, 0.272897, 0.215462
0.340473, 0.441724, 0.263313, 0.344732
0.340735, 0.000000, 0.281775, 0.000000
0.341799, 0.540753, 0.258054, 0.416707
0.342147, 0.082467, 0.281684, 0.066956
0.342293, 0.872772, -0.510423, -0.094210
0.342309, 0.636401, 0.310342, 0.541093
0.342832, 0.811122, -0.507872, -0.139514
0.342893, 0.698479, -0.468809, -0.189124
0.343883, 0.202711, 0.278677, 0.162745
0.344250, 0.722484, -0.508374, -0.210185
0.345212, 0.334978, 0.273137, 0.264821
0.345859, 0.136032, 0.283048, 0.109941
0.348217, 0.566793, 0.261213, 0.434930
0.349192, 0.400769, 0.272398, 0.314035
0.349260, 0.676530, -0.546129, -0.287673
0.349703, 0.978586, -0.507259, -0.015937
0.350115, 0.745691, -0.498532, -0.186631
0.350917, 0.292080, 0.279725, 0.231783
0.351546, 0.937075, -0.505454, -0.046817
0.352056, 0.771292, -0.499953, -0.169332
0.353505, 0.850094, -0.501955, -0.111307
0.354031, 0.059622, 0.290964, 0.048266
0.354601, 0.020082, 0.292009, 0.016289
0.355371, 0.358204, 0.279498, 0.281792
0.355383, 0.158701, 0.289332, 0.127612
0.355711, 0.616636, 0.232182, 0.438549
0.355885, 0.653221, -0.381686, -0.152776
0.355928, 0.475919, 0.272506, 0.368584
0.356075, 0.894388, -0.501178, -0.078573
0.356086, 0.498873, 0.271239, 0.385432
0.356248, 0.250889, 0.285785, 0.199734
0.356298, 0.228089, 0.287003, 0.182075
0.358026, 0.425025, 0.277540, 0.331479
0.359081, 0.796622, -0.495635, -0.150753
0.359294, 0.099523, 0.293752, 0.080184
0.359982, 0.522029, 0.272320, 0.401655
0.360120, 0.121538, 0.293971, 0.097821
0.361282, 0.183633, 0.292702, 0.147044
0.361597, 0.590189, 0.266772, 0.447589
0.361677, 0.314728, 0.286671, 0.248534
0.363688, 1.000000, -0.497342, 0.000000
0.363761, 0.451915, 0.279962, 0.350688
0.364139, 0.825531, -0.493380, -0.129779
0.364343, 0.958328, -0.496603, -0.031131
0.365369, 0.709599, -0.480909, -0.209022
0.366056, 0.381912, 0.286173, 0.298980
0.366379, 0.545537, 0.273855, 0.416550
0.366613, 0.916265, -0.494406, -0.062549
0.367148, 0.271372, 0.293113, 0.215086
0.367542, 0.208605, 0.296172, 0.166271
0.368239, 0.871720, -0.492063, -0.095717
0.368651, 0.040118, 0.302188, 0.032354
0.368780, 0.000000, 0.302583, 0.000000
0.369231, 0.076857, 0.301836, 0.061834
0.370599, 0.688870, -0.494821, -0.242999
0.371222, 0.730868, -0.484301, -0.200033
0.371306, 0.337778, 0.292632, 0.265477
0.372537, 0.567208, 0.271498, 0.426267
0.372549, 0.635932, -0.308301, -0.105390
0.373845, 0.755313, -0.483013, -0.181522
0.374970, 0.664781, -0.467383, -0.238942
0.374995, 0.406129, 0.291374, 0.316457
0.375176, 0.142974, 0.304805, 0.114473
0.376124, 0.779243, -0.483047, -0.164449
0.376685, 0.477892, 0.287854, 0.368878
0.377363, 0.293131, 0.299658, 0.231224
0.377614, 0.979346, -0.487306, -0.015493
0.378337, 0.848312, -0.484414, -0.113469
0.379011, 0.937657, -0.485901, -0.046755
0.379329, 0.245881, 0.303496, 0.194805
0.379478, 0.609508, 0.240755, 0.418331
0.379714, 0.503390, 0.288510, 0.387335
0.380317, 0.168284, 0.307609, 0.134227
0.381052, 0.361856, 0.298531, 0.283035
0.381352, 0.805876, -0.480398, -0.144952
0.381461, 0.894252, -0.483226, -0.079264
0.381568, 0.432431, 0.294595, 0.335472
0.382844, 0.020233, 0.312895, 0.016250
0.383175, 0.117831, 0.311323, 0.094201
0.383488, 0.096217, 0.311927, 0.076971
0.383692, 0.058841, 0.313023, 0.047183
0.385116, 0.528834, 0.292060, 0.406644
0.385401, 0.194365, 0.310389, 0.154498
0.386191, 0.223490, 0.309574, 0.177072
0.386231, 0.584648, 0.257976, 0.415446
0.387285, 0.314751, 0.305874, 0.247109
0.389156, 0.457127, 0.298429, 0.352888
0.390392, 0.709828, -0.468856, -0.215820
0.391409, 0.269875, 0.311375, 0.212688
0.391591, 1.000000, -0.477331, 0.000000
0.391961, 0.827147, -0.473778, -0.129633
0.392033, 0.958756, -0.476824, -0.031055
0.392115, 0.386842, 0.305148, 0.300921
0.392873, 0.554526, 0.308784, 0.437262
0.393360, 0.916389, -0.475324, -0.062934
0.393565, 0.871718, -0.474037, -0.096416
0.393637, 0.682449, -0.465987, -0.237233
0.393793, 0.653018, -0.439924, -0.234925
0.394154, 0.737283, -0.468179, -0.196247
0.395696, 0.337219, 0.310821, 0.263566
0.396570, 0.627385, -0.515197, -0.332890
0.396750, 0.000000, 0.323222, 0.000000
0.397559, 0.039791, 0.323584, 0.031795
0.398079, 0.762784, -0.466395, -0.177455
0.398150, 0.078802, 0.323414, 0.062862
0.398587, 0.786426, -0.467281, -0.160111
0.398646, 0.483613, 0.303554, 0.371499
0.398939, 0.413466, 0.308541, 0.320233
0.400391, 0.131087, 0.323649, 0.104179
0.400638, 0.154365, 0.323160, 0.122514
0.403099, 0.509149, 0.304840, 0.389463
0.403290, 0.291794, 0.319116, 0.228820
0.403685, 0.849858, -0.466297, -0.113108
0.404135, 0.359687, 0.315693, 0.279866
0.404294, 0.248611, 0.322249, 0.195817
0.404633, 0.601435, -0.132433, 0.019304
0.404716, 0.178907, 0.325370, 0.141620
0.405592, 0.979487, -0.467243, -0.015507
0.406279, 0.937824, -0.466385, -0.046988
0.406695, 0.438554, 0.312611, 0.338179
0.406736, 0.204823, 0.325742, 0.161675
0.406881, 0.575968, 0.367586, 0.500460
0.407157, 0.894621, -0.464918, -0.079568
0.407704, 0.103470, 0.329829, 0.082172
0.408625, 0.806147, -0.460866, -0.145848
0.409167, 0.534553, 0.305657, 0.405313
0.410522, 0.227953, 0.327582, 0.179445
0.411212, 0.020164, 0.333831, 0.016052
0.412107, 0.060089, 0.334119, 0.047781
0.412373, 0.314872, 0.324604, 0.245823
0.413063, 0.723445, -0.453793, -0.207269
0.413091, 0.697372, -0.452715, -0.227050
0.413363, 0.669127, -0.444740, -0.241685
0.413882, 0.463622, 0.316072, 0.355872
0.414439, 0.379464, 0.322155, 0.294018
0.416851, 0.643221, -0.462221, -0.282484
0.417679, 0.750760, -0.451964, -0.187441
0.417962, 0.269418, 0.331222, 0.211001
0.418575, 0.828036, -0.454694, -0.129910
0.418627, 0.401067, 0.323909, 0.309803
0.419545, 1.000000, -0.457243, 0.000000
0.419624, 0.873308, -0.455362, -0.095908
0.419693, 0.958879, -0.456972, -0.031202
0.419695, 0.558476, 0.307024, 0.415452
0.420174, 0.617057, -0.375820, -0.220019
0.420175, 0.916550, -0.456082, -0.063282
0.420730, 0.338639, 0.329381, 0.263201
0.421539, 0.778901, -0.450460, -0.166695
0.421580, 0.489463, 0.320166, 0.374382
0.422462, 0.120582, 0.340314, 0.095288
0.423813, 0.083415, 0.342245, 0.066007
0.424497, 0.143360, 0.341140, 0.113079
0.424668, 0.000000, 0.343825, 0.000000
0.425702, 0.040764, 0.344394, 0.032303
0.425819, 0.423446, 0.327704, 0.325808
0.425876, 0.166133, 0.341476, 0.130842
0.426602, 0.514790, 0.325302, 0.395575
0.427800, 0.851461, -0.448913, -0.112628
0.428126, 0.190974, 0.342250, 0.150081
0.428153, 0.587694, -0.447716, -0.323413
0.429152, 0.293717, 0.337987, 0.228742
0.430982, 0.360878, 0.335534, 0.279148
0.431577, 0.216037, 0.343793, 0.169338
0.431652, 0.242943, 0.342680, 0.190047
0.432227, 0.802884, -0.443984, -0.149294
0.432702, 0.446688, 0.331077, 0.342286
0.433550, 0.979458, -0.447119, -0.015650
0.433556, 0.938072, -0.446769, -0.047155
0.433657, 0.683302, -0.435229, -0.236620
0.433725, 0.895194, -0.445837, -0.079715
0.433996, 0.539788, 0.356843, 0.440550
0.435092, 0.710533, -0.437352, -0.218225
0.436186, 0.734697, -0.437908, -0.200280
0.437268, 0.658885, -0.436492, -0.260150
0.437322, 0.319035, 0.342613, 0.247396
0.437507, 0.102819, 0.351979, 0.081003
0.438655, 0.063350, 0.353620, 0.049969
0.438950, 0.470643, 0.333834, 0.359159
0.439008, 0.020725, 0.354327, 0.016366
0.439481, 0.384640, 0.340324, 0.296293
0.439514, 0.632871, -0.416801, -0.263064
0.440008, 0.761659, -0.436527, -0.180454
0.440731, 0.265616, 0.348122, 0.206838
0.440765, 0.606329, -0.428518, -0.297343
0.441582, 0.567788, -0.247791, -0.149838
0.442878, 0.825394, -0.437172, -0.132773
0.445284, 0.495495, 0.337264, 0.377300
0.445542, 0.407403, 0.343215, 0.312642
0.446328, 0.873502, -0.436142, -0.096461
0.446946, 0.126384, 0.358366, 0.099205
0.447114, 0.342634, 0.348440, 0.264500
0.447139, 0.917247, -0.436646, -0.063218
0.447442, 1.000000, -0.437129, 0.000000
0.447472, 0.958818, -0.436936, -0.031486
0.448419, 0.846593, -0.433565, -0.116870
0.448616, 0.784714, -0.431448, -0.163624
0.448726, 0.149697, 0.358852, 0.117271
0.449473, 0.173867, 0.358609, 0.136001
0.450455, 0.520011, 0.343864, 0.399076
0.450920, 0.285709, 0.354608, 0.221567
0.451938, 0.198658, 0.359516, 0.155065
0.452131, 0.000000, 0.364047, 0.000000
0.452217, 0.084526, 0.363191, 0.066365
0.452472, 0.430068, 0.346682, 0.328754
0.452491, 0.042744, 0.364072, 0.033606
0.453738, 0.696010, -0.422428, -0.229406
0.453797, 0.224158, 0.359798, 0.174574
0.456359, 0.545865, -0.170991, -0.101792
0.456580, 0.307258, 0.357505, 0.237452
0.456628, 0.366730, 0.353930, 0.281828
0.458169, 0.744230, -0.422462, -0.194300
0.458219, 0.590570, -0.404257, -0.298926
0.458564, 0.246783, 0.362236, 0.191633
0.458570, 0.453223, 0.349540, 0.345275
0.459319, 0.646504, -0.412757, -0.263596
0.459334, 0.672509, -0.418571, -0.248564
0.459429, 0.808224, -0.424469, -0.146324
0.460133, 0.896278, -0.426796, -0.079465
0.460217, 0.721177, -0.419763, -0.211599
0.460669, 0.618871, -0.414861, -0.288947
0.461212, 0.938129, -0.426769, -0.047466
0.461451, 0.979337, -0.426961, -0.015862
0.463791, 0.477226, 0.352339, 0.363057
0.464431, 0.107739, 0.371748, 0.084248
0.465147, 0.390484, 0.358631, 0.298834
0.465455, 0.328922, 0.362773, 0.253182
0.465654, 0.569522, -0.392012, -0.309472
0.465822, 0.021336, 0.373998, 0.016716
0.465934, 0.064714, 0.373669, 0.050661
0.466409, 0.857546, -0.420908, -0.109097
0.466828, 0.765825, -0.417298, -0.178574
0.468408, 0.268625, 0.368360, 0.207722
0.469548, 0.501732, 0.361928, 0.387476
0.470764, 0.831745, -0.417084, -0.128904
0.471495, 0.131629, 0.376379, 0.102639
0.471750, 0.155829, 0.375592, 0.121292
0.472319, 0.413284, 0.362240, 0.315026
0.472748, 0.180660, 0.375468, 0.140396
0.473540, 0.526621, -0.133962, -0.093009
0.474218, 0.351407, 0.367743, 0.269337
0.474609, 0.917343, -0.416730, -0.063614
0.474923, 0.788440, -0.412610, -0.161958
0.474940, 0.878391, -0.415426, -0.093435
0.475044, 0.205910, 0.376155, 0.159673
0.475218, 1.000000, -0.417028, 0.000000
0.475346, 0.958593, -0.416750, -0.031901
0.475384, 0.698689, -0.407120, -0.228898
0.476837, 0.291992, 0.373343, 0.224927
0.478590, 0.088368, 0.382544, 0.068888
0.478801, 0.436016, 0.365476, 0.331309
0.479001, 0.042978, 0.383483, 0.033538
0.479179, 0.000000, 0.383865, 0.000000
0.479363, 0.229091, 0.378349, 0.177195
0.479869, 0.603800, -0.396390, -0.297488
0.480166, 0.631953, -0.400483, -0.279386
0.480982, 0.551604, -0.382365, -0.326240
0.481618, 0.656525, -0.399617, -0.259938
0.481937, 0.742267, -0.405081, -0.196943
0.483381, 0.374542, 0.372887, 0.285804
0.483477, 0.679199, -0.400446, -0.244107
0.483741, 0.459888, 0.368829, 0.349818
0.484205, 0.314411, 0.377325, 0.241225
0.485437, 0.719022, -0.401226, -0.214479
0.485764, 0.810593, -0.405537, -0.145558
0.485933, 0.251645, 0.382022, 0.193978
0.486933, 0.579153, -0.389899, -0.316399
0.488332, 0.854322, -0.404934, -0.112221
0.488459, 0.483910, 0.376135, 0.372525
0.488887, 0.898045, -0.405854, -0.078703
0.489045, 0.937779, -0.406562, -0.048098
0.489233, 0.979082, -0.406813, -0.016180
0.491153, 0.113124, 0.390947, 0.087754
0.491441, 0.065395, 0.392283, 0.050825
0.491729, 0.767242, -0.399395, -0.178712
0.492078, 0.397239, 0.377607, 0.301822
0.492573, 0.021652, 0.393564, 0.016839
0.493070, 0.336711, 0.382454, 0.257294
0.493515, 0.508638, -0.157485, -0.145810
0.494316, 0.163233, 0.391784, 0.126233
0.494567, 0.275235, 0.387139, 0.211338
0.495127, 0.138780, 0.393451, 0.107499
0.495711, 0.188696, 0.391868, 0.145668
0.496890, 0.532865, -0.357697, -0.329142
0.497483, 0.832811, -0.397823, -0.129038
0.499466, 0.419246, 0.381351, 0.317334
0.499693, 0.621689, -0.384745, -0.287232
0.500567, 0.211647, 0.394541, 0.162975
0.500829, 0.788578, -0.393769, -0.162953
0.501232, 0.359036, 0.386782, 0.273139
0.501391, 0.876186, -0.396261, -0.095839
0.502380, 0.697784, -0.387792, -0.231339
0.502774, 1.000000, -0.397019, 0.000000
0.502924, 0.087909, 0.400173, 0.068044
0.503140, 0.917715, -0.395928, -0.063812
0.503155, 0.559464, -0.376491, -0.331603
0.503174, 0.298734, 0.392161, 0.228494
0.503180, 0.958013, -0.396515, -0.032595
0.503810, 0.646907, -0.383740, -0.269305
0.504011, 0.443323, 0.384479, 0.336160
0.504024, 0.595787, -0.379850, -0.306565
0.505316, 0.044017, 0.402690, 0.034100
0.505475, 0.234701, 0.397119, 0.180245
0.505703, 0.671300, -0.383747, -0.251185
0.506045, 0.000000, 0.403484, 0.000000
0.506140, 0.748970, -0.387840, -0.193116
0.506873, 0.725887, -0.385997, -0.210480
0.508855, 0.467399, 0.400104, 0.367269
0.510901, 0.381955, 0.392098, 0.289161
0.511274, 0.321385, 0.396547, 0.244768
0.511661, 0.812739, -0.386732, -0.144914
0.511905, 0.258216, 0.400562, 0.197617
0.512695, 0.491667, -0.122433, -0.138688
0.513181, 0.853991, -0.386945, -0.113250
0.515643, 0.107662, 0.409010, 0.083001
0.516265, 0.896514, -0.385934, -0.080495
0.516640, 0.174040, 0.407630, 0.133715
0.516696, 0.978970, -0.386822, -0.016393
0.517344, 0.576906, -0.368744, -0.321173
0.517354, 0.937073, -0.385903, -0.049019
0.517628, 0.066943, 0.411358, 0.051659
0.517696, 0.128821, 0.410143, 0.099210
0.517958, 0.516451, -0.349099, -0.350296
0.518850, 0.021846, 0.412689, 0.016866
0.519018, 0.539974, -0.361442, -0.344742
0.519357, 0.152168, 0.410730, 0.117046
0.520438, 0.402503, 0.396124, 0.302114
0.520538, 0.768109, -0.378354, -0.179344
0.520573, 0.282410, 0.405617, 0.215295
0.520682, 0.343768, 0.402090, 0.260838
0.520828, 0.612745, -0.368909, -0.295390
0.522242, 0.194726, 0.411076, 0.149267
0.523212, 0.710316, -0.373411, -0.223178
0.524295, 0.793404, -0.376687, -0.160213
0.524398, 0.427312, 0.397434, 0.320229
0.524548, 0.636019, -0.367852, -0.278557
0.525067, 0.832349, -0.377591, -0.130317
0.526061, 0.217570, 0.412931, 0.166402
0.526387, 0.684120, -0.369624, -0.243004
0.527564, 0.366341, 0.404995, 0.276439
0.528355, 0.875476, -0.376452, -0.097072
0.528811, 0.659953, -0.366410, -0.261208
0.529122, 0.451888, 0.409142, 0.348377
0.529234, 0.740402, -0.370406, -0.200688
0.529972, 0.305954, 0.411188, 0.232322
0.530172, 1.000000, -0.377030, 0.000000
0.530444, 0.089582, 0.420250, 0.068849
0.530663, 0.957938, -0.376462, -0.032907
0.530966, 0.240928, 0.415346, 0.183738
0.531025, 0.044225, 0.421353, 0.034018
0.531138, 0.915136, -0.375466, -0.066321
0.531803, 0.557072, -0.356238, -0.336065
0.532864, 0.000000, 0.423012, 0.000000
0.533407, 0.594211, -0.358428, -0.309796
0.533546, 0.477032, -0.195388, -0.239242
0.536373, 0.502298, -0.335326, -0.362426
0.536981, 0.264781, 0.418300, 0.201202
0.538230, 0.854778, -0.368662, -0.113413
0.538303, 0.328356, 0.415448, 0.248075
0.540596, 0.812735, -0.365382, -0.145971
0.540983, 0.171192, 0.425906, 0.130842
0.541217, 0.115604, 0.427438, 0.088502
0.541218, 0.384591, 0.412692, 0.287843
0.541692, 0.142733, 0.427200, 0.109174
0.541775, 0.529978, -0.346956, -0.356365
0.542970, 0.719541, -0.359275, -0.217196
0.543223, 0.066545, 0.429930, 0.050997
0.543728, 0.783684, -0.361994, -0.168477
0.544058, 0.978916, -0.366812, -0.016563
0.544319, 0.936346, -0.366211, -0.049969
0.544386, 0.618937, -0.352225, -0.292474
0.544405, 0.410914, 0.402831, 0.296860
0.544478, 0.892248, -0.365186, -0.084451
0.545017, 0.022048, 0.431644, 0.016899
0.545762, 0.694540, -0.355965, -0.236279
0.545839, 0.760093, -0.359513, -0.186682
0.545875, 0.197843, 0.428132, 0.150719
0.546600, 0.288838, 0.423950, 0.218570
0.546711, 0.575193, -0.347363, -0.324571
0.547346, 0.354449, 0.421807, 0.268165
0.549131, 0.643531, -0.350501, -0.274681
0.549332, 0.435896, 0.400109, 0.311240
0.550642, 0.223315, 0.430405, 0.169627
0.551303, 0.837249, -0.358378, -0.127408
0.552587, 0.668790, -0.349674, -0.256163
0.553357, 0.461337, -0.198174, -0.269648
0.554055, 0.089925, 0.437243, 0.068647
0.555678, 0.551427, -0.339406, -0.342804
0.555760, 0.248068, 0.432806, 0.187835
0.556518, 0.737666, -0.350231, -0.204142
0.556976, 0.044611, 0.440145, 0.034075
0.557066, 0.868024, -0.355030, -0.103621
0.557425, 0.914124, -0.356224, -0.067622
0.557435, 1.000000, -0.357060, 0.000000
0.557731, 0.957538, -0.356635, -0.033480
0.557736, 0.486851, -0.321672, -0.378040
0.557838, 0.308530, 0.431050, 0.232560
0.558102, 0.510995, -0.332437, -0.369998
0.558563, 0.598652, -0.340555, -0.308414
0.559743, 0.000000, 0.442501, 0.000000
0.560899, 0.332652, 0.430932, 0.249338
0.561542, 0.272798, 0.435461, 0.205807
0.561956, 0.799543, -0.349260, -0.157046
0.562817, 0.158400, 0.441941, 0.120382
0.564514, 0.132351, 0.443921, 0.100633
0.564544, 0.397143, 0.420248, 0.287220
0.564586, 0.371444, 0.436597, 0.283127
0.565526, 0.183873, 0.442997, 0.139476
0.565863, 0.110205, 0.445339, 0.083819
0.566332, 0.711527, -0.341663, -0.224540
0.567765, 0.623703, -0.335508, -0.290568
0.567923, 0.820497, -0.345634, -0.141031
0.568450, 0.687607, -0.338844, -0.242792
0.568473, 0.776947, -0.343384, -0.174709
0.568764, 0.068015, 0.448383, 0.051761
0.569613, 0.530004, -0.327207, -0.358835
0.569851, 0.891336, -0.346598, -0.085801
0.569856, 0.421279, 0.302200, 0.187595
0.570513, 0.209477, 0.445390, 0.158424
0.570903, 0.022036, 0.450279, 0.016769
0.570917, 0.935701, -0.346681, -0.050867
0.570931, 0.576434, -0.330085, -0.325666
0.571167, 0.978812, -0.346926, -0.016779
0.572583, 0.649297, -0.333620, -0.271862
0.572820, 0.754275, -0.339017, -0.192267
0.573445, 0.447111, -0.303242, -0.401844
0.573559, 0.846934, -0.342484, -0.120666
0.575279, 0.348631, 0.439050, 0.258881
0.575498, 0.234946, 0.447723, 0.177141
0.576842, 0.473882, -0.312271, -0.394166
0.576906, 0.291101, 0.445852, 0.218625
0.579125, 0.554298, -0.322436, -0.342306
0.579845, 0.261122, 0.449507, 0.196318
0.580706, 0.728253, -0.331966, -0.212624
0.580760, 0.502728, -0.316902, -0.379195
0.580808, 0.090770, 0.456604, 0.068811
0.581500, 0.318895, 0.447455, 0.238919
0.582126, 0.671044, -0.327900, -0.256154
0.582181, 0.045095, 0.458285, 0.034203
0.582444, 0.601598, -0.323368, -0.307974
0.583116, 0.870148, -0.336249, -0.102822
0.583519, 0.913429, -0.337001, -0.068687
0.584488, 0.957377, -0.336970, -0.033877
0.584542, 1.000000, -0.337141, 0.000000
0.585216, 0.144735, 0.458252, 0.109346
0.585934, 0.385724, 0.467495, 0.309060
0.586542, 0.170900, 0.458453, 0.128949
0.586920, 0.000000, 0.462160, 0.000000
0.587402, 0.798408, -0.330332, -0.158966
0.589762, 0.116787, 0.462520, 0.088253
0.589982, 0.699428, -0.323527, -0.235046
0.590021, 0.824804, -0.329534, -0.138560
0.590441, 0.628287, -0.319170, -0.288687
0.590489, 0.196152, 0.460305, 0.147655
0.591626, 0.406912, -0.012993, -0.154947
0.592312, 0.529422, -0.311100, -0.361421
0.592768, 0.773279, -0.325163, -0.178622
0.593449, 0.365837, 0.440375, 0.259988
0.593853, 0.431438, -0.322037, -0.450733
0.594337, 0.067951, 0.466806, 0.051353
0.595289, 0.579612, -0.312422, -0.325003
0.595401, 0.221323, 0.462652, 0.166121
0.596211, 0.022269, 0.468363, 0.016823
0.596258, 0.748168, -0.321335, -0.198111
0.596455, 0.891672, -0.326872, -0.086175
0.596669, 0.457263, -0.303686, -0.414526
0.597207, 0.935726, -0.327306, -0.051253
0.598001, 0.341325, 0.470495, 0.266989
0.598182, 0.978589, -0.327045, -0.017096
0.598395, 0.483636, -0.302856, -0.394395
0.598865, 0.651292, -0.314380, -0.272046
0.599101, 0.849684, -0.323631, -0.119370
0.599316, 0.273960, 0.462678, 0.204712
0.599431, 0.246787, 0.464255, 0.184694
0.600352, 0.554814, -0.306891, -0.343382
0.600428, 0.297908, 0.462163, 0.222328
0.602343, 0.721248, -0.315583, -0.219157
0.604550, 0.091539, 0.473529, 0.068916
0.604786, 0.510097, -0.300566, -0.376258
0.605306, 0.607834, -0.306846, -0.304810
0.605416, 0.677278, -0.311017, -0.252850
0.605682, 0.319872, 0.457373, 0.230985
0.607028, 0.135608, 0.474031, 0.101852
0.607446, 0.045824, 0.476358, 0.034511
0.608104, 0.160820, 0.474086, 0.120643
0.609657, 0.914401, -0.317663, -0.068451
0.609882, 0.869654, -0.316406, -0.104013
0.611189, 0.809097, -0.313162, -0.151669
0.611352, 0.956924, -0.317144, -0.034524
0.611441, 1.000000, -0.317327, 0.000000
0.611488, 0.185268, 0.475673, 0.138708
0.612333, 0.386513, 0.025616, -0.148326
0.613669, 0.786663, -0.310266, -0.169227
0.613933, 0.832889, -0.311890, -0.133062
0.614432, 0.000000, 0.481918, 0.000000
0.614921, 0.413327, -0.268448, -0.428223
0.615896, 0.111005, 0.481092, 0.083250
0.615934, 0.209662, 0.477821, 0.156582
0.615951, 0.699441, -0.304296, -0.236557
0.616073, 0.630719, -0.300304, -0.288480
0.616850, 0.439389, -0.286915, -0.428096
0.617031, 0.537665, -0.293548, -0.357146
0.617298, 0.359910, 0.562179, 0.359449
0.617701, 0.589126, -0.296426, -0.319411
0.617824, 0.763745, -0.306020, -0.187157
0.619352, 0.740887, -0.303765, -0.204887
0.619790, 0.464928, -0.286609, -0.410039
0.619947, 0.069944, 0.485108, 0.052476
0.620321, 0.234344, 0.479793, 0.174521
0.620345, 0.022632, 0.485558, 0.016979
0.620364, 0.565682, -0.292811, -0.336702
0.620906, 0.489472, -0.287361, -0.392324
0.621521, 0.260260, 0.478955, 0.193191
0.622077, 0.893355, -0.307855, -0.085494
0.622390, 0.657392, -0.297176, -0.268844
0.623276, 0.285240, 0.479406, 0.212006
0.624151, 0.935155, -0.307339, -0.052141
0.624439, 0.335966, 0.429001, 0.201526
0.624995, 0.978270, -0.307259, -0.017503
0.626661, 0.309379, 0.484307, 0.233348
0.627537, 0.515337, -0.284300, -0.374087
0.627969, 0.721016, -0.296388, -0.220681
0.629835, 0.849559, -0.300461, -0.120419
0.630038, 0.151565, 0.489900, 0.113016
0.630795, 0.128902, 0.491210, 0.096199
0.631783, 0.048435, 0.493548, 0.036220
0.632164, 0.091079, 0.493289, 0.068045
0.632191, 0.680227, -0.291070, -0.252080
0.632630, 0.610049, -0.286690, -0.304916
0.633150, 0.175457, 0.491502, 0.130619
0.633609, 0.872314, -0.298604, -0.102575
0.634998, 0.821878, -0.295857, -0.142620
0.635526, 0.398545, -0.263146, -0.450611
0.636557, 0.797640, -0.293555, -0.161662
0.636765, 0.913109, -0.297472, -0.070066
0.636941, 0.373003, -0.220764, -0.424748
0.637123, 0.199217, 0.493316, 0.147947
0.638075, 1.000000, -0.297653, 0.000000
0.638112, 0.956248, -0.297336, -0.035378
0.638306, 0.424754, -0.268800, -0.438501
0.638445, 0.638978, -0.284009, -0.283581
0.639811, 0.773752, -0.290005, -0.180454
0.640154, 0.555824, -0.277630, -0.345370
0.640804, 0.448812, -0.269858, -0.422789
0.641122, 0.584080, -0.278531, -0.324442
0.641632, 0.025280, 0.500823, 0.018863
0.641748, 0.222844, 0.495661, 0.165183
0.642132, 0.534212, -0.274721, -0.361246
0.642140, 0.748689, -0.286861, -0.199894
0.642292, 0.000000, 0.501593, 0.000000
0.643092, 0.701589, -0.283904, -0.236299
0.643406, 0.498018, -0.271358, -0.387561
0.643635, 0.474453, -0.269672, -0.404674
0.643942, 0.247998, 0.495607, 0.183104
0.644084, 0.349481, 0.231822, 0.005509
0.645155, 0.110977, 0.502038, 0.082560
0.645577, 0.272487, 0.494143, 0.199753
0.647604, 0.071203, 0.504815, 0.053002
0.647733, 0.323820, 0.493865, 0.238811
0.647881, 0.297301, 0.501429, 0.225010
0.648971, 0.663131, -0.277473, -0.265980
0.649349, 0.890390, -0.287377, -0.088591
0.649868, 0.726236, -0.280043, -0.217728
0.650754, 0.933655, -0.287566, -0.053822
0.651488, 0.977968, -0.287645, -0.017912
0.653104, 0.621451, -0.271869, -0.297467
0.653307, 0.837765, -0.282904, -0.130851
0.653651, 0.160831, 0.506293, 0.119061
0.653794, 0.136963, 0.507469, 0.101531
0.655265, 0.863834, -0.282136, -0.110064
0.656204, 0.049434, 0.510850, 0.036708
0.656837, 0.516582, -0.262602, -0.374903
0.657507, 0.384188, -0.246606, -0.462449
0.658157, 0.186630, 0.508698, 0.137813
0.658338, 0.411552, -0.253993, -0.449870
0.658655, 0.811731, -0.277597, -0.151591
0.659495, 0.568174, -0.264059, -0.337608
0.659955, 0.598956, -0.265491, -0.314738
0.660475, 0.685846, -0.269988, -0.249328
0.660614, 0.092449, 0.513589, 0.068515
0.661824, 0.787081, -0.274090, -0.171112
0.662592, 0.022956, 0.515969, 0.017030
0.662927, 0.909845, -0.277886, -0.073323
0.662975, 0.460935, -0.254623, -0.415758
0.663368, 0.210017, 0.511465, 0.154700
0.664015, 0.762080, -0.271360, -0.190836
0.664269, 0.955450, -0.277911, -0.036362
0.664350, 0.435714, -0.251846, -0.433753
0.664392, 0.645136, -0.264706, -0.280325
0.664445, 1.000000, -0.278106, 0.000000
0.664890, 0.360780, -0.231876, -0.471758
0.665713, 0.235436, 0.512473, 0.173787
0.666021, 0.541891, -0.257390, -0.357070
0.666204, 0.490628, -0.254141, -0.394502
0.668571, 0.710290, -0.265080, -0.230994
0.668717, 0.260332, 0.511389, 0.189682
0.668887, 0.738261, -0.266273, -0.209438
0.669149, 0.337062, -0.060976, -0.316652
0.669508, 0.118708, 0.519152, 0.087670
0.669649, 0.284337, 0.505940, 0.203287
0.669794, 0.310428, 0.534617, 0.254513
0.670197, 0.000000, 0.520853, 0.000000
0.673256, 0.883033, -0.269439, -0.095315
0.674570, 0.851470, -0.267349, -0.120734
0.675673, 0.170391, 0.521447, 0.125274
0.675723, 0.072259, 0.524661, 0.053343
0.676086, 0.668609, -0.257217, -0.263302
0.676101, 0.932051, -0.268659, -0.055631
0.676513, 0.622291, -0.254327, -0.298268
0.676790, 0.396875, -0.239322, -0.461155
0.676935, 0.583405, -0.251631, -0.327072
0.677119, 0.145862, 0.523409, 0.107283
0.677587, 0.977628, -0.268254, -0.018370
0.677603, 0.045830, 0.525994, 0.033812
0.678404, 0.826583, -0.263378, -0.140714
0.678831, 0.516183, -0.246432, -0.376872
0.681790, 0.472509, -0.241421, -0.408446
0.683335, 0.801357, -0.258496, -0.160915
0.683957, 0.559940, -0.245132, -0.345028
0.684249, 0.373192, -0.231755, -0.477808
0.684815, 0.195070, 0.526743, 0.142628
0.684826, 0.099337, 0.530472, 0.073070
0.685205, 0.419843, -0.235533, -0.446354
0.685876, 0.775219, -0.255504, -0.181731
0.686519, 0.907344, -0.260272, -0.076030
0.686576, 0.019419, 0.532689, 0.014289
0.686668, 0.221463, 0.527594, 0.162306
0.686694, 0.693939, -0.250621, -0.244695
0.687540, 0.448328, -0.235848, -0.426497
0.688849, 0.603351, -0.243693, -0.312831
0.688910, 0.645329, -0.246270, -0.281722
0.689243, 0.723382, -0.250068, -0.222053
0.689510, 0.750460, -0.251301, -0.201120
0.689789, 0.954669, -0.258887, -0.037370
0.690066, 0.247318, 0.532764, 0.185310
0.690553, 1.000000, -0.258695, 0.000000
0.690884, 0.323487, -0.179712, -0.463122
0.691278, 0.865503, -0.255134, -0.110036
0.691822, 0.296144, 0.498073, 0.194195
0.691969, 0.494885, -0.235223, -0.392867
0.692088, 0.537074, -0.237802, -0.362459
0.692538, 0.349000, -0.216954, -0.487239
0.693107, 0.125764, 0.535438, 0.092177
0.693957, 0.272702, 0.521778, 0.190829
0.697108, 0.170554, 0.536633, 0.124659
0.699210, 0.061468, 0.541143, 0.045040
0.699438, 0.395494, -0.223648, -0.464501
0.699594, 0.000000, 0.541563, 0.000000
0.699596, 0.841149, -0.247859, -0.129965
0.699883, 0.037794, 0.541810, 0.027697
0.699951, 0.668027, -0.239086, -0.265156
0.700112, 0.886403, -0.249303, -0.093465
0.700650, 0.931100, -0.250295, -0.056962
0.701489, 0.149854, 0.540427, 0.109325
0.701872, 0.580640, -0.232760, -0.330706
0.702350, 0.085425, 0.543062, 0.062513
0.702899, 0.624917, -0.234256, -0.297557
0.703325, 0.977333, -0.249058, -0.018813
0.703850, 0.817398, -0.243652, -0.149172
0.704625, 0.432437, -0.222130, -0.438536
0.704633, 0.470911, -0.224520, -0.411172
0.705249, 0.515305, -0.226517, -0.378846
0.706196, 0.789868, -0.240740, -0.171245
0.707906, 0.208656, 0.541368, 0.150605
0.708451, 0.711918, -0.234867, -0.232002
0.708637, 0.371081, -0.214685, -0.481452
0.708886, 0.558413, -0.226244, -0.347562
0.710218, 0.688054, -0.232147, -0.250298
0.710458, 0.111101, 0.548082, 0.081019
0.710673, 0.233471, 0.549435, 0.175888
0.711058, 0.764167, -0.235587, -0.191604
0.711196, 0.306651, -0.259785, -0.576029
0.711501, 0.186888, 0.547219, 0.137105
0.711947, 0.738872, -0.233506, -0.211281
0.712157, 0.908850, -0.240931, -0.075516
0.714421, 0.259585, 0.573932, 0.220282
0.714627, 0.412138, -0.213690, -0.453800
0.714780, 0.601743, -0.224141, -0.315788
0.714948, 0.330274, -0.220568, -0.523393
0.714959, 0.647525, -0.226281, -0.281242
0.715012, 0.954358, -0.240005, -0.038034
0.715555, 0.018916, 0.553229, 0.013805
0.715575, 0.861492, -0.236561, -0.114257
0.716467, 1.000000, -0.239362, 0.000000
0.716902, 0.452084, -0.214230, -0.425179
0.717675, 0.492175, -0.216042, -0.396592
0.718377, 0.536261, -0.217778, -0.364221
0.719293, 0.137114, 0.553536, 0.099721
0.719814, 0.351021, -0.210190, -0.501169
0.719884, 0.284934, -0.001494, -0.334974
0.722268, 0.043302, 0.557630, 0.031512
0.722745, 0.069595, 0.557455, 0.050605
0.724238, 0.884696, -0.231050, -0.095784
0.724550, 0.806352, -0.227404, -0.159058
0.724602, 0.165087, 0.555151, 0.118427
0.724803, 0.836634, -0.228525, -0.134774
0.724878, 0.388688, -0.204657, -0.470916
0.726087, 0.931777, -0.231131, -0.057007
0.727532, 0.670092, -0.217843, -0.264867
0.727672, 0.622350, -0.215355, -0.301049
0.727825, 0.095165, 0.560551, 0.069048
0.727830, 0.580101, -0.212934, -0.332404
0.728855, 0.000000, 0.562758, 0.000000
0.728964, 0.977534, -0.229846, -0.018872
0.730285, 0.779364, -0.221586, -0.180707
0.730663, 0.724034, -0.218421, -0.223892
0.730692, 0.513115, -0.207364, -0.381997
0.731112, 0.215565, 0.560071, 0.157581
0.731336, 0.432057, -0.202468, -0.440401
0.731472, 0.698105, -0.216245, -0.243691
0.731974, 0.471789, -0.204157, -0.411931
0.733413, 0.558392, -0.207510, -0.348677
0.733477, 0.242631, 0.600094, 0.220134
0.733978, 0.192498, 0.567722, 0.144996
0.734176, 0.310939, -0.177417, -0.509848
0.735611, 0.752529, -0.216064, -0.202006
0.735684, 0.121318, 0.565402, 0.087749
0.736625, 0.908222, -0.222408, -0.076834
0.737444, 0.365707, -0.195116, -0.488803
0.738468, 0.642886, -0.208043, -0.286075
0.739583, 0.267431, -0.054170, -0.415297
0.739947, 0.860809, -0.218017, -0.115917
0.740497, 0.955391, -0.220829, -0.037623
0.741010, 0.410615, -0.194202, -0.456356
0.741772, 0.600697, -0.203343, -0.317855
0.741868, 0.336001, -0.185742, -0.505651
0.742077, 0.023392, 0.571664, 0.016912
0.742176, 0.821279, -0.214307, -0.147847
0.742229, 0.052284, 0.571326, 0.037798
0.742496, 1.000000, -0.219820, 0.000000
0.742617, 0.148596, 0.569102, 0.106909
0.743239, 0.534385, -0.198928, -0.367008
0.745046, 0.492509, -0.195447, -0.397632
0.745193, 0.451181, -0.193224, -0.427484
0.746451, 0.078637, 0.573729, 0.056696
0.747653, 0.290544, -0.181845, -0.539447
0.748010, 0.884154, -0.212947, -0.097207
0.748648, 0.796489, -0.208186, -0.168067
0.748988, 0.389399, -0.187317, -0.471925
0.749732, 0.175354, 0.570884, 0.123455
0.750143, 0.661017, -0.199798, -0.272775
0.750689, 0.933003, -0.212539, -0.056648
0.751250, 0.684252, -0.200158, -0.255226
0.751639, 0.224893, 0.618244, 0.210569
0.751937, 0.732965, -0.202202, -0.217929
0.752309, 0.104883, 0.577353, 0.075544
0.753681, 0.842262, -0.206443, -0.131516
0.754004, 0.709136, -0.199356, -0.236427
0.754271, 0.622057, -0.194740, -0.302455
0.754580, 0.771324, -0.202401, -0.188392
0.754973, 0.579329, -0.192031, -0.334167
0.755194, 0.977830, -0.210080, -0.018877
0.755697, 0.000000, 0.581033, 0.000000
0.755958, 0.556294, -0.190244, -0.351379
0.757272, 0.513632, -0.187239, -0.382829
0.758332, 0.428684, -0.182382, -0.444484
0.758534, 0.248775, -0.091940, -0.480689
0.758588, 0.202113, 0.617695, 0.184269
0.758603, 0.354008, -0.177774, -0.496889
0.759084, 0.314622, -0.176674, -0.525843
0.759085, 0.472084, -0.183874, -0.413098
0.759921, 0.131180, 0.581620, 0.093845
0.760070, 0.910575, -0.204550, -0.075689
0.761920, 0.038615, 0.585235, 0.027730
0.764546, 0.375702, -0.174895, -0.482158
0.765264, 0.749166, -0.192567, -0.205976
0.765332, 0.062113, 0.587052, 0.044523
0.765711, 0.817664, -0.195913, -0.152010
0.766333, 0.271473, -0.174546, -0.560814
0.766354, 0.641882, -0.186329, -0.288129
0.766409, 0.955588, -0.201214, -0.037972
0.766694, 0.158237, 0.584598, 0.112120
0.768320, 0.863950, -0.196352, -0.114698
0.768729, 1.000000, -0.200008, 0.000000
0.768758, 0.405732, -0.173446, -0.461111
0.768782, 0.602016, -0.182563, -0.318108
0.769259, 0.535947, -0.179138, -0.366988
0.769926, 0.888519, -0.196043, -0.094431
0.769964, 0.088424, 0.589685, 0.063170
0.770969, 0.335883, -0.169018, -0.511545
0.771407, 0.450021, -0.173672, -0.429826
0.771547, 0.019615, 0.592039, 0.014057
0.772428, 0.493486, -0.174808, -0.398181
0.772549, 0.792660, -0.189365, -0.172416
0.772640, 0.668062, -0.182635, -0.268559
0.774656, 0.226560, 0.205649, -0.211205
0.774834, 0.694323, -0.182286, -0.248783
0.774972, 0.293726, -0.165603, -0.542692
0.775349, 0.183764, 0.601994, 0.142412
0.776020, 0.721525, -0.182792, -0.228077
0.776098, 0.932906, -0.193140, -0.057478
0.776977, 0.113100, 0.594413, 0.081067
0.778369, 0.561498, -0.173276, -0.348527
0.779164, 0.839364, -0.186637, -0.135296
0.780894, 0.769386, -0.181445, -0.191106
0.781744, 0.977602, -0.189978, -0.019376
0.781818, 0.584246, -0.171717, -0.332006
0.782501, 0.620985, -0.172864, -0.304711
0.783280, 0.516228, -0.167562, -0.382061
0.783366, 0.140892, 0.596028, 0.098610
0.783798, 0.386449, -0.161483, -0.475711
0.783940, 0.250477, -0.132481, -0.548417
0.784293, 0.000000, 0.601031, 0.000000
0.784435, 0.427425, -0.162920, -0.446682
0.785285, 0.471823, -0.164226, -0.414718
0.785286, 0.909519, -0.185082, -0.077531
0.785788, 0.360582, -0.158987, -0.494404
0.786368, 0.314986, -0.156828, -0.526907
0.786377, 0.069861, 0.601372, 0.049701
0.786728, 0.206525, 0.423856, -0.016901
0.787230, 0.043977, 0.602763, 0.031297
0.789204, 0.744677, -0.173626, -0.210872
0.789341, 0.647085, -0.168689, -0.285365
0.789432, 0.813778, -0.177186, -0.156484
0.791344, 0.882962, -0.179241, -0.100094
0.792201, 0.166019, 0.611903, 0.127043
0.792443, 0.954790, -0.181368, -0.039263
0.792969, 0.273350, -0.144184, -0.550539
0.793283, 0.542201, -0.160953, -0.363292
0.794120, 0.673918, -0.166151, -0.265252
0.794868, 1.000000, -0.180165, 0.000000
0.795028, 0.858972, -0.175297, -0.120191
0.795044, 0.093668, 0.606443, 0.066132
0.795756, 0.338010, -0.150650, -0.510738
0.796853, 0.406941, -0.152750, -0.461771
0.796964, 0.449151, -0.154489, -0.431689
0.797261, 0.700008, -0.164969, -0.245614
0.797768, 0.789005, -0.169208, -0.176634
0.798409, 0.122467, 0.609444, 0.087733
0.798500, 0.021641, 0.610529, 0.015335
0.798757, 0.494442, -0.154989, -0.398909
0.799598, 0.600352, -0.158581, -0.320726
0.800081, 0.722225, -0.163731, -0.228584
0.800257, 0.230229, -0.180021, -0.621692
0.801292, 0.930704, -0.173701, -0.060233
0.802492, 0.570103, -0.155020, -0.343136
0.802824, 0.294751, -0.141970, -0.539972
0.803621, 0.188766, 0.474432, 0.007695
0.804625, 0.834107, -0.166337, -0.140997
0.806001, 0.763821, -0.161337, -0.196910
0.806114, 0.627376, -0.154708, -0.300967
0.806522, 0.382500, -0.144557, -0.479582
0.806523, 0.518344, -0.150006, -0.381773
0.806692, 0.065448, 0.615705, 0.046261
0.808314, 0.976842, -0.169738, -0.020413
0.808395, 0.904492, -0.167028, -0.082885
0.808771, 0.147832, 0.615179, 0.104857
0.810404, 0.253959, -0.144541, -0.577956
0.810661, 0.472656, -0.145056, -0.415136
0.811434, 0.360165, -0.140002, -0.495595
0.811617, 0.000000, 0.619676, 0.000000
0.811660, 0.654938, -0.151468, -0.280378
0.812235, 0.426234, -0.142069, -0.448653
0.812809, 0.316305, -0.136806, -0.526389
0.814012, 0.042388, 0.620903, 0.029839
0.814182, 0.809037, -0.157258, -0.161655
0.814849, 0.878621, -0.160642, -0.104979
0.814862, 0.210602, -0.173206, -0.638397
0.815284, 0.544680, -0.144255, -0.362668
0.815553, 0.739126, -0.152257, -0.216337
0.815685, 0.682838, -0.149474, -0.259389
0.816284, 0.107283, 0.620161, 0.074691
0.817741, 0.952171, -0.161845, -0.042253
0.819498, 0.170617, 0.562103, 0.069936
0.819554, 0.085343, 0.622940, 0.059393
0.820168, 0.338002, -0.132605, -0.511551
0.820552, 1.000000, -0.160484, 0.000000
0.820790, 0.853549, -0.154587, -0.126100
0.820876, 0.448037, -0.136374, -0.433257
0.820976, 0.276914, -0.131645, -0.556397
0.822297, 0.587125, -0.140400, -0.331509
0.822362, 0.710672, -0.145490, -0.238575
0.822416, 0.783953, -0.149267, -0.181995
0.822992, 0.402583, -0.133159, -0.466139
0.823765, 0.129627, 0.638124, 0.103478
0.824830, 0.497307, -0.135197, -0.397798
0.824903, 0.925755, -0.155139, -0.065502
0.825024, 0.611160, -0.139220, -0.313817
0.826094, 0.021510, 0.629238, 0.015037
0.826749, 0.563482, -0.136066, -0.349217
0.826854, 0.233912, -0.126914, -0.587541
0.828261, 0.524378, -0.133462, -0.377941
0.829817, 0.636622, -0.136429, -0.294955
0.830232, 0.828357, -0.145503, -0.147111
0.831052, 0.299649, -0.123867, -0.539612
0.831112, 0.759357, -0.140859, -0.201528
0.831745, 0.377481, -0.125728, -0.484332
0.831922, 0.899185, -0.148225, -0.088620
0.831929, 0.061999, 0.633145, 0.043669
0.832692, 0.192125, -0.192070, -0.683342
0.834045, 0.662559, -0.134096, -0.275595
0.834124, 0.472176, -0.127156, -0.416118
0.834131, 0.973478, -0.149911, -0.023865
0.836412, 0.152052, 0.580160, 0.061796
0.837026, 0.687978, -0.132714, -0.256394
0.837238, 0.256905, -0.117078, -0.569036
0.837990, 0.352971, -0.120204, -0.501814
0.838329, 0.733668, -0.133796, -0.221732
0.838776, 0.872818, -0.141236, -0.111214
0.838828, 0.423140, -0.122052, -0.452093
0.838863, 0.000000, 0.638069, 0.000000
0.839207, 0.803338, -0.136782, -0.167614
0.840048, 0.324684, -0.117854, -0.522051
0.840848, 0.107202, 0.637621, 0.074697
0.841743, 0.946293, -0.142794, -0.048280
0.842078, 0.214317, -0.123307, -0.609509
0.842231, 0.447800, -0.120187, -0.433990
0.842256, 0.042529, 0.640228, 0.029679
0.842882, 0.083867, 0.637589, 0.056492
0.843777, 0.544029, -0.122114, -0.363962
0.844523, 1.000000, -0.141994, 0.000000
0.846086, 0.847162, -0.133777, -0.132825
0.847048, 0.514414, -0.118677, -0.385898
0.847055, 0.595756, -0.121383, -0.326149
0.847125, 0.172256, -0.190597, -0.705839
0.847506, 0.571506, -0.120147, -0.343961
0.847539, 0.711411, -0.125295, -0.239006
0.847553, 0.130549, 0.682389, 0.134250
0.847597, 0.778734, -0.128547, -0.187333
0.848020, 0.396769, -0.114259, -0.471095
0.848417, 0.919385, -0.136152, -0.072180
0.848623, 0.278202, -0.109616, -0.554696
0.850118, 0.619993, -0.119808, -0.308224
0.850690, 0.489351, -0.115082, -0.404259
0.853215, 0.020362, 0.647255, 0.013869
0.854060, 0.238619, -0.105009, -0.582869
0.854091, 0.644077, -0.117482, -0.290299
0.855494, 0.892330, -0.128846, -0.095816
0.855631, 0.753461, -0.120740, -0.207339
0.856078, 0.821706, -0.124077, -0.153966
0.856156, 0.300571, -0.105056, -0.539403
0.856990, 0.371001, -0.106761, -0.489718
0.857528, 0.667487, -0.115544, -0.272736
0.857565, 0.980656, -0.131004, -0.017756
0.859114, 0.066227, 0.652119, 0.047127
0.859874, 0.689804, -0.114416, -0.255780
0.859968, 0.464971, -0.107265, -0.422230
0.860689, 0.346178, -0.103222, -0.507166
0.861504, 0.195317, -0.093207, -0.608190
0.861896, 0.959903, -0.127260, -0.036821
0.862806, 0.438413, -0.104383, -0.441600
0.862916, 0.322249, -0.100833, -0.524174
0.862966, 0.865872, -0.121065, -0.118462
0.864377, 0.147441, -0.001789, -0.543438
0.864471, 0.729696, -0.112395, -0.225814
0.864509, 0.413805, -0.102402, -0.459378
0.864580, 0.093832, 0.643472, 0.053969
0.864968, 0.797434, -0.115331, -0.173608
0.865229, 0.531824, -0.105122, -0.373625
0.865914, 0.259125, -0.096770, -0.568756
0.866600, 0.000000, 0.657020, 0.000000
0.866834, 0.118591, 0.687217, 0.121270
0.866874, 0.219613, -0.092808, -0.594007
0.867324, 0.936365, -0.121831, -0.058239
0.867474, 0.041358, 0.657806, 0.029313
0.867733, 0.556622, -0.103905, -0.355581
0.869653, 0.171183, -0.065869, -0.602783
0.869847, 0.505383, -0.100835, -0.393158
0.870388, 0.582466, -0.102567, -0.336585
0.871115, 0.840075, -0.112741, -0.140109
0.871867, 1.000000, -0.119582, 0.000000
0.872011, 0.607045, -0.102033, -0.318466
0.872275, 0.910855, -0.116239, -0.080957
0.872382, 0.772510, -0.107940, -0.193418
0.873394, 0.387131, -0.095023, -0.478819
0.874619, 0.706767, -0.103174, -0.243557
0.875570, 0.631487, -0.099927, -0.300317
0.876260, 0.283885, -0.090062, -0.551813
0.877332, 0.481704, -0.094464, -0.410638
0.879282, 0.655818, -0.097689, -0.282160
0.879548, 0.884337, -0.108455, -0.104081
0.880910, 0.021089, 0.664670, 0.013381
0.881398, 0.747255, -0.099330, -0.213143
0.881892, 0.680464, -0.096361, -0.263665
0.882469, 0.060230, 0.668979, 0.043957
0.882967, 0.815058, -0.101354, -0.160670
0.882987, 0.360944, -0.087193, -0.497654
0.883180, 0.307216, -0.085664, -0.535619
0.883539, 0.333932, -0.086076, -0.516713
0.883993, 0.238088, -0.082910, -0.583343
0.884034, 0.977782, -0.109605, -0.021000
0.884157, 0.456123, -0.088627, -0.429403
0.885001, 0.082100, 0.671166, 0.059892
0.885247, 0.431919, -0.087215, -0.446806
0.887079, 0.209330, -0.080402, -0.603723
0.887473, 0.132363, -0.102229, -0.673660
0.887603, 0.858522, -0.100050, -0.126082
0.888133, 0.954370, -0.105609, -0.042957
0.888175, 0.521636, -0.087062, -0.381670
0.888351, 0.184911, -0.079561, -0.620915
0.888418, 0.405685, -0.084208, -0.465817
0.889039, 0.106301, 0.504236, -0.081610
0.889714, 0.157158, -0.089013, -0.650733
0.890326, 0.543765, -0.085888, -0.365416
0.890488, 0.264572, -0.079180, -0.565583
0.890648, 0.790837, -0.093684, -0.180065
0.890935, 0.723035, -0.090544, -0.231981
0.891632, 0.929136, -0.101248, -0.066054
0.891726, 0.568251, -0.085410, -0.347570
0.893826, 0.000000, 0.675584, 0.000000
0.894111, 0.593780, -0.084173, -0.328861
0.895467, 0.499512, -0.080946, -0.398170
0.895565, 0.903227, -0.096143, -0.089020
0.896084, 0.041746, 0.685158, 0.037109
0.896337, 0.834098, -0.091131, -0.146278
0.896757, 0.765312, -0.087397, -0.199947
0.896793, 0.619074, -0.082695, -0.310223
0.897790, 1.000000, -0.098662, 0.000000
0.898903, 0.381166, -0.075806, -0.483644
0.899014, 0.698146, -0.083080, -0.251009
0.900454, 0.644516, -0.080417, -0.291345
0.902063, 0.473917, -0.075338, -0.416961
0.902909, 0.670370, -0.079121, -0.272034
0.903950, 0.341863, -0.071194, -0.511558
0.904060, 0.291744, -0.070051, -0.546973
0.904074, 0.876980, -0.087156, -0.111851
0.906065, 0.423823, -0.071268, -0.453065
0.906076, 0.317278, -0.069136, -0.529201
0.907194, 0.739174, -0.077764, -0.220387
0.907446, 0.066320, 0.697090, 0.061374
0.908009, 0.221724, -0.065612, -0.595913
0.908303, 0.021864, 0.681378, 0.013978
0.909223, 0.245729, -0.065324, -0.579400
0.909335, 0.973592, -0.088804, -0.025821
0.909413, 0.447981, -0.069171, -0.435625
0.910210, 0.807475, -0.078058, -0.168128
0.910561, 0.090366, 0.299204, -0.311776
0.910840, 0.195801, -0.063055, -0.613775
0.910909, 0.169632, -0.063102, -0.632309
0.910921, 0.116991, -0.119221, -0.722463
0.911351, 0.142672, -0.071093, -0.659612
0.911796, 0.360885, -0.065742, -0.498090
0.912046, 0.946278, -0.084932, -0.051774
0.912115, 0.523603, -0.068516, -0.380823
0.913175, 0.551014, -0.068263, -0.361024
0.913241, 0.270300, -0.062929, -0.562186
0.913877, 0.855342, -0.077272, -0.130047
0.914007, 0.400595, -0.064850, -0.470022
0.914859, 0.577971, -0.067466, -0.341210
0.915080, 0.919639, -0.080386, -0.075981
0.915313, 0.781829, -0.072528, -0.187948
0.917032, 0.715786, -0.068894, -0.238410
0.917211, 0.496031, -0.064055, -0.400909
0.917496, 0.604723, -0.065901, -0.321452
0.918514, 0.830382, -0.071925, -0.150241
0.918611, 0.893746, -0.075473, -0.098599
0.920265, 0.756363, -0.067435, -0.207654
0.920448, 0.000000, 0.695528, 0.000000
0.920546, 0.631409, -0.064007, -0.301693
0.920907, 0.687902, -0.064960, -0.259426
0.921940, 0.046361, 0.752215, 0.090813
0.922011, 1.000000, -0.078381, 0.000000
0.923236, 0.658908, -0.062413, -0.281218
0.925736, 0.468729, -0.057073, -0.421104
0.927830, 0.379135, -0.054099, -0.485492
0.927843, 0.334684, -0.053413, -0.517215
0.927921, 0.425028, -0.054709, -0.452435
0.928945, 0.309093, -0.052207, -0.535422
0.932005, 0.285569, -0.049566, -0.551780
0.932291, 0.233166, -0.048500, -0.588360
0.932341, 0.208019, -0.047973, -0.605583
0.932477, 0.072390, 0.207720, -0.430822
0.932700, 0.100562, -0.077909, -0.709364
0.933226, 0.873172, -0.061389, -0.116775
0.933246, 0.154824, -0.045537, -0.641039
0.933281, 0.181426, -0.046633, -0.623587
0.933411, 0.022728, 0.721668, 0.046606
0.933481, 0.127808, -0.045952, -0.660531
0.933553, 0.956619, -0.066520, -0.043292
0.933604, 0.980178, -0.067393, -0.020119
0.934123, 0.258339, -0.047608, -0.570897
0.934556, 0.537186, -0.051268, -0.371374
0.935090, 0.734472, -0.054483, -0.224998
0.935468, 0.930351, -0.062964, -0.067848
0.935548, 0.791774, -0.055717, -0.181128
0.935701, 0.563524, -0.050757, -0.352114
0.935912, 0.512082, -0.049833, -0.389564
0.936293, 0.447862, -0.048681, -0.436209
0.936688, 0.816512, -0.055710, -0.162160
0.936868, 0.356155, -0.047027, -0.502136
0.937369, 0.845737, -0.056226, -0.138952
0.937685, 0.590212, -0.049586, -0.332499
0.937850, 0.902968, -0.058873, -0.091988
0.938551, 0.400596, -0.046344, -0.470296
0.938848, 0.705363, -0.050649, -0.246814
0.939062, 0.764726, -0.051871, -0.201905
0.939508, 0.486467, -0.046711, -0.408274
0.940187, 0.617352, -0.048001, -0.312466
0.941165, 0.675767, -0.048155, -0.268926
0.942137, 0.645520, -0.046870, -0.291563
0.946293, 0.045905, 0.542038, -0.126311
0.946582, 0.000000, 0.758582, 0.000000
0.949551, 1.000000, -0.052725, 0.000000
0.951394, 0.423620, -0.036912, -0.453939
0.951973, 0.325992, -0.035497, -0.524091
0.953980, 0.300131, -0.033735, -0.542180
0.954741, 0.377736, -0.033939, -0.487048
0.954906, 0.088508, -0.065606, -0.721925
0.955130, 0.273578, -0.032609, -0.560696
0.955227, 0.467551, -0.034409, -0.422245
0.955228, 0.194200, -0.031669, -0.615507
0.955300, 0.220408, -0.031906, -0.597550
0.955341, 0.114396, -0.033154, -0.672067
0.955571, 0.167527, -0.031174, -0.633696
0.955571, 0.140972, -0.031024, -0.651758
0.955658, 0.886034, -0.041743, -0.107409
0.955943, 0.246452, -0.031735, -0.579582
0.956012, 0.943411, -0.044534, -0.057185
0.956452, 0.971737, -0.045774, -0.029671
0.956623, 0.859363, -0.039686, -0.129061
0.956934, 0.747424, -0.036447, -0.215729
0.956988, 0.548911, -0.033829, -0.363135
0.957176, 0.064713, -0.036650, -0.706423
0.957292, 0.915272, -0.041614, -0.082573
0.957315, 0.830790, -0.038114, -0.151728
0.957618, 0.720106, -0.035382, -0.236245
0.957643, 0.522564, -0.033057, -0.382345
0.957940, 0.350625, -0.031290, -0.506317
0.958128, 0.575806, -0.033194, -0.343392
0.958361, 0.803122, -0.036435, -0.173237
0.958502, 0.776498, -0.035660, -0.193557
0.958607, 0.024143, 0.713892, 0.042523
0.959266, 0.496220, -0.031547, -0.401502
0.959511, 0.691224, -0.033378, -0.257816
0.959886, 0.603261, -0.032068, -0.323152
0.960225, 0.661484, -0.032412, -0.279927
0.960819, 0.443322, -0.029912, -0.439822
0.961131, 0.631646, -0.031357, -0.302136
0.962125, 0.402653, -0.028598, -0.469123
0.972154, 0.000000, 0.922851, 0.000000
0.974027, 1.000000, -0.028706, 0.000000
0.975577, 0.045739, -0.095119, -0.781495
0.976275, 0.313130, -0.017458, -0.533152
0.977286, 0.951897, -0.023790, -0.050110
0.977296, 0.287025, -0.016572, -0.551499
0.977382, 0.898160, -0.021818, -0.098220
0.977668, 0.099873, -0.013793, -0.677927
0.977678, 0.260395, -0.016151, -0.570071
0.977704, 0.180316, -0.015645, -0.625165
0.977706, 0.206890, -0.015824, -0.607040
0.977799, 0.126689, -0.014751, -0.660869
0.977847, 0.925588, -0.022227, -0.074520
0.977862, 0.153530, -0.015287, -0.643225
0.977899, 0.479043, -0.017054, -0.414377
0.977944, 0.366137, -0.016483, -0.495461
0.977950, 0.338238, -0.016355, -0.515375
0.977998, 0.233469, -0.015774, -0.588747
0.978068, 0.844097, -0.019889, -0.141918
0.978072, 0.871316, -0.020453, -0.120266
0.978409, 0.977288, -0.023458, -0.024458
0.978412, 0.760515, -0.018428, -0.206204
0.978698, 0.422802, -0.016171, -0.454829
0.978774, 0.732986, -0.017856, -0.226951
0.978863, 0.534687, -0.016560, -0.373710
0.978881, 0.561714, -0.016678, -0.353918
0.978882, 0.816544, -0.018708, -0.163346
0.979077, 0.073189, -0.026067, -0.707135
0.979162, 0.705106, -0.017297, -0.247800
0.979586, 0.676259, -0.016742, -0.269258
0.979630, 0.788570, -0.017686, -0.184829
0.979705, 0.589304, -0.016160, -0.333601
0.979773, 0.507321, -0.015722, -0.393684
0.979952, 0.647194, -0.016262, -0.290778
0.980192, 0.452276, -0.015155, -0.433561
0.980223, 0.392586, -0.014910, -0.476630
0.980489, 0.617849, -0.015675, -0.312499
0.982486, 0.020013, 0.245192, -0.494179
1.000000, 0.000000, 0.000000, 0.000000
1.000000, 0.030936, 0.000000, -0.788964
1.000000, 0.057655, 0.000000, -0.706455
1.000000, 0.085657, 0.000000, -0.685697
1.000000, 0.112697, 0.000000, -0.670360
1.000000, 0.139670, 0.000000, -0.652725
1.000000, 0.166581, 0.000000, -0.634591
1.000000, 0.193337, 0.000000, -0.616407
1.000000, 0.220045, 0.000000, -0.598092
1.000000, 0.246890, 0.000000, -0.579507
1.000000, 0.273566, 0.000000, -0.560972
1.000000, 0.300022, 0.000000, -0.542475
1.000000, 0.325974, 0.000000, -0.524312
1.000000, 0.352860, 0.000000, -0.505114
1.000000, 0.379982, 0.000000, -0.485852
1.000000, 0.408530, 0.000000, -0.465091
1.000000, 0.436563, 0.000000, -0.445134
1.000000, 0.465138, 0.000000, -0.424287
1.000000, 0.492364, 0.000000, -0.404749
1.000000, 0.520472, 0.000000, -0.384071
1.000000, 0.548014, 0.000000, -0.364008
1.000000, 0.575635, 0.000000, -0.343764
1.000000, 0.603888, 0.000000, -0.322899
1.000000, 0.632815, 0.000000, -0.301464
1.000000, 0.661550, 0.000000, -0.280259
1.000000, 0.690101, 0.000000, -0.259086
1.000000, 0.718336, 0.000000, -0.238039
1.000000, 0.746211, 0.000000, -0.217134
1.000000, 0.773780, 0.000000, -0.196336
1.000000, 0.801847, 0.000000, -0.174799
1.000000, 0.829313, 0.000000, -0.153678
1.000000, 0.856088, 0.000000, -0.132772
1.000000, 0.882475, 0.000000, -0.111573
1.000000, 0.907977, 0.000000, -0.090372
1.000000, 0.932670, 0.000000, -0.068553
1.000000, 0.955843, 0.000000, -0.046574
1.000000, 0.978099, 0.000000, -0.023588
1.000000, 1.000000, 0.000000, 0.000000
