0.000000, 0.000000, 0.000000, 0.000000
0.000000, 0.029021, 0.000000, 0.065088
0.000000, 0.056003, 0.000000, 0.114078
0.000000, 0.082472, 0.000000, 0.158021
0.000000, 0.109014, 0.000000, 0.200451
0.000000, 0.136105, 0.000000, 0.242797
0.000000, 0.164611, 0.000000, 0.287092
0.000000, 0.194376, 0.000000, 0.334259
0.000000, 0.222208, 0.000000, 0.376040
0.000000, 0.251923, 0.000000, 0.420786
0.000000, 0.281839, 0.000000, 0.465580
0.000000, 0.310797, 0.000000, 0.508746
0.000000, 0.337786, 0.000000, 0.547129
0.000000, 0.365748, 0.000000, 0.586634
0.000000, 0.393541, 0.000000, 0.624004
0.000000, 0.422563, 0.000000, 0.663182
0.000000, 0.450038, 0.000000, 0.698613
0.000000, 0.477148, 0.000000, 0.732295
0.000000, 0.504111, 0.000000, 0.764311
0.000000, 0.531347, 0.000000, 0.795266
0.000000, 0.558609, 0.000000, 0.824839
0.000000, 0.584626, 0.000000, 0.850843
0.000000, 0.610989, 0.000000, 0.875439
0.000000, 0.636910, 0.000000, 0.897407
0.000000, 0.662307, 0.000000, 0.916216
0.000000, 0.688824, 0.000000, 0.933126
0.000000, 0.715827, 0.000000, 0.946865
0.000000, 0.742847, 0.000000, 0.956495
0.000000, 0.769486, 0.000000, 0.961165
0.000000, 0.795477, 0.000000, 0.960217
0.000000, 0.820995, 0.000000, 0.952975
0.000000, 0.846479, 0.000000, 0.938265
0.000000, 0.872229, 0.000000, 0.914208
0.000000, 0.898064, 0.000000, 0.876846
0.000000, 0.923541, 0.000000, 0.817213
0.000000, 0.948427, 0.000000, 0.789236
0.000000, 0.973004, 0.000000, 0.787648
0.000000, 1.000000, 0.000000, 0.000000
0.018189, 0.178444, 0.030562, 0.308716
0.018281, 0.267328, 0.028635, 0.443628
0.018734, 0.236793, 0.030049, 0.397850
0.018896, 0.409359, 0.025949, 0.645060
0.019293, 0.984915, -0.495109, 0.294608
0.019452, 0.297296, 0.029780, 0.488346
0.019654, 0.019337, 0.043859, 0.043038
0.019874, 0.149502, 0.034355, 0.263645
0.020665, 0.544990, 0.022547, 0.809661
0.020922, 0.517765, 0.024239, 0.779554
0.021053, 0.350280, 0.030649, 0.564404
0.021135, 0.436918, 0.027972, 0.681207
0.021183, 0.729813, 0.007440, 0.950963
0.021238, 0.702259, 0.010749, 0.939219
0.021523, 0.463839, 0.027401, 0.715330
0.021614, 0.490545, 0.026329, 0.747833
0.021764, 0.379852, 0.030798, 0.605210
0.021802, 0.756596, 0.003632, 0.957669
0.021824, 0.597310, 0.020484, 0.862110
0.021913, 0.674763, 0.014007, 0.923481
0.022110, 0.121583, 0.039403, 0.219871
0.022149, 0.208174, 0.036376, 0.354943
0.022371, 0.885957, -0.034208, 0.890256
0.022583, 0.624419, 0.019160, 0.886139
0.022661, 0.912242, -0.050769, 0.843669
0.022725, 0.572255, 0.023129, 0.838003
0.022739, 0.044448, 0.047019, 0.092172
0.022768, 0.859830, -0.022225, 0.922768
0.022816, 0.783577, -0.001081, 0.958951
0.022823, 0.324628, 0.034125, 0.528287
0.023006, 0.095475, 0.042563, 0.178286
0.023281, 0.069970, 0.045197, 0.136497
0.023377, 0.937588, -0.035276, 0.819486
0.023454, 0.834113, -0.014099, 0.942674
0.023533, 0.808963, -0.007030, 0.954102
0.023741, 0.648317, 0.017821, 0.904975
0.023811, 0.961293, -0.173072, 0.649222
0.027795, 0.000000, 0.062837, 0.000000
0.032728, 1.000000, -0.772191, 0.000000
0.036759, 0.253549, 0.058156, 0.422449
0.037405, 0.282760, 0.057888, 0.466293
0.038200, 0.186654, 0.063617, 0.320200
0.038341, 0.400010, 0.053031, 0.631779
0.039483, 0.361481, 0.056910, 0.579135
0.040004, 0.161515, 0.068072, 0.281002
0.041235, 0.227539, 0.066612, 0.383361
0.041866, 0.557627, 0.044145, 0.821333
0.041888, 0.135269, 0.073148, 0.240018
0.041922, 0.716834, 0.017729, 0.942100
0.041932, 0.610503, 0.037382, 0.871729
0.042067, 0.531238, 0.047266, 0.793278
0.042143, 0.425026, 0.056554, 0.665047
0.042220, 0.688823, 0.024151, 0.928613
0.042281, 0.504629, 0.050146, 0.763253
0.042649, 0.309370, 0.064523, 0.505148
0.043108, 0.026966, 0.089043, 0.055727
0.043299, 0.451109, 0.056074, 0.698486
0.043413, 0.770163, 0.002156, 0.953039
0.043564, 0.743133, 0.011007, 0.949768
0.043582, 0.477199, 0.054194, 0.730619
0.044124, 0.660426, 0.030918, 0.910705
0.044142, 0.900916, -0.086091, 0.845651
0.044823, 0.874262, -0.061747, 0.887277
0.045194, 0.928399, -0.115119, 0.797251
0.045648, 0.978298, -0.749738, 0.076502
0.045654, 0.054995, 0.089054, 0.107601
0.045720, 0.107484, 0.082286, 0.195502
0.045957, 0.848114, -0.038847, 0.919648
0.046430, 0.585445, 0.045193, 0.848329
0.046816, 0.081883, 0.087287, 0.153572
0.046856, 0.797383, -0.009372, 0.948376
0.047154, 0.335929, 0.069616, 0.542656
0.047368, 0.954749, -0.484530, 0.409148
0.047404, 0.822351, -0.022748, 0.938102
0.049148, 0.633976, 0.039578, 0.890514
0.049440, 0.204381, 0.081213, 0.347317
0.050685, 0.382642, 0.071464, 0.607406
0.051706, 0.000000, 0.105324, 0.000000
0.056084, 0.268467, 0.087600, 0.443504
0.059642, 1.000000, -0.780551, 0.000000
0.061108, 0.176389, 0.102300, 0.302674
0.061181, 0.245439, 0.097225, 0.408588
0.062059, 0.291743, 0.095179, 0.478010
0.062131, 0.409234, 0.084916, 0.642340
0.062153, 0.704678, 0.029757, 0.930673
0.062621, 0.676033, 0.039130, 0.915750
0.062828, 0.357928, 0.090711, 0.572069
0.063155, 0.566832, 0.064723, 0.826962
0.063188, 0.150920, 0.108125, 0.262982
0.063369, 0.491674, 0.076773, 0.745201
0.063456, 0.124141, 0.111149, 0.220145
0.063850, 0.607850, 0.057161, 0.865451
0.064253, 0.517996, 0.074056, 0.775243
0.064449, 0.542662, 0.070345, 0.801928
0.064835, 0.436996, 0.085461, 0.678119
0.065005, 0.916045, -0.183702, 0.758140
0.065082, 0.756590, 0.008813, 0.942709
0.065652, 0.729700, 0.021242, 0.937962
0.065684, 0.782337, -0.005731, 0.940613
0.065933, 0.463256, 0.083592, 0.710626
0.066168, 0.020295, 0.129326, 0.039632
0.066303, 0.889203, -0.102111, 0.850710
0.066808, 0.316489, 0.100328, 0.513876
0.066952, 0.221048, 0.108316, 0.371354
0.067097, 0.945212, -0.667581, 0.257086
0.067411, 0.043396, 0.129530, 0.082992
0.067822, 0.863042, -0.082467, 0.876697
0.068497, 0.650547, 0.050297, 0.897657
0.069047, 0.069167, 0.128533, 0.128765
0.069561, 0.837080, -0.053692, 0.905785
0.070399, 0.974915, -0.833207, 0.040402
0.070706, 0.095641, 0.127121, 0.172731
0.071761, 0.811158, -0.028675, 0.925607
0.072791, 0.195719, 0.119905, 0.331809
0.073150, 0.382082, 0.102890, 0.603976
0.074854, 0.585490, 0.072293, 0.842898
0.075997, 0.338155, 0.111825, 0.543653
0.077068, 0.627354, 0.063318, 0.877942
0.078350, 0.000000, 0.150975, 0.000000
0.079247, 0.268443, 0.123561, 0.441845
0.080655, 0.692213, 0.042878, 0.917226
0.083434, 0.480335, 0.102779, 0.728516
0.084089, 0.240144, 0.133846, 0.398804
0.084248, 0.402840, 0.115618, 0.630507
0.084316, 0.116180, 0.147734, 0.204897
0.085003, 0.929408, -0.726387, 0.220194
0.085197, 0.167845, 0.142996, 0.287177
0.085231, 0.141670, 0.146288, 0.246234
0.085237, 0.295351, 0.129998, 0.480880
0.085256, 1.000000, -0.834033, 0.000000
0.085453, 0.507308, 0.100153, 0.759481
0.085658, 0.426167, 0.114212, 0.661337
0.086042, 0.791631, -0.018129, 0.921692
0.086299, 0.558616, 0.089777, 0.813859
0.086780, 0.743334, 0.018434, 0.929085
0.087220, 0.668316, 0.056384, 0.902075
0.087519, 0.533456, 0.096959, 0.787831
0.087707, 0.903879, -0.329450, 0.624871
0.087801, 0.958216, -0.821310, 0.098178
0.088073, 0.715702, 0.034514, 0.922895
0.088291, 0.361273, 0.126806, 0.574345
0.089060, 0.451182, 0.114656, 0.692196
0.089299, 0.766739, 0.001739, 0.926229
0.089659, 0.878833, -0.124633, 0.833239
0.090262, 0.026085, 0.169106, 0.048528
0.090291, 0.603964, 0.081121, 0.854971
0.091002, 0.052791, 0.167758, 0.096734
0.091324, 0.215954, 0.147975, 0.361519
0.091484, 0.853920, -0.090038, 0.867689
0.092624, 0.079184, 0.166818, 0.142295
0.093492, 0.318899, 0.139620, 0.513845
0.093687, 0.829323, -0.068898, 0.882467
0.094440, 0.190778, 0.155691, 0.322137
0.095224, 0.645736, 0.070373, 0.884740
0.098998, 0.979956, -0.868195, 0.037850
0.099553, 0.577985, 0.097327, 0.828954
0.099717, 0.383591, 0.139646, 0.602899
0.100205, 0.254105, 0.157571, 0.418051
0.100937, 0.101106, 0.177584, 0.177843
0.101784, 0.807777, -0.045828, 0.893310
0.102186, 0.000000, 0.188351, 0.000000
0.102939, 0.690997, 0.052960, 0.905349
0.103137, 0.470945, 0.128329, 0.713558
0.103346, 0.341842, 0.150963, 0.544967
0.103482, 0.278518, 0.159740, 0.454232
0.104642, 0.942015, -0.831328, 0.113941
0.104760, 0.623694, 0.085827, 0.865319
0.105945, 0.496374, 0.125943, 0.742912
0.106334, 0.733476, 0.026223, 0.913177
0.107110, 0.127287, 0.184517, 0.220283
0.107576, 0.408672, 0.146077, 0.634735
0.107918, 0.152880, 0.182502, 0.261398
0.108476, 0.522705, 0.122075, 0.771520
0.109381, 0.918435, -0.825839, 0.130818
0.109556, 0.781986, -0.018782, 0.901342
0.109949, 0.432631, 0.144679, 0.665150
0.110044, 0.550254, 0.115838, 0.799392
0.111218, 0.231120, 0.177545, 0.381817
0.111936, 0.301134, 0.169467, 0.486202
0.111937, 0.894895, -0.586069, 0.367186
0.112044, 0.667361, 0.070134, 0.889381
0.112213, 0.176882, 0.186240, 0.298423
0.113718, 0.870985, -0.253022, 0.695352
0.113750, 1.000000, -0.895190, 0.000000
0.114168, 0.041166, 0.206548, 0.073472
0.114243, 0.756364, 0.006160, 0.905045
0.114591, 0.066130, 0.204683, 0.116976
0.114752, 0.019568, 0.208258, 0.035172
0.114869, 0.205076, 0.187003, 0.342206
0.115000, 0.599703, 0.103272, 0.842229
0.115051, 0.364628, 0.164036, 0.574618
0.115169, 0.711023, 0.044222, 0.903414
0.115887, 0.847067, -0.103902, 0.842112
0.116363, 0.961905, -0.883182, 0.056978
0.118244, 0.454013, 0.150636, 0.689579
0.120696, 0.323939, 0.178924, 0.517481
0.121138, 0.824318, -0.086392, 0.849675
0.121320, 0.644923, 0.087173, 0.871680
0.121363, 0.088597, 0.213060, 0.154467
0.121810, 0.258654, 0.190418, 0.422188
0.122916, 0.575286, 0.119632, 0.818090
0.124460, 0.389249, 0.172468, 0.606007
0.126015, 0.479781, 0.153501, 0.718156
0.126935, 0.112600, 0.219031, 0.193596
0.127419, 0.800214, -0.059599, 0.858889
0.127969, 0.688095, 0.063891, 0.887560
0.128623, 0.937858, -0.870600, 0.086060
0.128893, 0.505329, 0.149441, 0.746067
0.129048, 0.980522, -0.911607, 0.023945
0.129259, 0.000000, 0.232427, 0.000000
0.129632, 0.281273, 0.198935, 0.454468
0.130009, 0.732648, 0.026806, 0.891547
0.130339, 0.622313, 0.104654, 0.852054
0.130460, 0.138032, 0.221329, 0.234587
0.130920, 0.346487, 0.189716, 0.547215
0.131275, 0.530757, 0.143764, 0.772211
0.131453, 0.414123, 0.176455, 0.636925
0.132835, 0.162678, 0.221626, 0.273574
0.133330, 0.775470, -0.024802, 0.871990
0.133821, 0.913635, -0.866185, 0.092994
0.134123, 0.238932, 0.212364, 0.390686
0.134215, 0.189175, 0.219831, 0.314589
0.135111, 0.553930, 0.139212, 0.793429
0.135848, 0.889483, -0.794190, 0.156219
0.136232, 0.216628, 0.219001, 0.356601
0.136239, 0.051190, 0.240479, 0.088949
0.136873, 0.436869, 0.177945, 0.664058
0.137908, 0.865374, -0.515790, 0.417672
0.138029, 0.304760, 0.207525, 0.487123
0.138058, 0.665693, 0.083347, 0.871714
0.139276, 0.599672, 0.122579, 0.830820
0.139360, 0.023814, 0.247629, 0.041520
0.140847, 0.370509, 0.198754, 0.577924
0.141233, 0.709119, 0.049406, 0.880333
0.141711, 0.841753, -0.216164, 0.705556
0.141833, 0.752422, 0.001959, 0.872657
0.142091, 0.074626, 0.247825, 0.128358
0.142478, 1.000000, -0.929560, 0.000000
0.143226, 0.461362, 0.179066, 0.691734
0.143248, 0.957777, -0.914849, 0.040803
0.146795, 0.817700, -0.099544, 0.812544
0.147203, 0.259793, 0.229135, 0.420032
0.147362, 0.578257, 0.139639, 0.809462
0.147385, 0.643264, 0.102951, 0.854319
0.147559, 0.327733, 0.217037, 0.517841
0.147866, 0.098596, 0.254588, 0.167853
0.149061, 0.487043, 0.177773, 0.719149
0.149406, 0.395309, 0.204555, 0.608629
0.152054, 0.123487, 0.258143, 0.208102
0.152146, 0.512346, 0.172186, 0.745157
0.153058, 0.794155, -0.073956, 0.819373
0.153157, 0.933408, -0.898714, 0.061340
0.153806, 0.686809, 0.071404, 0.864984
0.154374, 0.000000, 0.271534, 0.000000
0.154565, 0.284341, 0.235809, 0.454756
0.154592, 0.148773, 0.258580, 0.248445
0.154916, 0.203442, 0.250174, 0.333415
0.155045, 0.175062, 0.255199, 0.289820
0.155486, 0.728855, 0.027214, 0.862363
0.156231, 0.620802, 0.122619, 0.835433
0.156663, 0.977459, -0.936584, 0.017007
0.156822, 0.535408, 0.167677, 0.766156
0.156903, 0.040269, 0.274187, 0.068806
0.157089, 0.351505, 0.225388, 0.548576
0.157297, 0.419433, 0.208391, 0.637159
0.157862, 0.907760, -0.872490, 0.082769
0.158213, 0.234305, 0.250198, 0.379882
0.158701, 0.771257, -0.039387, 0.830742
0.159409, 0.557252, 0.160088, 0.785118
0.159795, 0.883527, -0.850662, 0.093863
0.161802, 0.443399, 0.206795, 0.664872
0.162704, 0.859238, -0.763933, 0.158148
0.163799, 0.062289, 0.283678, 0.105518
0.164030, 0.307781, 0.244956, 0.486431
0.164039, 0.664131, 0.094045, 0.849730
0.165368, 0.598345, 0.142646, 0.814694
0.166162, 0.376264, 0.231696, 0.579438
0.166794, 0.834148, -0.457187, 0.436533
0.167355, 0.469039, 0.204684, 0.692690
0.168037, 0.020230, 0.292524, 0.034401
0.168453, 0.707116, 0.050988, 0.849630
0.168707, 0.747832, -0.004354, 0.834570
0.169114, 0.084688, 0.289828, 0.142284
0.169357, 1.000000, -0.948444, 0.000000
0.169743, 0.262462, 0.262547, 0.419732
0.169941, 0.953452, -0.934298, 0.026867
0.171976, 0.496101, 0.199307, 0.720434
0.173134, 0.810865, -0.183845, 0.691304
0.173351, 0.331656, 0.252810, 0.517624
0.173410, 0.575564, 0.162147, 0.792909
0.173457, 0.108841, 0.294108, 0.181519
0.173461, 0.641540, 0.116412, 0.833094
0.173762, 0.215554, 0.277257, 0.348668
0.174938, 0.401037, 0.236248, 0.608854
0.175051, 0.187624, 0.284452, 0.306069
0.176626, 0.134592, 0.295585, 0.222618
0.176642, 0.926067, -0.914946, 0.041380
0.177243, 0.160210, 0.292572, 0.263107
0.177436, 0.521517, 0.193618, 0.743531
0.179718, 0.286545, 0.272243, 0.452555
0.179840, 0.788246, -0.086708, 0.772934
0.180105, 0.684417, 0.076745, 0.836356
0.181667, 0.000000, 0.314533, 0.000000
0.181678, 0.243509, 0.284122, 0.389232
0.182138, 0.618750, 0.138549, 0.815025
0.182157, 0.043438, 0.313980, 0.072761
0.182172, 0.979942, -0.951881, 0.007772
0.182258, 0.356618, 0.258676, 0.549129
0.182281, 0.548326, 0.184732, 0.765223
0.182675, 0.900313, -0.886471, 0.057850
0.182893, 0.727404, 0.018818, 0.821911
0.183020, 0.425690, 0.238443, 0.636625
0.183489, 0.766221, -0.061208, 0.778250
0.183900, 0.876784, -0.848160, 0.082435
0.185307, 0.449808, 0.232419, 0.663876
0.186121, 0.849728, -0.809624, 0.097546
0.189310, 0.310611, 0.280385, 0.484319
0.189687, 0.477985, 0.225921, 0.693430
0.190365, 0.661570, 0.102579, 0.822297
0.190562, 0.067297, 0.325406, 0.111648
0.191208, 0.595562, 0.161014, 0.794520
0.191307, 0.381890, 0.263275, 0.579497
0.193470, 0.825474, -0.721609, 0.150344
0.193547, 0.962368, -0.949930, 0.011019
0.194325, 0.091229, 0.328643, 0.150289
0.194703, 0.225487, 0.307255, 0.359713
0.194936, 0.022423, 0.334499, 0.037255
0.195258, 0.704732, 0.047772, 0.811807
0.195313, 0.200241, 0.313130, 0.321546
0.195507, 0.940119, -0.938121, 0.017799
0.195605, 0.571597, 0.180904, 0.775050
0.195925, 0.266223, 0.300587, 0.419740
0.196113, 0.502994, 0.220853, 0.715952
0.196920, 0.118756, 0.329486, 0.194487
0.196959, 0.173813, 0.320593, 0.280877
0.197499, 0.747958, -0.040734, 0.765415
0.197581, 1.000000, -0.959072, 0.000000
0.197957, 0.336002, 0.285730, 0.516881
0.199565, 0.637914, 0.128780, 0.806856
0.199983, 0.801083, -0.439449, 0.394655
0.200053, 0.530875, 0.209543, 0.739820
0.200299, 0.407200, 0.266143, 0.608095
0.200491, 0.146052, 0.330530, 0.236915
0.202061, 0.915417, -0.920178, 0.023616
0.204291, 0.866341, -0.851837, 0.058581
0.205201, 0.289189, 0.308373, 0.450186
0.205207, 0.459213, 0.251093, 0.665888
0.205883, 0.774188, -0.098960, 0.712037
0.206548, 0.682484, 0.076570, 0.800826
0.206908, 0.361353, 0.290150, 0.547799
0.207343, 0.046642, 0.353007, 0.076622
0.207681, 0.613008, 0.155228, 0.789605
0.207790, 0.000000, 0.354967, 0.000000
0.208785, 0.433013, 0.266321, 0.635024
0.208991, 0.555754, 0.201368, 0.754152
0.209016, 0.725261, -0.002282, 0.766921
0.209391, 0.246164, 0.325110, 0.387628
0.209501, 0.891465, -0.898229, 0.027643
0.212096, 0.981279, -0.959555, 0.001227
0.212152, 0.843172, -0.817172, 0.068073
0.213462, 0.315322, 0.312941, 0.484248
0.214727, 0.483350, 0.249583, 0.686642
0.215630, 0.219354, 0.339959, 0.346314
0.215723, 0.099156, 0.360370, 0.160539
0.215910, 0.659060, 0.106932, 0.790218
0.216037, 0.585932, 0.182763, 0.768409
0.216175, 0.385836, 0.293645, 0.575701
0.216777, 0.071238, 0.365173, 0.115694
0.216952, 0.512787, 0.235388, 0.713417
0.217278, 0.958919, -0.953858, 0.001970
0.217573, 0.193445, 0.348275, 0.307069
0.218870, 0.168444, 0.354615, 0.268466
0.219663, 0.819353, -0.789149, 0.065395
0.219994, 0.934028, -0.940979, 0.003897
0.220359, 0.023394, 0.373608, 0.038073
0.220545, 0.124631, 0.364537, 0.200286
0.221596, 0.748163, -0.042420, 0.732624
0.222433, 0.341017, 0.317285, 0.516029
0.222503, 0.703501, 0.032552, 0.760775
0.223147, 0.267641, 0.339896, 0.415312
0.223405, 0.793395, -0.680066, 0.129903
0.224190, 0.634357, 0.137802, 0.777840
0.224808, 0.410388, 0.294538, 0.602040
0.224975, 0.537782, 0.225858, 0.728885
0.225772, 0.146415, 0.369206, 0.233565
0.225978, 0.456164, 0.274802, 0.652542
0.226045, 0.870393, -0.879165, 0.019369
0.226790, 1.000000, -0.961208, 0.000000
0.228086, 0.294529, 0.339258, 0.451337
0.228298, 0.910968, -0.925191, 0.002458
0.229843, 0.768465, -0.354001, 0.412332
0.230519, 0.609641, 0.166981, 0.764602
0.231256, 0.564219, 0.209958, 0.742238
0.232056, 0.047193, 0.390688, 0.076026
0.232339, 0.680522, 0.069029, 0.757137
0.232350, 0.364513, 0.321977, 0.542810
0.232532, 0.239141, 0.360449, 0.371674
0.233459, 0.000000, 0.394001, 0.000000
0.234183, 0.498030, 0.259678, 0.688938
0.234376, 0.726215, -0.006970, 0.731260
0.234525, 0.848218, -0.846743, 0.025230
0.235359, 0.432799, 0.296611, 0.622662
0.236636, 0.086685, 0.393766, 0.138439
0.236893, 0.212658, 0.372957, 0.331788
0.237502, 0.321455, 0.343899, 0.485077
0.238464, 0.953503, -0.951641, -0.005907
0.239029, 0.890673, -0.908578, -0.002629
0.240356, 0.185926, 0.383320, 0.290837
0.240367, 0.977639, -0.958188, -0.003475
0.240414, 0.655339, 0.107919, 0.753156
0.240606, 0.109986, 0.396785, 0.174528
0.240872, 0.476434, 0.278995, 0.664397
0.241151, 0.388418, 0.323376, 0.568693
0.241409, 0.587240, 0.194160, 0.744466
0.242639, 0.521114, 0.251093, 0.702679
0.242664, 0.827510, -0.818791, 0.024501
0.244314, 0.804762, -0.759875, 0.056648
0.244469, 0.163612, 0.394326, 0.256772
0.245599, 0.023221, 0.411845, 0.037029
0.246031, 0.931077, -0.940410, -0.010609
0.246459, 0.066664, 0.410710, 0.105990
0.247191, 0.255856, 0.377011, 0.391692
0.247460, 0.278862, 0.370747, 0.423798
0.247665, 0.135763, 0.403463, 0.213430
0.248323, 0.780111, -0.733400, 0.046339
0.248851, 0.343579, 0.350996, 0.509924
0.248873, 0.701754, 0.018980, 0.710527
0.248980, 0.631843, 0.141296, 0.743288
0.249165, 0.750157, -0.352838, 0.367859
0.249365, 0.545226, 0.236551, 0.714262
0.250722, 0.454288, 0.301546, 0.636920
0.250845, 0.411037, 0.324447, 0.590567
0.251293, 0.303718, 0.368204, 0.456532
0.251725, 0.868498, -0.888310, -0.011633
0.254036, 1.000000, -0.957136, 0.000000
0.254643, 0.609994, 0.171460, 0.734719
0.256243, 0.674153, 0.065737, 0.712601
0.256551, 0.910112, -0.926415, -0.018103
0.257238, 0.725989, -0.070284, 0.620985
0.257253, 0.228241, 0.398493, 0.349387
0.257346, 0.568316, 0.219146, 0.719016
0.257748, 0.367277, 0.352637, 0.535901
0.257962, 0.202572, 0.405633, 0.311841
0.258168, 0.500090, 0.278549, 0.673766
0.259056, 0.044574, 0.431328, 0.070334
0.259307, 0.000000, 0.432648, 0.000000
0.260415, 0.955847, -0.948914, -0.012604
0.261058, 0.845569, -0.860436, -0.014584
0.262083, 0.090180, 0.431697, 0.141225
0.262290, 0.432673, 0.325665, 0.607968
0.262893, 0.116893, 0.428945, 0.182213
0.264495, 0.154956, 0.425242, 0.239855
0.265756, 0.478457, 0.300518, 0.649997
0.265812, 0.323386, 0.380804, 0.477743
0.266409, 0.649085, 0.107925, 0.708223
0.266890, 0.767218, -0.713738, 0.032006
0.266944, 0.888754, -0.909209, -0.026825
0.266955, 0.524321, 0.265571, 0.684537
0.267202, 0.820378, -0.825065, -0.012665
0.267245, 0.389905, 0.353551, 0.558278
0.267511, 0.180911, 0.424920, 0.278190
0.267542, 0.592616, 0.194873, 0.714763
0.268199, 0.796131, -0.772870, 0.009909
0.268251, 0.978363, -0.951492, -0.007194
0.268970, 0.248564, 0.409651, 0.375169
0.271093, 0.293725, 0.398197, 0.436330
0.271633, 0.932642, -0.936769, -0.022272
0.272014, 0.022053, 0.451250, 0.034451
0.272062, 0.692038, 0.000595, 0.644261
0.272066, 0.271676, 0.407181, 0.406503
0.272927, 0.066737, 0.450053, 0.103876
0.274413, 0.456410, 0.323161, 0.623836
0.274576, 0.547593, 0.247826, 0.690516
0.274587, 0.347239, 0.382165, 0.504139
0.275392, 0.622454, 0.150355, 0.701607
0.276787, 0.740812, -0.631903, 0.055221
0.276850, 0.713463, -0.130606, 0.515288
0.277480, 0.136693, 0.447441, 0.210142
0.277505, 0.865587, -0.887929, -0.037020
0.277545, 0.411715, 0.353563, 0.576988
0.278587, 0.208805, 0.434385, 0.316345
0.281569, 1.000000, -0.947987, 0.000000
0.281645, 0.571977, 0.222883, 0.691323
0.282219, 0.670004, 0.050679, 0.655052
0.282575, 0.503016, 0.294248, 0.655980
0.282837, 0.107162, 0.459816, 0.164647
0.283509, 0.910221, -0.921854, -0.034251
0.284252, 0.369850, 0.383295, 0.526664
0.284989, 0.955516, -0.940647, -0.019252
0.285054, 0.231719, 0.436980, 0.346965
0.285054, 0.839298, -0.858555, -0.042888
0.285439, 0.043929, 0.470256, 0.067830
0.285876, 0.000000, 0.471907, 0.000000
0.286379, 0.308116, 0.413071, 0.449656
0.286740, 0.163907, 0.456217, 0.249089
0.287421, 0.786447, -0.773205, -0.023295
0.288043, 0.434002, 0.350821, 0.593275
0.288871, 0.762497, -0.717620, -0.000516
0.289041, 0.598976, 0.185578, 0.682741
0.289865, 0.481418, 0.317829, 0.633735
0.290073, 0.085487, 0.473161, 0.130954
0.290418, 0.644708, 0.099378, 0.658435
0.291515, 0.813647, -0.825090, -0.045744
0.292012, 0.526249, 0.277830, 0.660979
0.292615, 0.189367, 0.458806, 0.284781
0.292776, 0.330239, 0.412161, 0.475186
0.292842, 0.257824, 0.439846, 0.380794
0.292989, 0.887326, -0.904263, -0.046414
0.294213, 0.391619, 0.383019, 0.545807
0.295490, 0.978149, -0.940313, -0.010786
0.296874, 0.457529, 0.342390, 0.608422
0.297090, 0.283838, 0.436516, 0.414165
0.297617, 0.125429, 0.478667, 0.190007
0.297626, 0.693809, -0.128855, 0.461093
0.297738, 0.932217, -0.927382, -0.032828
0.298259, 0.721911, -0.631064, 0.008160
0.298611, 0.021448, 0.490214, 0.032761
0.298750, 0.550787, 0.252771, 0.663194
0.300603, 0.860108, -0.880601, -0.058048
0.300675, 0.063938, 0.490929, 0.097324
0.300970, 0.621485, 0.140895, 0.652282
0.302113, 0.352127, 0.413131, 0.497156
0.303875, 0.147904, 0.483724, 0.222076
0.303994, 0.213993, 0.468759, 0.317059
0.304024, 0.575830, 0.219369, 0.659553
0.304125, 0.413151, 0.380298, 0.562115
0.304271, 0.745447, -0.684957, -0.009368
0.305316, 0.666707, 0.052417, 0.613746
0.308522, 0.504957, 0.308153, 0.631920
0.308881, 1.000000, -0.934582, 0.000000
0.309144, 0.794786, -0.799845, -0.064128
0.309279, 0.835188, -0.854579, -0.069505
0.309376, 0.238680, 0.468270, 0.349296
0.309697, 0.104971, 0.499183, 0.157837
0.309794, 0.308409, 0.442791, 0.440454
0.310349, 0.955749, -0.928622, -0.025134
0.310394, 0.909002, -0.911532, -0.048432
0.311251, 0.771441, -0.762792, -0.060390
0.311336, 0.172571, 0.489355, 0.256386
0.312089, 0.374032, 0.412599, 0.516498
0.312578, 0.041585, 0.509694, 0.062746
0.312902, 0.000000, 0.511074, 0.000000
0.312991, 0.480008, 0.335436, 0.611846
0.313525, 0.599034, 0.176968, 0.636916
0.313550, 0.434674, 0.374142, 0.575665
0.315339, 0.879893, -0.891988, -0.063668
0.315768, 0.641776, 0.068323, 0.584457
0.315896, 0.264645, 0.468130, 0.381889
0.316220, 0.530481, 0.282709, 0.634333
0.317572, 0.084346, 0.513284, 0.126323
0.318834, 0.331856, 0.442840, 0.464728
0.319123, 0.456344, 0.361305, 0.589076
0.319176, 0.196078, 0.494171, 0.287634
0.319313, 0.813869, -0.828724, -0.080715
0.319415, 0.709494, -0.645058, -0.044195
0.322094, 0.395993, 0.409377, 0.533136
0.322208, 0.684443, -0.393337, 0.150125
0.322436, 0.128827, 0.513849, 0.190981
0.322517, 0.978261, -0.925291, -0.013713
0.322703, 0.555069, 0.250161, 0.629639
0.323263, 0.933398, -0.914965, -0.041106
0.323589, 0.288739, 0.468483, 0.409866
0.324182, 0.734267, -0.681801, -0.046151
0.325578, 0.855542, -0.870216, -0.079443
0.326201, 0.020270, 0.529944, 0.030224
0.327357, 0.061448, 0.529406, 0.091387
0.327531, 0.618471, 0.120406, 0.586244
0.328045, 0.577966, 0.209991, 0.616050
0.328797, 0.154123, 0.517586, 0.226086
0.328872, 0.354788, 0.441982, 0.485516
0.329563, 0.221301, 0.501424, 0.319562
0.329610, 0.759076, -0.748487, -0.084978
0.330568, 0.660488, -0.074334, 0.424408
0.330960, 0.895508, -0.894027, -0.065504
0.331782, 0.418375, 0.402318, 0.547106
0.332554, 0.491868, 0.334326, 0.598297
0.333030, 0.787343, -0.794292, -0.097108
0.333260, 0.244976, 0.497783, 0.349652
0.334591, 0.515633, 0.306113, 0.605178
0.335389, 0.108056, 0.534924, 0.158679
0.335467, 0.311864, 0.472434, 0.432760
0.336197, 1.000000, -0.917435, 0.000000
0.336529, 0.956482, -0.912847, -0.030030
0.336655, 0.833828, -0.847908, -0.095892
0.337058, 0.177592, 0.523707, 0.257321
0.338176, 0.466563, 0.364678, 0.578052
0.339348, 0.377651, 0.438747, 0.503035
0.339432, 0.916104, -0.898865, -0.057023
0.340205, 0.039851, 0.549081, 0.058638
0.340243, 0.596660, 0.162758, 0.577872
0.340434, 0.270165, 0.497334, 0.379410
0.340473, 0.441724, 0.389638, 0.558631
0.340735, 0.000000, 0.550880, 0.000000
0.341799, 0.540753, 0.270055, 0.597708
0.342147, 0.082467, 0.547975, 0.120705
0.342293, 0.872772, -0.875131, -0.083498
0.342309, 0.636401, 0.093171, 0.552766
0.342832, 0.811122, -0.822959, -0.106790
0.342893, 0.698479, -0.615071, -0.057033
0.343883, 0.202711, 0.525592, 0.289794
0.344250, 0.722484, -0.678468, -0.085847
0.345212, 0.334978, 0.471347, 0.454148
0.345859, 0.136032, 0.545174, 0.197083
0.348217, 0.566793, 0.222423, 0.580231
0.349192, 0.400769, 0.431162, 0.517664
0.349260, 0.676530, -0.596113, -0.084188
0.349703, 0.978586, -0.906735, -0.016063
0.350115, 0.745691, -0.731156, -0.112820
0.350917, 0.292080, 0.500413, 0.401683
0.351546, 0.937075, -0.897750, -0.046841
0.352056, 0.771292, -0.772603, -0.120679
0.353505, 0.850094, -0.854264, -0.101907
0.354031, 0.059622, 0.566805, 0.086428
0.354601, 0.020082, 0.570141, 0.029164
0.355371, 0.358204, 0.467798, 0.472552
0.355383, 0.158701, 0.553099, 0.226639
0.355711, 0.616636, 0.110271, 0.526145
0.355885, 0.653221, -0.403893, 0.048498
0.355928, 0.475919, 0.363370, 0.563067
0.356075, 0.894388, -0.878797, -0.078041
0.356086, 0.498873, 0.333703, 0.570943
0.356248, 0.250889, 0.525008, 0.348686
0.356298, 0.228089, 0.533911, 0.319512
0.358026, 0.425025, 0.417496, 0.529756
0.359081, 0.796622, -0.803624, -0.126946
0.359294, 0.099523, 0.569011, 0.142934
0.359982, 0.522029, 0.299677, 0.568132
0.360120, 0.121538, 0.566950, 0.173856
0.361282, 0.183633, 0.554514, 0.259143
0.361597, 0.590189, 0.152784, 0.524170
0.361677, 0.314728, 0.501099, 0.422325
0.363688, 1.000000, -0.896916, 0.000000
0.363761, 0.451915, 0.394143, 0.541476
0.364139, 0.825531, -0.829989, -0.121804
0.364343, 0.958328, -0.892837, -0.033480
0.365369, 0.709599, -0.666817, -0.121749
0.366056, 0.381912, 0.460815, 0.487431
0.366379, 0.545537, 0.256171, 0.551805
0.366613, 0.916265, -0.880398, -0.066461
0.367148, 0.271372, 0.529718, 0.369348
0.367542, 0.208605, 0.554583, 0.290172
0.368239, 0.871720, -0.859420, -0.098586
0.368651, 0.040118, 0.588723, 0.057391
0.368780, 0.000000, 0.590192, 0.000000
0.369231, 0.076857, 0.585980, 0.109576
0.370599, 0.688870, -0.621210, -0.114989
0.371222, 0.730868, -0.711057, -0.142362
0.371306, 0.337778, 0.497468, 0.441216
0.372537, 0.567208, 0.203520, 0.522863
0.372549, 0.635932, -0.364162, 0.037738
0.373845, 0.755313, -0.749575, -0.149292
0.374970, 0.664781, -0.560739, -0.097682
0.374995, 0.406129, 0.447336, 0.499600
0.375176, 0.142974, 0.583628, 0.200640
0.376124, 0.779243, -0.779659, -0.148762
0.376685, 0.477892, 0.366244, 0.535458
0.377363, 0.293131, 0.530712, 0.389634
0.377614, 0.979346, -0.884549, -0.017685
0.378337, 0.848312, -0.839253, -0.119080
0.379011, 0.937657, -0.876840, -0.053042
0.379329, 0.245881, 0.555692, 0.333009
0.379478, 0.609508, 0.019104, 0.373968
0.379714, 0.503390, 0.327385, 0.533775
0.380317, 0.168284, 0.583816, 0.233407
0.381052, 0.361856, 0.489835, 0.457641
0.381352, 0.805876, -0.804596, -0.144261
0.381461, 0.894252, -0.860843, -0.088630
0.381568, 0.432431, 0.424704, 0.510086
0.382844, 0.020233, 0.609164, 0.028537
0.383175, 0.117831, 0.598915, 0.164508
0.383488, 0.096217, 0.602591, 0.134778
0.383692, 0.058841, 0.607817, 0.082767
0.385116, 0.528834, 0.277560, 0.516713
0.385401, 0.194365, 0.582641, 0.266072
0.386191, 0.223490, 0.573053, 0.302730
0.386231, 0.584648, 0.154328, 0.476540
0.387285, 0.314751, 0.528871, 0.407372
0.389156, 0.457127, 0.398157, 0.512101
0.390392, 0.709828, -0.679431, -0.168905
0.391409, 0.269875, 0.558754, 0.355916
0.391591, 1.000000, -0.873117, 0.000000
0.391961, 0.827147, -0.815984, -0.141027
0.392033, 0.958756, -0.869726, -0.037231
0.392115, 0.386842, 0.478160, 0.469350
0.392873, 0.554526, 0.205342, 0.472393
0.393360, 0.916389, -0.859181, -0.074567
0.393565, 0.871718, -0.841558, -0.111110
0.393637, 0.682449, -0.625706, -0.161178
0.393793, 0.653018, -0.545541, -0.127383
0.394154, 0.737283, -0.722896, -0.176595
0.395696, 0.337219, 0.522048, 0.424063
0.396570, 0.627385, -0.502868, -0.134286
0.396750, 0.000000, 0.628371, 0.000000
0.397559, 0.039791, 0.628155, 0.055188
0.398079, 0.762784, -0.754235, -0.176781
0.398150, 0.078802, 0.625197, 0.108877
0.398587, 0.786426, -0.778545, -0.168220
0.398646, 0.483613, 0.358429, 0.501013
0.398939, 0.413466, 0.455661, 0.480110
0.400391, 0.131087, 0.618882, 0.179016
0.400638, 0.154365, 0.613794, 0.209682
0.403099, 0.509149, 0.308416, 0.486089
0.403290, 0.291794, 0.559809, 0.373646
0.403685, 0.849858, -0.822651, -0.132648
0.404135, 0.359687, 0.511868, 0.437374
0.404294, 0.248611, 0.584210, 0.325166
0.404633, 0.601435, -0.257935, 0.044950
0.404716, 0.178907, 0.611908, 0.240162
0.405592, 0.979487, -0.859537, -0.019494
0.406279, 0.937824, -0.853193, -0.058661
0.406695, 0.438554, 0.428142, 0.481779
0.406736, 0.204823, 0.605327, 0.271824
0.406881, 0.575968, 0.148504, 0.416826
0.407157, 0.894621, -0.840130, -0.097767
0.407704, 0.103470, 0.633881, 0.140804
0.408625, 0.806147, -0.789737, -0.165684
0.409167, 0.534553, 0.241877, 0.450632
0.410522, 0.227953, 0.600503, 0.298263
0.411212, 0.020164, 0.647387, 0.027550
0.412107, 0.060089, 0.645975, 0.081830
0.412373, 0.314872, 0.554088, 0.391133
0.413063, 0.723445, -0.701414, -0.202835
0.413091, 0.697372, -0.661200, -0.202341
0.413363, 0.669127, -0.606790, -0.191536
0.413882, 0.463622, 0.391767, 0.475484
0.414439, 0.379464, 0.501408, 0.442749
0.416851, 0.643221, -0.549110, -0.180288
0.417679, 0.750760, -0.733953, -0.201729
0.417962, 0.269418, 0.588398, 0.341381
0.418575, 0.828036, -0.798180, -0.157339
0.418627, 0.401067, 0.480229, 0.450719
0.419545, 1.000000, -0.846786, 0.000000
0.419624, 0.873308, -0.820978, -0.121136
0.419693, 0.958879, -0.844036, -0.040727
0.419695, 0.558476, 0.185221, 0.408537
0.420174, 0.617057, -0.463517, -0.142357
0.420175, 0.916550, -0.835298, -0.081687
0.420730, 0.338639, 0.543524, 0.406183
0.421539, 0.778901, -0.759706, -0.192076
0.421580, 0.489463, 0.340183, 0.454618
0.422462, 0.120582, 0.649583, 0.160533
0.423813, 0.083415, 0.658170, 0.111566
0.424497, 0.143360, 0.646738, 0.189266
0.424668, 0.000000, 0.665564, 0.000000
0.425702, 0.040764, 0.665495, 0.054666
0.425819, 0.423446, 0.454344, 0.450356
0.425876, 0.166133, 0.642067, 0.217516
0.426602, 0.514790, 0.275837, 0.424061
0.427800, 0.851461, -0.803989, -0.143596
0.428126, 0.190974, 0.636311, 0.247153
0.428153, 0.587694, -0.391094, -0.139510
0.429152, 0.293717, 0.584723, 0.359554
0.430982, 0.360878, 0.531378, 0.413993
0.431577, 0.216037, 0.630197, 0.275296
0.431652, 0.242943, 0.617578, 0.305517
0.432227, 0.802884, -0.771423, -0.184296
0.432702, 0.446688, 0.418938, 0.442575
0.433550, 0.979458, -0.832142, -0.021227
0.433556, 0.938072, -0.827143, -0.063528
0.433657, 0.683302, -0.639155, -0.232607
0.433725, 0.895194, -0.816192, -0.105887
0.433996, 0.539788, 0.219376, 0.393795
0.435092, 0.710533, -0.679220, -0.233156
0.436186, 0.734697, -0.708369, -0.227030
0.437268, 0.658885, -0.595817, -0.232958
0.437322, 0.319035, 0.573717, 0.376761
0.437507, 0.102819, 0.672493, 0.134662
0.438655, 0.063350, 0.680062, 0.083302
0.438950, 0.470643, 0.371404, 0.425039
0.439008, 0.020725, 0.683809, 0.027344
0.439481, 0.384640, 0.510538, 0.418527
0.439514, 0.632871, -0.540430, -0.222357
0.440008, 0.761659, -0.733333, -0.217386
0.440731, 0.265616, 0.614300, 0.324470
0.440765, 0.606329, -0.468003, -0.195799
0.441582, 0.567788, -0.254752, -0.055857
0.442878, 0.825394, -0.777215, -0.173083
0.445284, 0.495495, 0.305479, 0.390577
0.445542, 0.407403, 0.482797, 0.418640
0.446328, 0.873502, -0.796693, -0.131141
0.446946, 0.126384, 0.679113, 0.162367
0.447114, 0.342634, 0.560649, 0.386416
0.447139, 0.917247, -0.809107, -0.087485
0.447442, 1.000000, -0.818306, 0.000000
0.447472, 0.958818, -0.815944, -0.044007
0.448419, 0.846593, -0.782975, -0.157577
0.448616, 0.784714, -0.746391, -0.208795
0.448726, 0.149697, 0.674683, 0.190507
0.449473, 0.173867, 0.667663, 0.219137
0.450455, 0.520011, 0.234465, 0.351184
0.450920, 0.285709, 0.611027, 0.337361
0.451938, 0.198658, 0.660762, 0.246835
0.452131, 0.000000, 0.701048, 0.000000
0.452217, 0.084526, 0.694131, 0.108732
0.452472, 0.430068, 0.446941, 0.409110
0.452491, 0.042744, 0.699713, 0.055244
0.453738, 0.696010, -0.655146, -0.260062
0.453797, 0.224158, 0.650914, 0.274090
0.456359, 0.545865, -0.124901, 0.015454
0.456580, 0.307258, 0.599253, 0.351501
0.456628, 0.366730, 0.540665, 0.390397
0.458169, 0.744230, -0.706191, -0.243529
0.458219, 0.590570, -0.448122, -0.227713
0.458564, 0.246783, 0.643572, 0.295132
0.458570, 0.453223, 0.398718, 0.389646
0.459319, 0.646504, -0.577761, -0.269060
0.459334, 0.672509, -0.620902, -0.270822
0.459429, 0.808224, -0.753096, -0.197040
0.460133, 0.896278, -0.790343, -0.112468
0.460217, 0.721177, -0.682225, -0.257839
0.460669, 0.618871, -0.520377, -0.258318
0.461212, 0.938129, -0.798502, -0.068072
0.461451, 0.979337, -0.802704, -0.022877
0.463791, 0.477226, 0.334102, 0.356952
0.464431, 0.107739, 0.704781, 0.135376
0.465147, 0.390484, 0.512576, 0.387383
0.465455, 0.328922, 0.586536, 0.359628
0.465654, 0.569522, -0.393280, -0.220320
0.465822, 0.021336, 0.717705, 0.027069
0.465934, 0.064714, 0.714150, 0.081785
0.466409, 0.857546, -0.770476, -0.154347
0.466828, 0.765825, -0.718336, -0.235861
0.468408, 0.268625, 0.639057, 0.309880
0.469548, 0.501732, 0.257025, 0.311466
0.470764, 0.831745, -0.755224, -0.181346
0.471495, 0.131629, 0.707336, 0.162379
0.471750, 0.155829, 0.699663, 0.190592
0.472319, 0.413284, 0.475967, 0.376588
0.472748, 0.180660, 0.691431, 0.218216
0.473540, 0.526621, -0.047700, 0.035706
0.474218, 0.351407, 0.567579, 0.363114
0.474609, 0.917343, -0.780149, -0.093253
0.474923, 0.788440, -0.727677, -0.222973
0.474940, 0.878391, -0.769344, -0.135634
0.475044, 0.205910, 0.682465, 0.244471
0.475218, 1.000000, -0.788004, 0.000000
0.475346, 0.958593, -0.785741, -0.047156
0.475384, 0.698689, -0.650522, -0.285048
0.476837, 0.291992, 0.628504, 0.323266
0.478590, 0.088368, 0.725740, 0.108972
0.478801, 0.436016, 0.427111, 0.354694
0.479001, 0.042978, 0.732469, 0.053318
0.479179, 0.000000, 0.734699, 0.000000
0.479363, 0.229091, 0.674540, 0.265788
0.479869, 0.603800, -0.496362, -0.289220
0.480166, 0.631953, -0.553597, -0.301721
0.480982, 0.551604, -0.360265, -0.241693
0.481618, 0.656525, -0.593296, -0.304139
0.481937, 0.742267, -0.688428, -0.264907
0.483381, 0.374542, 0.540445, 0.358721
0.483477, 0.679199, -0.623385, -0.301226
0.483741, 0.459888, 0.360485, 0.319877
0.484205, 0.314411, 0.613331, 0.332518
0.485437, 0.719022, -0.665222, -0.283314
0.485764, 0.810593, -0.730370, -0.208803
0.485933, 0.251645, 0.666548, 0.283002
0.486933, 0.579153, -0.441954, -0.287109
0.488332, 0.854322, -0.746914, -0.165740
0.488459, 0.483910, 0.286806, 0.279000
0.488887, 0.898045, -0.759899, -0.117894
0.489045, 0.937779, -0.767698, -0.072634
0.489233, 0.979082, -0.771541, -0.024539
0.491153, 0.113124, 0.734532, 0.135594
0.491441, 0.065395, 0.744699, 0.079178
0.491729, 0.767242, -0.699174, -0.251861
0.492078, 0.397239, 0.503539, 0.344582
0.492573, 0.021652, 0.750270, 0.026296
0.493070, 0.336711, 0.593938, 0.334741
0.493515, 0.508638, -0.055362, -0.031482
0.494316, 0.163233, 0.721836, 0.190892
0.494567, 0.275235, 0.656191, 0.296231
0.495127, 0.138780, 0.732077, 0.163671
0.495711, 0.188696, 0.712126, 0.217017
0.496890, 0.532865, -0.310668, -0.249928
0.497483, 0.832811, -0.729067, -0.191744
0.499466, 0.419246, 0.454551, 0.319495
0.499693, 0.621689, -0.536206, -0.332641
0.500567, 0.211647, 0.705006, 0.237223
0.500829, 0.788578, -0.704023, -0.237749
0.501232, 0.359036, 0.567259, 0.331076
0.501391, 0.876186, -0.740274, -0.145884
0.502380, 0.697784, -0.634208, -0.312423
0.502774, 1.000000, -0.756247, 0.000000
0.502924, 0.087909, 0.753928, 0.103714
0.503140, 0.917715, -0.748101, -0.098283
0.503155, 0.559464, -0.404002, -0.308795
0.503174, 0.298734, 0.641111, 0.304725
0.503180, 0.958013, -0.753781, -0.050467
0.503810, 0.646907, -0.574457, -0.336834
0.504011, 0.443323, 0.385181, 0.282649
0.504024, 0.595787, -0.489212, -0.335347
0.505316, 0.044017, 0.763605, 0.052123
0.505475, 0.234701, 0.695315, 0.255312
0.505703, 0.671300, -0.604030, -0.329966
0.506045, 0.000000, 0.766767, 0.000000
0.506140, 0.748970, -0.673868, -0.277178
0.506873, 0.725887, -0.655705, -0.296515
0.508855, 0.467399, 0.317435, 0.247865
0.510901, 0.381955, 0.529611, 0.314672
0.511274, 0.321385, 0.620706, 0.307770
0.511661, 0.812739, -0.705441, -0.218920
0.511905, 0.258216, 0.683328, 0.269952
0.512695, 0.491667, -0.064232, -0.097953
0.513181, 0.853991, -0.720030, -0.174487
0.515643, 0.107662, 0.763376, 0.123156
0.516265, 0.896514, -0.728526, -0.125964
0.516640, 0.174040, 0.740031, 0.192814
0.516696, 0.978970, -0.739126, -0.025923
0.517344, 0.576906, -0.455105, -0.354747
0.517354, 0.937073, -0.734530, -0.077319
0.517628, 0.066943, 0.774593, 0.077072
0.517696, 0.128821, 0.759571, 0.145420
0.517958, 0.516451, -0.290900, -0.293459
0.518850, 0.021846, 0.780834, 0.025242
0.519018, 0.539974, -0.364036, -0.328476
0.519357, 0.152168, 0.752984, 0.169492
0.520438, 0.402503, 0.481360, 0.284111
0.520538, 0.768109, -0.673008, -0.268452
0.520573, 0.282410, 0.667939, 0.278708
0.520682, 0.343768, 0.593341, 0.300959
0.520828, 0.612745, -0.520180, -0.366473
0.522242, 0.194726, 0.734903, 0.209580
0.523212, 0.710316, -0.630259, -0.321519
0.524295, 0.793404, -0.682882, -0.244979
0.524398, 0.427312, 0.407676, 0.245221
0.524548, 0.636019, -0.552463, -0.366522
0.525067, 0.832349, -0.698997, -0.202882
0.526061, 0.217570, 0.724428, 0.227378
0.526387, 0.684120, -0.604595, -0.343092
0.527564, 0.366341, 0.555641, 0.288613
0.528355, 0.875476, -0.709119, -0.154045
0.528811, 0.659953, -0.578709, -0.360527
0.529122, 0.451888, 0.327825, 0.201610
0.529234, 0.740402, -0.647289, -0.300286
0.529972, 0.305954, 0.647121, 0.279922
0.530172, 1.000000, -0.723126, 0.000000
0.530444, 0.089582, 0.784154, 0.099819
0.530663, 0.957938, -0.720721, -0.052952
0.530966, 0.240928, 0.711460, 0.242417
0.531025, 0.044225, 0.792604, 0.049682
0.531138, 0.915136, -0.714557, -0.106279
0.531803, 0.557072, -0.418205, -0.375485
0.532864, 0.000000, 0.797293, 0.000000
0.533407, 0.594211, -0.489556, -0.387524
0.533546, 0.477032, -0.127793, -0.218505
0.536373, 0.502298, -0.273789, -0.331594
0.536981, 0.264781, 0.694858, 0.253439
0.538230, 0.854778, -0.691639, -0.181330
0.538303, 0.328356, 0.619590, 0.275000
0.540596, 0.812735, -0.673902, -0.231070
0.540983, 0.171192, 0.765359, 0.178435
0.541217, 0.115604, 0.788130, 0.124341
0.541218, 0.384591, 0.512774, 0.252609
0.541692, 0.142733, 0.778936, 0.151149
0.541775, 0.529978, -0.360294, -0.380360
0.542970, 0.719541, -0.620062, -0.328275
0.543223, 0.066545, 0.802530, 0.072389
0.543728, 0.783684, -0.657489, -0.264595
0.544058, 0.978916, -0.705368, -0.027124
0.544319, 0.936346, -0.701582, -0.081631
0.544386, 0.618937, -0.522489, -0.397754
0.544405, 0.410914, 0.431588, 0.210064
0.544478, 0.892248, -0.693909, -0.137163
0.545017, 0.022048, 0.809720, 0.024056
0.545762, 0.694540, -0.598679, -0.351771
0.545839, 0.760093, -0.643069, -0.290461
0.545875, 0.197843, 0.753909, 0.198990
0.546600, 0.288838, 0.674425, 0.255225
0.546711, 0.575193, -0.457400, -0.409420
0.547346, 0.354449, 0.573716, 0.255996
0.549131, 0.643531, -0.548792, -0.391086
0.549332, 0.435896, 0.332199, 0.151071
0.550642, 0.223315, 0.739644, 0.215160
0.551303, 0.837249, -0.670484, -0.206331
0.552587, 0.668790, -0.571447, -0.377651
0.553357, 0.461337, -0.147884, -0.295401
0.554055, 0.089925, 0.808457, 0.094516
0.555678, 0.551427, -0.413273, -0.420503
0.555760, 0.248068, 0.721895, 0.226835
0.556518, 0.737666, -0.618866, -0.319544
0.556976, 0.044611, 0.820314, 0.047124
0.557066, 0.868024, -0.672580, -0.170416
0.557425, 0.914124, -0.682032, -0.111888
0.557435, 1.000000, -0.688810, 0.000000
0.557731, 0.957538, -0.686779, -0.055629
0.557736, 0.486851, -0.257873, -0.377240
0.557838, 0.308530, 0.651311, 0.245029
0.558102, 0.510995, -0.326385, -0.406134
0.558563, 0.598652, -0.490271, -0.422961
0.559743, 0.000000, 0.826173, 0.000000
0.560899, 0.332652, 0.611924, 0.238932
0.561542, 0.272798, 0.698731, 0.232707
0.561956, 0.799543, -0.644249, -0.254631
0.562817, 0.158400, 0.791070, 0.156275
0.564514, 0.132351, 0.804505, 0.132165
0.564544, 0.397143, 0.461894, 0.186013
0.564586, 0.371444, 0.525066, 0.207999
0.565526, 0.183873, 0.778787, 0.175879
0.565863, 0.110205, 0.813912, 0.111151
0.566332, 0.711527, -0.592653, -0.351555
0.567765, 0.623703, -0.516008, -0.422307
0.567923, 0.820497, -0.645162, -0.231926
0.568450, 0.687607, -0.573660, -0.375228
0.568473, 0.776947, -0.626799, -0.283318
0.568764, 0.068015, 0.828382, 0.069165
0.569613, 0.530004, -0.377329, -0.444143
0.569851, 0.891336, -0.662323, -0.143493
0.569856, 0.421279, 0.280800, 0.050254
0.570513, 0.209477, 0.764258, 0.191112
0.570903, 0.022036, 0.836592, 0.022500
0.570917, 0.935701, -0.667779, -0.085574
0.570931, 0.576434, -0.455575, -0.446302
0.571167, 0.978812, -0.670674, -0.028299
0.572583, 0.649297, -0.538260, -0.409960
0.572820, 0.754275, -0.610855, -0.310783
0.573445, 0.447111, -0.183454, -0.387417
0.573559, 0.846934, -0.646832, -0.201045
0.575279, 0.348631, 0.573944, 0.203570
0.575498, 0.234946, 0.745317, 0.201968
0.576842, 0.473882, -0.248652, -0.421101
0.576906, 0.291101, 0.679526, 0.217541
0.579125, 0.554298, -0.420886, -0.462677
0.579845, 0.261122, 0.719155, 0.208069
0.580706, 0.728253, -0.588325, -0.343163
0.580760, 0.502728, -0.325008, -0.456514
0.580808, 0.090770, 0.834214, 0.088327
0.581500, 0.318895, 0.633809, 0.207998
0.582126, 0.671044, -0.548840, -0.400258
0.582181, 0.045095, 0.845437, 0.044357
0.582444, 0.601598, -0.482890, -0.450710
0.583116, 0.870148, -0.641080, -0.173866
0.583519, 0.913429, -0.648532, -0.116781
0.584488, 0.957377, -0.652069, -0.057829
0.584542, 1.000000, -0.653506, 0.000000
0.585216, 0.144735, 0.816548, 0.133981
0.585934, 0.385724, 0.468785, 0.144558
0.586542, 0.170900, 0.802910, 0.153521
0.586920, 0.000000, 0.853482, 0.000000
0.587402, 0.798408, -0.613743, -0.265723
0.589762, 0.116787, 0.833373, 0.108638
0.589982, 0.699428, -0.561384, -0.378865
0.590021, 0.824804, -0.619737, -0.233788
0.590441, 0.628287, -0.505251, -0.441780
0.590489, 0.196152, 0.787722, 0.167908
0.591626, 0.406912, 0.171755, -0.110696
0.592312, 0.529422, -0.380023, -0.485804
0.592768, 0.773279, -0.597055, -0.298129
0.593449, 0.365837, 0.527161, 0.157653
0.593853, 0.431438, -0.176280, -0.439948
0.594337, 0.067951, 0.852644, 0.063784
0.595289, 0.579612, -0.450950, -0.477290
0.595401, 0.221323, 0.768431, 0.177366
0.596211, 0.022269, 0.861002, 0.021055
0.596258, 0.748168, -0.581515, -0.329087
0.596455, 0.891672, -0.627921, -0.147991
0.596669, 0.457263, -0.227923, -0.459485
0.597207, 0.935726, -0.633325, -0.088395
0.598001, 0.341325, 0.570665, 0.155331
0.598182, 0.978589, -0.634976, -0.029558
0.598395, 0.483636, -0.293855, -0.485915
0.598865, 0.651292, -0.518207, -0.430328
0.599101, 0.849684, -0.615288, -0.204337
0.599316, 0.273960, 0.706167, 0.185909
0.599431, 0.246787, 0.742417, 0.182054
0.600352, 0.554814, -0.417496, -0.493909
0.600428, 0.297908, 0.667208, 0.181280
0.602343, 0.721248, -0.561101, -0.362754
0.604550, 0.091539, 0.854841, 0.081890
0.604786, 0.510097, -0.348562, -0.507250
0.605306, 0.607834, -0.475173, -0.470931
0.605416, 0.677278, -0.531146, -0.410798
0.605682, 0.319872, 0.620502, 0.160678
0.607028, 0.135608, 0.838163, 0.116332
0.607446, 0.045824, 0.868657, 0.041399
0.608104, 0.160820, 0.824297, 0.133414
0.609657, 0.914401, -0.614068, -0.119148
0.609882, 0.869654, -0.606245, -0.180299
0.611189, 0.809097, -0.588154, -0.260461
0.611352, 0.956924, -0.616115, -0.060299
0.611441, 1.000000, -0.617449, 0.000000
0.611488, 0.185268, 0.808734, 0.145890
0.612333, 0.386513, 0.189017, -0.156075
0.613669, 0.786663, -0.577029, -0.289774
0.613933, 0.832889, -0.591412, -0.230213
0.614432, 0.000000, 0.878841, 0.000000
0.614921, 0.413327, -0.146543, -0.473071
0.615896, 0.111005, 0.856640, 0.093734
0.615934, 0.209662, 0.788944, 0.153551
0.615951, 0.699441, -0.533931, -0.394221
0.616073, 0.630719, -0.486578, -0.462004
0.616850, 0.439389, -0.203819, -0.496427
0.617031, 0.537665, -0.389512, -0.522452
0.617298, 0.359910, 0.530661, 0.123412
0.617701, 0.589126, -0.448213, -0.496133
0.617824, 0.763745, -0.562891, -0.319888
0.619352, 0.740887, -0.551243, -0.348417
0.619790, 0.464928, -0.267524, -0.524641
0.619947, 0.069944, 0.874208, 0.059448
0.620321, 0.234344, 0.762593, 0.155464
0.620345, 0.022632, 0.882478, 0.019636
0.620364, 0.565682, -0.422095, -0.513670
0.620906, 0.489472, -0.315508, -0.534557
0.621521, 0.260260, 0.726976, 0.155291
0.622077, 0.893355, -0.594041, -0.150096
0.622390, 0.657392, -0.500615, -0.441903
0.623276, 0.285240, 0.683092, 0.145578
0.624151, 0.935155, -0.596859, -0.091884
0.624439, 0.335966, 0.549394, 0.088990
0.624995, 0.978270, -0.598570, -0.030900
0.626661, 0.309379, 0.629415, 0.123619
0.627537, 0.515337, -0.356728, -0.543969
0.627969, 0.721016, -0.531806, -0.376116
0.629835, 0.849559, -0.574425, -0.211720
0.630038, 0.151565, 0.844006, 0.113928
0.630795, 0.128902, 0.858290, 0.099436
0.631783, 0.048435, 0.888484, 0.039593
0.632164, 0.091079, 0.876871, 0.072349
0.632191, 0.680227, -0.504925, -0.424369
0.632630, 0.610049, -0.455690, -0.493602
0.633150, 0.175457, 0.827689, 0.123830
0.633609, 0.872314, -0.574601, -0.181334
0.634998, 0.821878, -0.561173, -0.250750
0.635526, 0.398545, -0.140386, -0.522294
0.636557, 0.797640, -0.551529, -0.283311
0.636765, 0.913109, -0.576952, -0.124463
0.636941, 0.373003, 0.011021, -0.393714
0.637123, 0.199217, 0.807049, 0.129576
0.638075, 1.000000, -0.580837, 0.000000
0.638112, 0.956248, -0.579358, -0.062995
0.638306, 0.424754, -0.192001, -0.541437
0.638445, 0.638978, -0.472128, -0.471237
0.639811, 0.773752, -0.539225, -0.315558
0.640154, 0.555824, -0.400179, -0.541158
0.640804, 0.448812, -0.246228, -0.562696
0.641122, 0.584080, -0.426809, -0.522248
0.641632, 0.025280, 0.899619, 0.020043
0.641748, 0.222844, 0.780284, 0.128573
0.642132, 0.534212, -0.375688, -0.555661
0.642140, 0.748689, -0.526717, -0.348535
0.642292, 0.000000, 0.901886, 0.000000
0.643092, 0.701589, -0.504205, -0.406138
0.643406, 0.498018, -0.329540, -0.570913
0.643635, 0.474453, -0.293667, -0.573725
0.643942, 0.247998, 0.743255, 0.123591
0.644084, 0.349481, 0.353413, -0.093106
0.645155, 0.110977, 0.877217, 0.080823
0.645577, 0.272487, 0.698711, 0.112054
0.647604, 0.071203, 0.894907, 0.052870
0.647733, 0.323820, 0.582106, 0.073338
0.647881, 0.297301, 0.632683, 0.079856
0.648971, 0.663131, -0.476624, -0.452860
0.649349, 0.890390, -0.556135, -0.158571
0.649868, 0.726236, -0.507763, -0.379776
0.650754, 0.933655, -0.559914, -0.096564
0.651488, 0.977968, -0.561720, -0.032179
0.653104, 0.621451, -0.445473, -0.498534
0.653307, 0.837765, -0.540944, -0.233699
0.653651, 0.160831, 0.848840, 0.101845
0.653794, 0.136963, 0.867025, 0.090763
0.655265, 0.863834, -0.543300, -0.197370
0.656204, 0.049434, 0.906484, 0.035629
0.656837, 0.516582, -0.349214, -0.582080
0.657507, 0.384188, -0.112261, -0.550320
0.658157, 0.186630, 0.825726, 0.105245
0.658338, 0.411552, -0.179183, -0.580023
0.658655, 0.811731, -0.526499, -0.270825
0.659495, 0.568174, -0.398292, -0.550916
0.659955, 0.598956, -0.422969, -0.525104
0.660475, 0.685846, -0.475980, -0.433375
0.660614, 0.092449, 0.895522, 0.062343
0.661824, 0.787081, -0.515029, -0.305236
0.662592, 0.022956, 0.915605, 0.016176
0.662927, 0.909845, -0.540063, -0.132421
0.662975, 0.460935, -0.273405, -0.605871
0.663368, 0.210017, 0.798105, 0.101487
0.664015, 0.762080, -0.504256, -0.339569
0.664269, 0.955450, -0.542606, -0.065792
0.664350, 0.435714, -0.232213, -0.605999
0.664392, 0.645136, -0.449238, -0.481536
0.664445, 1.000000, -0.543761, 0.000000
0.664890, 0.360780, -0.074214, -0.552470
0.665713, 0.235436, 0.758190, 0.092829
0.666021, 0.541891, -0.370161, -0.576722
0.666204, 0.490628, -0.314396, -0.604673
0.668571, 0.710290, -0.477620, -0.407533
0.668717, 0.260332, 0.708686, 0.074431
0.668887, 0.738261, -0.488831, -0.372333
0.669149, 0.337062, 0.125262, -0.375610
0.669508, 0.118708, 0.886493, 0.072180
0.669649, 0.284337, 0.637496, 0.036857
0.669794, 0.310428, 0.585395, 0.034491
0.670197, 0.000000, 0.921298, 0.000000
0.673256, 0.883033, -0.521903, -0.173008
0.674570, 0.851470, -0.514352, -0.218908
0.675673, 0.170391, 0.846328, 0.085292
0.675723, 0.072259, 0.912629, 0.044761
0.676086, 0.668609, -0.449018, -0.461567
0.676101, 0.932051, -0.523953, -0.101269
0.676513, 0.622291, -0.422507, -0.513397
0.676790, 0.396875, -0.162841, -0.613916
0.676935, 0.583405, -0.395743, -0.551805
0.677119, 0.145862, 0.870506, 0.078691
0.677587, 0.977628, -0.524642, -0.033481
0.677603, 0.045830, 0.921177, 0.028660
0.678404, 0.826583, -0.503354, -0.255114
0.678831, 0.516183, -0.336515, -0.606147
0.681790, 0.472509, -0.287110, -0.630703
0.683335, 0.801357, -0.490101, -0.291817
0.683957, 0.559940, -0.371941, -0.578473
0.684249, 0.373192, -0.114716, -0.610865
0.684815, 0.195070, 0.817174, 0.075618
0.684826, 0.099337, 0.904965, 0.054886
0.685205, 0.419843, -0.211605, -0.641860
0.685876, 0.775219, -0.479574, -0.329055
0.686519, 0.907344, -0.506432, -0.139071
0.686576, 0.019419, 0.931086, 0.011449
0.686668, 0.221463, 0.775340, 0.065498
0.686694, 0.693939, -0.448255, -0.436046
0.687540, 0.448328, -0.254182, -0.644946
0.688849, 0.603351, -0.397865, -0.540621
0.688910, 0.645329, -0.422154, -0.495324
0.689243, 0.723382, -0.456815, -0.399338
0.689510, 0.750460, -0.466331, -0.363709
0.689789, 0.954669, -0.506041, -0.068503
0.690066, 0.247318, 0.714065, 0.035128
0.690553, 1.000000, -0.506347, 0.000000
0.690884, 0.323487, 0.025519, -0.529753
0.691278, 0.865503, -0.493051, -0.201534
0.691822, 0.296144, 0.527124, -0.064926
0.691969, 0.494885, -0.308239, -0.632580
0.692088, 0.537074, -0.346536, -0.603880
0.692538, 0.349000, -0.070340, -0.611268
0.693107, 0.125764, 0.891022, 0.060004
0.693957, 0.272702, 0.670176, 0.024467
0.697108, 0.170554, 0.847994, 0.062752
0.699210, 0.061468, 0.928406, 0.031130
0.699438, 0.395494, -0.173629, -0.661340
0.699594, 0.000000, 0.938823, 0.000000
0.699596, 0.841149, -0.476602, -0.238749
0.699883, 0.037794, 0.935227, 0.019565
0.699951, 0.668027, -0.420303, -0.473984
0.700112, 0.886403, -0.483939, -0.172044
0.700650, 0.931100, -0.488564, -0.104923
0.701489, 0.149854, 0.871139, 0.057524
0.701872, 0.580640, -0.370463, -0.572493
0.702350, 0.085425, 0.919522, 0.040106
0.702899, 0.624917, -0.395224, -0.525673
0.703325, 0.977333, -0.487396, -0.034695
0.703850, 0.817398, -0.465538, -0.274156
0.704625, 0.432437, -0.230849, -0.671763
0.704633, 0.470911, -0.276608, -0.658931
0.705249, 0.515305, -0.318795, -0.631955
0.706196, 0.789868, -0.455783, -0.314416
0.707906, 0.208656, 0.787225, 0.036564
0.708451, 0.711918, -0.427631, -0.421739
0.708637, 0.371081, -0.132302, -0.668268
0.708886, 0.558413, -0.348684, -0.598573
0.710218, 0.688054, -0.415917, -0.453204
0.710458, 0.111101, 0.906453, 0.043804
0.710673, 0.233471, 0.723278, 0.001469
0.711058, 0.764167, -0.441482, -0.351790
0.711196, 0.306651, 0.009302, -0.602609
0.711501, 0.186888, 0.821841, 0.040346
0.711947, 0.738872, -0.432245, -0.386779
0.712157, 0.908850, -0.469251, -0.139757
0.714421, 0.259585, 0.678612, -0.005523
0.714627, 0.412138, -0.201887, -0.688472
0.714780, 0.601743, -0.369640, -0.558373
0.714948, 0.330274, -0.044147, -0.643496
0.714959, 0.647525, -0.392408, -0.505457
0.715012, 0.954358, -0.469280, -0.070462
0.715555, 0.018916, 0.945955, 0.008225
0.715575, 0.861492, -0.457399, -0.211693
0.716467, 1.000000, -0.468575, 0.000000
0.716902, 0.452084, -0.251684, -0.681653
0.717675, 0.492175, -0.289941, -0.659678
0.718377, 0.536261, -0.324639, -0.625396
0.719293, 0.137114, 0.885150, 0.039993
0.719814, 0.351021, -0.097657, -0.677394
0.719884, 0.284934, 0.222750, -0.417109
0.722268, 0.043302, 0.943826, 0.016816
0.722745, 0.069595, 0.934218, 0.025444
0.724238, 0.884696, -0.448689, -0.178157
0.724550, 0.806352, -0.433729, -0.295195
0.724602, 0.165087, 0.850484, 0.029453
0.724803, 0.836634, -0.439654, -0.250519
0.724878, 0.388688, -0.168054, -0.703757
0.726087, 0.931777, -0.451232, -0.106062
0.727532, 0.670092, -0.386614, -0.483134
0.727672, 0.622350, -0.365640, -0.541778
0.727825, 0.095165, 0.921024, 0.028931
0.727830, 0.580101, -0.343425, -0.588886
0.728855, 0.000000, 0.952173, 0.000000
0.728964, 0.977534, -0.449670, -0.035133
0.730285, 0.779364, -0.418757, -0.335649
0.730663, 0.724034, -0.402174, -0.413349
0.730692, 0.513115, -0.297296, -0.654687
0.731112, 0.215565, 0.738775, -0.028520
0.731336, 0.432057, -0.224309, -0.706305
0.731472, 0.698105, -0.392022, -0.448253
0.731974, 0.471789, -0.263113, -0.686448
0.733413, 0.558392, -0.324919, -0.614435
0.733477, 0.242631, 0.699625, -0.027643
0.733978, 0.192498, 0.799991, 0.001228
0.734176, 0.310939, -0.027518, -0.679946
0.735611, 0.752529, -0.404011, -0.375331
0.735684, 0.121318, 0.900470, 0.024939
0.736625, 0.908222, -0.433142, -0.143506
0.737444, 0.365707, -0.135607, -0.721426
0.738468, 0.642886, -0.361751, -0.521839
0.739583, 0.267431, 0.205134, -0.482027
0.739947, 0.860809, -0.421758, -0.216883
0.740497, 0.955391, -0.431559, -0.070298
0.741010, 0.410615, -0.197156, -0.724964
0.741772, 0.600697, -0.338688, -0.573571
0.741868, 0.336001, -0.085360, -0.717363
0.742077, 0.023392, 0.954738, 0.006272
0.742176, 0.821279, -0.410899, -0.276702
0.742229, 0.052284, 0.946793, 0.013519
0.742496, 1.000000, -0.429958, 0.000000
0.742617, 0.148596, 0.867808, 0.012348
0.743239, 0.534385, -0.300693, -0.644416
0.745046, 0.492509, -0.270694, -0.682539
0.745193, 0.451181, -0.236806, -0.711362
0.746451, 0.078637, 0.934213, 0.015495
0.747653, 0.290544, 0.001901, -0.691988
0.748010, 0.884154, -0.413452, -0.182336
0.748648, 0.796489, -0.396373, -0.315109
0.748988, 0.389399, -0.170124, -0.739515
0.749732, 0.175354, 0.815009, -0.019013
0.750143, 0.661017, -0.353925, -0.503320
0.750689, 0.933003, -0.414671, -0.106210
0.751250, 0.684252, -0.360823, -0.473457
0.751639, 0.224893, 0.699505, -0.069541
0.751937, 0.732965, -0.375153, -0.407208
0.752309, 0.104883, 0.914518, 0.011468
0.753681, 0.842262, -0.397952, -0.247283
0.754004, 0.709136, -0.365220, -0.440940
0.754271, 0.622057, -0.333408, -0.553964
0.754580, 0.771324, -0.382106, -0.353639
0.754973, 0.579329, -0.313265, -0.604005
0.755194, 0.977830, -0.410475, -0.035400
0.755697, 0.000000, 0.959363, 0.000000
0.755958, 0.556294, -0.300554, -0.629748
0.757272, 0.513632, -0.274632, -0.672926
0.758332, 0.428684, -0.209163, -0.736586
0.758534, 0.248775, 0.225646, -0.507044
0.758588, 0.202113, 0.777878, -0.033292
0.758603, 0.354008, -0.121977, -0.753325
0.759084, 0.314622, -0.053937, -0.736130
0.759085, 0.472084, -0.244816, -0.709089
0.759921, 0.131180, 0.884469, -0.002258
0.760070, 0.910575, -0.398147, -0.142370
0.761920, 0.038615, 0.954366, 0.004584
0.764546, 0.375702, -0.151464, -0.761999
0.765264, 0.749166, -0.360530, -0.387790
0.765332, 0.062113, 0.944766, 0.004640
0.765711, 0.817664, -0.375567, -0.287038
0.766333, 0.271473, 0.023852, -0.717007
0.766354, 0.641882, -0.326000, -0.534080
0.766409, 0.955588, -0.392620, -0.071408
0.766694, 0.158237, 0.832332, -0.034480
0.768320, 0.863950, -0.379949, -0.216563
0.768729, 1.000000, -0.390463, 0.000000
0.768758, 0.405732, -0.183216, -0.758113
0.768782, 0.602016, -0.307418, -0.584296
0.769259, 0.535947, -0.275872, -0.658256
0.769926, 0.888519, -0.380509, -0.178230
0.769964, 0.088424, 0.926385, -0.000682
0.770969, 0.335883, -0.096813, -0.768957
0.771407, 0.450021, -0.219317, -0.735073
0.771547, 0.019615, 0.959880, 0.001407
0.772428, 0.493486, -0.248489, -0.700806
0.772549, 0.792660, -0.360503, -0.326225
0.772640, 0.668062, -0.326750, -0.502127
0.774656, 0.226560, 0.382976, -0.393761
0.774834, 0.694323, -0.332012, -0.467573
0.774972, 0.293726, -0.024530, -0.752535
0.775349, 0.183764, 0.791415, -0.056470
0.776020, 0.721525, -0.338095, -0.430294
0.776098, 0.932906, -0.376173, -0.108407
0.776977, 0.113100, 0.899644, -0.014426
0.778369, 0.561498, -0.278589, -0.635379
0.779164, 0.839364, -0.359543, -0.256491
0.780894, 0.769386, -0.342797, -0.362371
0.781744, 0.977602, -0.370336, -0.036528
0.781818, 0.584246, -0.284474, -0.611012
0.782501, 0.620985, -0.297767, -0.566655
0.783280, 0.516228, -0.251226, -0.685680
0.783366, 0.140892, 0.849720, -0.046189
0.783798, 0.386449, -0.158125, -0.781174
0.783940, 0.250477, 0.043003, -0.741962
0.784293, 0.000000, 0.961429, 0.000000
0.784435, 0.427425, -0.193279, -0.760761
0.785285, 0.471823, -0.223892, -0.728376
0.785286, 0.909519, -0.359615, -0.146682
0.785788, 0.360582, -0.130782, -0.791238
0.786368, 0.314986, -0.070359, -0.788533
0.786377, 0.069861, 0.937119, -0.008606
0.786728, 0.206525, 0.524210, -0.287730
0.787230, 0.043977, 0.952420, -0.003907
0.789204, 0.744677, -0.325035, -0.400621
0.789341, 0.647085, -0.297755, -0.535461
0.789432, 0.813778, -0.339357, -0.297693
0.791344, 0.882962, -0.347293, -0.189923
0.792201, 0.166019, 0.802661, -0.077345
0.792443, 0.954790, -0.352979, -0.074170
0.792969, 0.273350, 0.000931, -0.772650
0.793283, 0.542201, -0.253408, -0.663381
0.794120, 0.673918, -0.299377, -0.501051
0.794868, 1.000000, -0.350680, 0.000000
0.795028, 0.858972, -0.338615, -0.228582
0.795044, 0.093668, 0.913962, -0.023939
0.795756, 0.338010, -0.103436, -0.805752
0.796853, 0.406941, -0.169998, -0.783528
0.796964, 0.449151, -0.199706, -0.754610
0.797261, 0.700008, -0.302196, -0.466071
0.797768, 0.789005, -0.321892, -0.336880
0.798409, 0.122467, 0.868864, -0.051607
0.798500, 0.021641, 0.957455, -0.004057
0.798757, 0.494442, -0.224743, -0.716091
0.799598, 0.600352, -0.268939, -0.598425
0.800081, 0.722225, -0.303545, -0.435078
0.800257, 0.230229, 0.052963, -0.768431
0.801292, 0.930704, -0.337403, -0.114088
0.802492, 0.570103, -0.254392, -0.635729
0.802824, 0.294751, -0.045581, -0.808226
0.803621, 0.188766, 0.570335, -0.277099
0.804625, 0.834107, -0.319840, -0.269102
0.806001, 0.763821, -0.304498, -0.376414
0.806114, 0.627376, -0.269444, -0.566545
0.806522, 0.382500, -0.145374, -0.804897
0.806523, 0.518344, -0.228400, -0.695857
0.806692, 0.065448, 0.933098, -0.022043
0.808314, 0.976842, -0.329767, -0.038607
0.808395, 0.904492, -0.323754, -0.157497
0.808771, 0.147832, 0.813297, -0.094936
0.810404, 0.253959, 0.025433, -0.788492
0.810661, 0.472656, -0.201980, -0.742934
0.811434, 0.360165, -0.123731, -0.818552
0.811617, 0.000000, 0.956618, 0.000000
0.811660, 0.654938, -0.269953, -0.531612
0.812235, 0.426234, -0.173702, -0.782402
0.812809, 0.316305, -0.077278, -0.827567
0.814012, 0.042388, 0.945604, -0.015415
0.814182, 0.809037, -0.300690, -0.309537
0.814849, 0.878621, -0.310547, -0.200122
0.814862, 0.210602, 0.084216, -0.768101
0.815284, 0.544680, -0.229838, -0.670685
0.815553, 0.739126, -0.284669, -0.414214
0.815685, 0.682838, -0.271552, -0.494444
0.816284, 0.107283, 0.875035, -0.064781
0.817741, 0.952171, -0.313892, -0.080044
0.819498, 0.170617, 0.638168, -0.241085
0.819554, 0.085343, 0.907619, -0.043707
0.820168, 0.338002, -0.100000, -0.833429
0.820552, 1.000000, -0.311159, 0.000000
0.820790, 0.853549, -0.297865, -0.241149
0.820876, 0.448037, -0.179663, -0.770297
0.820976, 0.276914, -0.026587, -0.829872
0.822297, 0.587125, -0.236111, -0.622522
0.822362, 0.710672, -0.268607, -0.457014
0.822416, 0.783953, -0.283559, -0.349430
0.822992, 0.402583, -0.150696, -0.806387
0.823765, 0.129627, 0.831476, -0.098960
0.824830, 0.497307, -0.199961, -0.726095
0.824903, 0.925755, -0.300383, -0.124451
0.825024, 0.611160, -0.239945, -0.593194
0.826094, 0.021510, 0.947927, -0.010585
0.826749, 0.563482, -0.222952, -0.652857
0.826854, 0.233912, 0.052664, -0.798292
0.828261, 0.524378, -0.207278, -0.698304
0.829817, 0.636622, -0.240494, -0.561177
0.830232, 0.828357, -0.279091, -0.282338
0.831052, 0.299649, -0.058744, -0.849597
0.831112, 0.759357, -0.265457, -0.387631
0.831745, 0.377481, -0.128229, -0.828008
0.831922, 0.899185, -0.286431, -0.168971
0.831929, 0.061999, 0.920026, -0.040389
0.832692, 0.192125, 0.088590, -0.794942
0.834045, 0.662559, -0.240987, -0.527078
0.834124, 0.472176, -0.179744, -0.755019
0.834131, 0.973478, -0.290040, -0.045204
0.836412, 0.152052, 0.676054, -0.232691
0.837026, 0.687978, -0.242306, -0.492158
0.837238, 0.256905, -0.005307, -0.846426
0.837990, 0.352971, -0.107159, -0.845040
0.838329, 0.733668, -0.249758, -0.427068
0.838776, 0.872818, -0.272219, -0.212843
0.838828, 0.423140, -0.151396, -0.801370
0.838863, 0.000000, 0.943838, 0.000000
0.839207, 0.803338, -0.260988, -0.322750
0.840048, 0.324684, -0.083272, -0.856910
0.840848, 0.107202, 0.842865, -0.107229
0.841743, 0.946293, -0.275860, -0.091640
0.842078, 0.214317, 0.074445, -0.807786
0.842231, 0.447800, -0.160968, -0.781464
0.842256, 0.042529, 0.928989, -0.030303
0.842882, 0.083867, 0.883498, -0.073786
0.843777, 0.544029, -0.196258, -0.681447
0.844523, 1.000000, -0.274198, 0.000000
0.846086, 0.847162, -0.256973, -0.255130
0.847048, 0.514414, -0.182741, -0.716483
0.847055, 0.595756, -0.207037, -0.619318
0.847125, 0.172256, 0.123112, -0.783870
0.847506, 0.571506, -0.199822, -0.649637
0.847539, 0.711411, -0.231699, -0.460825
0.847553, 0.130549, 0.793672, -0.140936
0.847597, 0.778734, -0.243644, -0.361504
0.848020, 0.396769, -0.130112, -0.826383
0.848417, 0.919385, -0.262681, -0.137476
0.848623, 0.278202, -0.036260, -0.869102
0.850118, 0.619993, -0.209006, -0.588580
0.850690, 0.489351, -0.169799, -0.744701
0.853215, 0.020362, 0.929901, -0.017614
0.854060, 0.238619, 0.010574, -0.863513
0.854091, 0.644077, -0.208947, -0.557055
0.855494, 0.892330, -0.248099, -0.183226
0.855631, 0.753461, -0.227064, -0.400923
0.856078, 0.821706, -0.237325, -0.296893
0.856156, 0.300571, -0.058456, -0.876661
0.856990, 0.371001, -0.109445, -0.849061
0.857528, 0.667487, -0.208821, -0.525281
0.857565, 0.980656, -0.252166, -0.033637
0.859114, 0.066227, 0.882639, -0.077211
0.859874, 0.689804, -0.209501, -0.493847
0.859968, 0.464971, -0.151200, -0.773129
0.860689, 0.346178, -0.092411, -0.865279
0.861504, 0.195317, 0.093289, -0.820001
0.861896, 0.959903, -0.245023, -0.069858
0.862806, 0.438413, -0.138149, -0.799749
0.862916, 0.322249, -0.074419, -0.876679
0.862966, 0.865872, -0.232514, -0.227444
0.864377, 0.147441, 0.242505, -0.687359
0.864471, 0.729696, -0.209562, -0.437211
0.864509, 0.413805, -0.125917, -0.821890
0.864580, 0.093832, 0.844110, -0.114279
0.864968, 0.797434, -0.219404, -0.335650
0.865229, 0.531824, -0.167028, -0.702206
0.865914, 0.259125, -0.017892, -0.886009
0.866600, 0.000000, 0.920501, 0.000000
0.866834, 0.118591, 0.723444, -0.221793
0.866874, 0.219613, 0.031408, -0.868968
0.867324, 0.936365, -0.234400, -0.110790
0.867474, 0.041358, 0.903320, -0.048118
0.867733, 0.556622, -0.170563, -0.673385
0.869653, 0.171183, 0.134578, -0.796683
0.869847, 0.505383, -0.154139, -0.733846
0.870388, 0.582466, -0.173350, -0.641724
0.871115, 0.840075, -0.215868, -0.270121
0.871867, 1.000000, -0.229685, 0.000000
0.872011, 0.607045, -0.176567, -0.610330
0.872275, 0.910855, -0.223373, -0.154567
0.872382, 0.772510, -0.204063, -0.374855
0.873394, 0.387131, -0.106620, -0.847256
0.874619, 0.706767, -0.190612, -0.472130
0.875570, 0.631487, -0.176505, -0.578268
0.876260, 0.283885, -0.041630, -0.897251
0.877332, 0.481704, -0.138754, -0.762042
0.879282, 0.655818, -0.175582, -0.545380
0.879548, 0.884337, -0.207994, -0.199517
0.880910, 0.021089, 0.898944, -0.028975
0.881398, 0.747255, -0.186349, -0.413816
0.881892, 0.680464, -0.175790, -0.511022
0.882469, 0.060230, 0.851930, -0.100801
0.882967, 0.815058, -0.193143, -0.310792
0.882987, 0.360944, -0.087493, -0.870305
0.883180, 0.307216, -0.056975, -0.897059
0.883539, 0.333932, -0.073007, -0.886006
0.883993, 0.238088, -0.000023, -0.901348
0.884034, 0.977782, -0.210215, -0.039849
0.884157, 0.456123, -0.123729, -0.790797
0.885001, 0.082100, 0.837538, -0.120635
0.885247, 0.431919, -0.114861, -0.814516
0.887079, 0.209330, 0.028375, -0.894349
0.887473, 0.132363, 0.171516, -0.778098
0.887603, 0.858522, -0.191468, -0.242763
0.888133, 0.954370, -0.202587, -0.081634
0.888175, 0.521636, -0.137202, -0.720090
0.888351, 0.184911, 0.063138, -0.873531
0.888418, 0.405685, -0.102504, -0.839045
0.889039, 0.106301, 0.571935, -0.380463
0.889714, 0.157158, 0.112560, -0.836257
0.890326, 0.543765, -0.139519, -0.694031
0.890488, 0.264572, -0.024446, -0.910604
0.890648, 0.790837, -0.177692, -0.349338
0.890935, 0.723035, -0.168441, -0.451033
0.891632, 0.929136, -0.194045, -0.125917
0.891726, 0.568251, -0.142735, -0.664149
0.893826, 0.000000, 0.885914, 0.000000
0.894111, 0.593780, -0.144330, -0.631926
0.895467, 0.499512, -0.123364, -0.747669
0.895565, 0.903227, -0.183993, -0.170262
0.896084, 0.041746, 0.853483, -0.080401
0.896337, 0.834098, -0.173820, -0.282593
0.896757, 0.765312, -0.164755, -0.388687
0.896793, 0.619074, -0.144942, -0.598898
0.897790, 1.000000, -0.189138, 0.000000
0.898903, 0.381166, -0.084755, -0.863000
0.899014, 0.698146, -0.152951, -0.488282
0.900454, 0.644516, -0.143645, -0.564650
0.902063, 0.473917, -0.109811, -0.777536
0.902909, 0.670370, -0.143626, -0.528675
0.903950, 0.341863, -0.065508, -0.892061
0.904060, 0.291744, -0.040926, -0.916024
0.904074, 0.876980, -0.166485, -0.214848
0.906065, 0.423823, -0.092687, -0.828782
0.906076, 0.317278, -0.053116, -0.906723
0.907194, 0.739174, -0.145459, -0.429246
0.907446, 0.066320, 0.805396, -0.140474
0.908009, 0.221724, 0.009388, -0.920608
0.908303, 0.021864, 0.847196, -0.050604
0.909223, 0.245729, -0.010361, -0.925980
0.909335, 0.973592, -0.170253, -0.049176
0.909413, 0.447981, -0.095848, -0.806172
0.910210, 0.807475, -0.148235, -0.326119
0.910561, 0.090366, 0.458420, -0.495147
0.910840, 0.195801, 0.032768, -0.911682
0.910909, 0.169632, 0.063854, -0.889548
0.910921, 0.116991, 0.130672, -0.827235
0.911351, 0.142672, 0.105880, -0.852872
0.911796, 0.360885, -0.067892, -0.882756
0.912046, 0.946278, -0.162571, -0.098744
0.912115, 0.523603, -0.108707, -0.723143
0.913175, 0.551014, -0.112103, -0.690283
0.913241, 0.270300, -0.026164, -0.926743
0.913877, 0.855342, -0.147275, -0.250628
0.914007, 0.400595, -0.078658, -0.852197
0.914859, 0.577971, -0.114117, -0.656264
0.915080, 0.919639, -0.153476, -0.145141
0.915313, 0.781829, -0.137114, -0.365502
0.917032, 0.715786, -0.127766, -0.464921
0.917211, 0.496031, -0.097605, -0.755958
0.917496, 0.604723, -0.114296, -0.621359
0.918514, 0.830382, -0.136781, -0.290562
0.918611, 0.893746, -0.143856, -0.188899
0.920265, 0.756363, -0.126717, -0.404598
0.920448, 0.000000, 0.828901, 0.000000
0.920546, 0.631409, -0.113381, -0.585516
0.920907, 0.687902, -0.119014, -0.505776
0.921940, 0.046361, 0.822781, -0.096426
0.922011, 1.000000, -0.150798, 0.000000
0.923236, 0.658908, -0.112588, -0.547434
0.925736, 0.468729, -0.082949, -0.788210
0.927830, 0.379135, -0.061217, -0.874180
0.927843, 0.334684, -0.048293, -0.906325
0.927921, 0.425028, -0.071997, -0.833058
0.928945, 0.309093, -0.038853, -0.921119
0.932005, 0.285569, -0.028433, -0.932189
0.932291, 0.233166, -0.003568, -0.941353
0.932341, 0.208019, 0.012182, -0.937013
0.932477, 0.072390, 0.383867, -0.556626
0.932700, 0.100562, 0.119661, -0.829867
0.933226, 0.873172, -0.116763, -0.224494
0.933246, 0.154824, 0.057906, -0.902026
0.933281, 0.181426, 0.031901, -0.925340
0.933411, 0.022728, 0.806668, -0.053670
0.933481, 0.127808, 0.096522, -0.860667
0.933553, 0.956619, -0.127759, -0.083046
0.933604, 0.980178, -0.129864, -0.038743
0.934123, 0.258339, -0.016369, -0.940635
0.934556, 0.537186, -0.083041, -0.710162
0.935090, 0.734472, -0.101649, -0.439314
0.935468, 0.930351, -0.120177, -0.129827
0.935548, 0.791774, -0.105375, -0.352259
0.935701, 0.563524, -0.084770, -0.677290
0.935912, 0.512082, -0.078045, -0.740391
0.936293, 0.447862, -0.067827, -0.812004
0.936688, 0.816512, -0.105684, -0.314475
0.936868, 0.356155, -0.048120, -0.894518
0.937369, 0.845737, -0.106817, -0.268209
0.937685, 0.590212, -0.085041, -0.642828
0.937850, 0.902968, -0.111951, -0.176089
0.938551, 0.400596, -0.056889, -0.858340
0.938848, 0.705363, -0.093509, -0.482113
0.939062, 0.764726, -0.097573, -0.393634
0.939508, 0.486467, -0.070291, -0.770530
0.940187, 0.617352, -0.084227, -0.606653
0.941165, 0.675767, -0.087700, -0.524885
0.942137, 0.645520, -0.083891, -0.567908
0.946293, 0.045905, 0.597500, -0.304892
0.946582, 0.000000, 0.777515, 0.000000
0.949551, 1.000000, -0.103128, 0.000000
0.951394, 0.423620, -0.048684, -0.839059
0.951973, 0.325992, -0.030745, -0.919033
0.953980, 0.300131, -0.023576, -0.933593
0.954741, 0.377736, -0.038577, -0.881550
0.954906, 0.088508, 0.076594, -0.848274
0.955130, 0.273578, -0.016186, -0.944724
0.955227, 0.467551, -0.050094, -0.793896
0.955228, 0.194200, 0.012830, -0.946773
0.955300, 0.220408, 0.001344, -0.952209
0.955341, 0.114396, 0.071995, -0.870931
0.955571, 0.167527, 0.026919, -0.933593
0.955571, 0.140972, 0.044829, -0.910414
0.955658, 0.886034, -0.079242, -0.206142
0.955943, 0.246452, -0.007975, -0.951523
0.956012, 0.943411, -0.085493, -0.110232
0.956452, 0.971737, -0.089727, -0.058327
0.956623, 0.859363, -0.075290, -0.248611
0.956934, 0.747424, -0.068233, -0.421389
0.956988, 0.548911, -0.055690, -0.698035
0.957176, 0.064713, 0.139995, -0.761000
0.957292, 0.915272, -0.079149, -0.158194
0.957315, 0.830790, -0.072258, -0.293662
0.957618, 0.720106, -0.065669, -0.461902
0.957643, 0.522564, -0.052658, -0.730585
0.957940, 0.350625, -0.031366, -0.903028
0.958128, 0.575806, -0.056234, -0.663597
0.958361, 0.803122, -0.068930, -0.336652
0.958502, 0.776498, -0.067198, -0.377248
0.958607, 0.024143, 0.697223, -0.128954
0.959266, 0.496220, -0.048332, -0.761938
0.959511, 0.691224, -0.061239, -0.504065
0.959886, 0.603261, -0.055696, -0.627277
0.960225, 0.661484, -0.058584, -0.546600
0.960819, 0.443322, -0.041416, -0.820325
0.961131, 0.631646, -0.055641, -0.588544
0.962125, 0.402653, -0.035495, -0.860406
0.972154, 0.000000, 0.786595, 0.000000
0.974027, 1.000000, -0.059503, 0.000000
0.975577, 0.045739, 0.088022, -0.749663
0.976275, 0.313130, -0.013762, -0.930602
0.977286, 0.951897, -0.046394, -0.098116
0.977296, 0.287025, -0.010086, -0.944038
0.977382, 0.898160, -0.041435, -0.188429
0.977668, 0.099873, 0.046813, -0.861502
0.977678, 0.260395, -0.006296, -0.953687
0.977704, 0.180316, 0.009456, -0.950180
0.977706, 0.206890, 0.003132, -0.957804
0.977799, 0.126689, 0.027727, -0.906980
0.977847, 0.925588, -0.042507, -0.143454
0.977862, 0.153530, 0.017320, -0.934043
0.977899, 0.479043, -0.025428, -0.783420
0.977944, 0.366137, -0.017895, -0.893875
0.977950, 0.338238, -0.015460, -0.914817
0.977998, 0.233469, -0.001999, -0.958670
0.978068, 0.844097, -0.037686, -0.274075
0.978072, 0.871316, -0.038774, -0.231263
0.978409, 0.977288, -0.047566, -0.049939
0.978412, 0.760515, -0.034598, -0.402612
0.978698, 0.422802, -0.021327, -0.842937
0.978774, 0.732986, -0.033280, -0.443851
0.978863, 0.534687, -0.026832, -0.717177
0.978881, 0.561714, -0.027880, -0.683026
0.978882, 0.816544, -0.035402, -0.316844
0.979077, 0.073189, 0.060970, -0.807960
0.979162, 0.705106, -0.031917, -0.484896
0.979586, 0.676259, -0.030498, -0.526592
0.979630, 0.788570, -0.033374, -0.359865
0.979705, 0.589304, -0.027753, -0.646902
0.979773, 0.507321, -0.024528, -0.750463
0.979952, 0.647194, -0.029151, -0.567703
0.980192, 0.452276, -0.021407, -0.812615
0.980223, 0.392586, -0.018066, -0.871645
0.980489, 0.617849, -0.027558, -0.608358
0.982486, 0.020013, 0.336487, -0.473148
1.000000, 0.000000, 0.000000, 0.000000
1.000000, 0.030936, 0.000000, -0.762468
1.000000, 0.057655, 0.000000, -0.773065
1.000000, 0.085657, 0.000000, -0.846616
1.000000, 0.112697, 0.000000, -0.895472
1.000000, 0.139670, 0.000000, -0.926388
1.000000, 0.166581, 0.000000, -0.946630
1.000000, 0.193337, 0.000000, -0.957636
1.000000, 0.220045, 0.000000, -0.961237
1.000000, 0.246890, 0.000000, -0.958705
1.000000, 0.273566, 0.000000, -0.951109
1.000000, 0.300022, 0.000000, -0.939347
1.000000, 0.325974, 0.000000, -0.924391
1.000000, 0.352860, 0.000000, -0.905429
1.000000, 0.379982, 0.000000, -0.883579
1.000000, 0.408530, 0.000000, -0.857328
1.000000, 0.436563, 0.000000, -0.829856
1.000000, 0.465138, 0.000000, -0.799100
1.000000, 0.492364, 0.000000, -0.768686
1.000000, 0.520472, 0.000000, -0.734937
1.000000, 0.548014, 0.000000, -0.700908
1.000000, 0.575635, 0.000000, -0.665398
1.000000, 0.603888, 0.000000, -0.627712
1.000000, 0.632815, 0.000000, -0.587998
1.000000, 0.661550, 0.000000, -0.547861
1.000000, 0.690101, 0.000000, -0.507027
1.000000, 0.718336, 0.000000, -0.465833
1.000000, 0.746211, 0.000000, -0.424455
1.000000, 0.773780, 0.000000, -0.382963
1.000000, 0.801847, 0.000000, -0.339780
1.000000, 0.829313, 0.000000, -0.297518
1.000000, 0.856088, 0.000000, -0.255950
1.000000, 0.882475, 0.000000, -0.214342
1.000000, 0.907977, 0.000000, -0.173641
1.000000, 0.932670, 0.000000, -0.132811
1.000000, 0.955843, 0.000000, -0.092450
1.000000, 0.978099, 0.000000, -0.048534
1.000000, 1.000000, 0.000000, 0.000000
