0.000000, 0.000000, 0.000000, 0.000000
0.000000, 0.029021, 0.000000, 0.034611
0.000000, 0.056003, 0.000000, 0.063347
0.000000, 0.082472, 0.000000, 0.088759
0.000000, 0.109014, 0.000000, 0.112550
0.000000, 0.136105, 0.000000, 0.135737
0.000000, 0.164611, 0.000000, 0.159608
0.000000, 0.194376, 0.000000, 0.184739
0.000000, 0.222208, 0.000000, 0.207093
0.000000, 0.251923, 0.000000, 0.231136
0.000000, 0.281839, 0.000000, 0.255450
0.000000, 0.310797, 0.000000, 0.279166
0.000000, 0.337786, 0.000000, 0.300604
0.000000, 0.365748, 0.000000, 0.323013
0.000000, 0.393541, 0.000000, 0.344705
0.000000, 0.422563, 0.000000, 0.367977
0.000000, 0.450038, 0.000000, 0.389663
0.000000, 0.477148, 0.000000, 0.410953
0.000000, 0.504111, 0.000000, 0.431953
0.000000, 0.531347, 0.000000, 0.453153
0.000000, 0.558609, 0.000000, 0.474478
0.000000, 0.584626, 0.000000, 0.494428
0.000000, 0.610989, 0.000000, 0.514708
0.000000, 0.636910, 0.000000, 0.534581
0.000000, 0.662307, 0.000000, 0.553631
0.000000, 0.688824, 0.000000, 0.573519
0.000000, 0.715827, 0.000000, 0.593647
0.000000, 0.742847, 0.000000, 0.613698
0.000000, 0.769486, 0.000000, 0.633275
0.000000, 0.795477, 0.000000, 0.652132
0.000000, 0.820995, 0.000000, 0.670355
0.000000, 0.846479, 0.000000, 0.688275
0.000000, 0.872229, 0.000000, 0.706095
0.000000, 0.898064, 0.000000, 0.723034
0.000000, 0.923541, 0.000000, 0.744043
0.000000, 0.948427, 0.000000, 0.845219
0.000000, 0.973004, 0.000000, 1.012332
0.000000, 1.000000, 0.000000, 0.000000
0.018189, 0.178444, 0.017324, 0.171105
0.018281, 0.267328, 0.016462, 0.243535
0.018734, 0.236793, 0.017147, 0.218793
0.018896, 0.409359, 0.016116, 0.357293
0.019293, 0.984915, -0.590177, 0.188588
0.019452, 0.297296, 0.017300, 0.267983
0.019654, 0.019337, 0.023309, 0.022949
0.019874, 0.149502, 0.019463, 0.146907
0.020665, 0.544990, 0.016885, 0.463752
0.020922, 0.517765, 0.017242, 0.442593
0.021053, 0.350280, 0.018300, 0.310456
0.021135, 0.436918, 0.017859, 0.379179
0.021183, 0.729813, 0.016224, 0.604000
0.021238, 0.702259, 0.016442, 0.583514
0.021523, 0.463839, 0.018035, 0.400425
0.021614, 0.490545, 0.017958, 0.421354
0.021764, 0.379852, 0.018724, 0.333875
0.021802, 0.756596, 0.016499, 0.623697
0.021824, 0.597310, 0.017531, 0.504071
0.021913, 0.674763, 0.017140, 0.562979
0.022110, 0.121583, 0.022333, 0.123165
0.022149, 0.208174, 0.020667, 0.195778
0.022371, 0.885957, 0.016165, 0.715446
0.022583, 0.624419, 0.017992, 0.524907
0.022661, 0.912242, 0.024462, 0.738864
0.022725, 0.572255, 0.018417, 0.484913
0.022739, 0.044448, 0.025979, 0.050872
0.022768, 0.859830, 0.016480, 0.697593
0.022816, 0.783577, 0.017052, 0.643377
0.022823, 0.324628, 0.020075, 0.290122
0.023006, 0.095475, 0.024097, 0.100191
0.023281, 0.069970, 0.025432, 0.076524
0.023377, 0.937588, 0.101120, 0.817816
0.023454, 0.834113, 0.017120, 0.679558
0.023533, 0.808963, 0.017370, 0.661668
0.023741, 0.648317, 0.018743, 0.543036
0.023811, 0.961293, -0.032190, 0.685885
0.027795, 0.000000, 0.033193, 0.000000
0.032728, 1.000000, -0.846404, 0.000000
0.036759, 0.253549, 0.033294, 0.232111
0.037405, 0.282760, 0.033442, 0.255979
0.038200, 0.186654, 0.036051, 0.177290
0.038341, 0.400010, 0.032769, 0.349768
0.039483, 0.361481, 0.034190, 0.319134
0.040004, 0.161515, 0.038532, 0.156254
0.041235, 0.227539, 0.037916, 0.211059
0.041866, 0.557627, 0.034062, 0.473372
0.041888, 0.135269, 0.041396, 0.134101
0.041922, 0.716834, 0.032273, 0.594203
0.041932, 0.610503, 0.033535, 0.513940
0.042067, 0.531238, 0.034520, 0.452997
0.042143, 0.425026, 0.035745, 0.369775
0.042220, 0.688823, 0.032849, 0.573234
0.042281, 0.504629, 0.034984, 0.432298
0.042649, 0.309370, 0.037689, 0.277472
0.043108, 0.026966, 0.049103, 0.030853
0.043299, 0.451109, 0.036428, 0.390393
0.043413, 0.770163, 0.032661, 0.633371
0.043564, 0.743133, 0.033162, 0.613576
0.043582, 0.477199, 0.036359, 0.410829
0.044124, 0.660426, 0.034691, 0.551950
0.044142, 0.900916, 0.038972, 0.734340
0.044823, 0.874262, 0.031019, 0.706580
0.045194, 0.928399, 0.095974, 0.806019
0.045648, 0.978298, -0.829549, -0.093461
0.045654, 0.054995, 0.049985, 0.060366
0.045720, 0.107484, 0.046565, 0.109750
0.045957, 0.848114, 0.033107, 0.688937
0.046430, 0.585445, 0.037440, 0.494699
0.046816, 0.081883, 0.049318, 0.086420
0.046856, 0.797383, 0.034843, 0.653101
0.047154, 0.335929, 0.041203, 0.298533
0.047368, 0.954749, -0.422880, 0.294672
0.047404, 0.822351, 0.034844, 0.670953
0.049148, 0.633976, 0.039010, 0.532060
0.049440, 0.204381, 0.046061, 0.191806
0.050685, 0.382642, 0.043560, 0.335755
0.051706, 0.000000, 0.058284, 0.000000
0.056084, 0.268467, 0.050359, 0.243795
0.059642, 1.000000, -0.754440, 0.000000
0.061108, 0.176389, 0.057852, 0.167877
0.061181, 0.245439, 0.055525, 0.224875
0.062059, 0.291743, 0.055171, 0.262783
0.062131, 0.409234, 0.052920, 0.356836
0.062153, 0.704678, 0.048050, 0.584789
0.062621, 0.676033, 0.048921, 0.563169
0.062828, 0.357928, 0.054396, 0.315682
0.063155, 0.566832, 0.051193, 0.479956
0.063188, 0.150920, 0.061078, 0.146466
0.063369, 0.491674, 0.052588, 0.421640
0.063456, 0.124141, 0.062796, 0.123249
0.063850, 0.607850, 0.051097, 0.511709
0.064253, 0.517996, 0.052890, 0.442135
0.064449, 0.542662, 0.052638, 0.461192
0.064835, 0.436996, 0.054738, 0.378795
0.065005, 0.916045, 0.053415, 0.736876
0.065082, 0.756590, 0.049213, 0.623090
0.065652, 0.729700, 0.050223, 0.603262
0.065684, 0.782337, 0.049022, 0.641666
0.065933, 0.463256, 0.055180, 0.399310
0.066168, 0.020295, 0.072371, 0.022290
0.066303, 0.889203, 0.065553, 0.736024
0.066808, 0.316489, 0.058797, 0.282773
0.066952, 0.221048, 0.061539, 0.204831
0.067097, 0.945212, -0.671458, 0.027891
0.067411, 0.043396, 0.072667, 0.046800
0.067822, 0.863042, 0.046409, 0.697207
0.068497, 0.650547, 0.054013, 0.543977
0.069047, 0.069167, 0.072389, 0.072577
0.069561, 0.837080, 0.048649, 0.678963
0.070399, 0.974915, -0.791281, -0.065371
0.070706, 0.095641, 0.071745, 0.097178
0.071761, 0.811158, 0.052458, 0.662057
0.072791, 0.195719, 0.067855, 0.183577
0.073150, 0.382082, 0.062755, 0.334607
0.074854, 0.585490, 0.060339, 0.494441
0.075997, 0.338155, 0.066280, 0.299825
0.077068, 0.627354, 0.061251, 0.526226
0.078350, 0.000000, 0.084578, 0.000000
0.079247, 0.268443, 0.071022, 0.243245
0.080655, 0.692213, 0.062586, 0.574755
0.083434, 0.480335, 0.069428, 0.412288
0.084089, 0.240144, 0.076298, 0.219853
0.084248, 0.402840, 0.071779, 0.350963
0.084316, 0.116180, 0.083194, 0.114836
0.085003, 0.929408, -0.726460, -0.048366
0.085197, 0.167845, 0.080642, 0.159544
0.085231, 0.141670, 0.082391, 0.137352
0.085237, 0.295351, 0.075488, 0.264948
0.085256, 1.000000, -0.725536, 0.000000
0.085453, 0.507308, 0.070534, 0.433434
0.085658, 0.426167, 0.072498, 0.369759
0.086042, 0.791631, 0.063912, 0.647508
0.086299, 0.558616, 0.070107, 0.473230
0.086780, 0.743334, 0.065962, 0.612593
0.087220, 0.668316, 0.068281, 0.556683
0.087519, 0.533456, 0.071674, 0.453837
0.087707, 0.903879, -0.097773, 0.555955
0.087801, 0.958216, -0.721841, -0.018161
0.088073, 0.715702, 0.067714, 0.592243
0.088291, 0.361273, 0.076292, 0.317957
0.089060, 0.451182, 0.074750, 0.389264
0.089299, 0.766739, 0.067128, 0.629410
0.089659, 0.878833, 0.134556, 0.778113
0.090262, 0.026085, 0.094944, 0.027490
0.090291, 0.603964, 0.072313, 0.508245
0.091002, 0.052791, 0.094226, 0.054690
0.091324, 0.215954, 0.083896, 0.199739
0.091484, 0.853920, 0.083263, 0.709606
0.092624, 0.079184, 0.093762, 0.080186
0.093492, 0.318899, 0.081978, 0.283693
0.093687, 0.829323, 0.068787, 0.675037
0.094440, 0.190778, 0.087911, 0.178477
0.095224, 0.645736, 0.075150, 0.539619
0.098998, 0.979956, -0.733474, -0.021273
0.099553, 0.577985, 0.080372, 0.487979
0.099717, 0.383591, 0.085452, 0.335363
0.100205, 0.254105, 0.090124, 0.230684
0.100937, 0.101106, 0.099730, 0.099928
0.101784, 0.807777, 0.075159, 0.658925
0.102186, 0.000000, 0.105712, 0.000000
0.102939, 0.690997, 0.079861, 0.573366
0.103137, 0.470945, 0.086020, 0.404551
0.103346, 0.341842, 0.089804, 0.301851
0.103482, 0.278518, 0.092130, 0.250685
0.104642, 0.942015, -0.715066, -0.035102
0.104760, 0.623694, 0.083295, 0.522786
0.105945, 0.496374, 0.087720, 0.424651
0.106334, 0.733476, 0.081060, 0.604563
0.107110, 0.127287, 0.103559, 0.123222
0.107576, 0.408672, 0.091415, 0.355130
0.107918, 0.152880, 0.102527, 0.145605
0.108476, 0.522705, 0.089119, 0.445283
0.109381, 0.918435, -0.780065, -0.122182
0.109556, 0.781986, 0.081716, 0.639885
0.109949, 0.432631, 0.092754, 0.374167
0.110044, 0.550254, 0.089614, 0.466502
0.111218, 0.231120, 0.100890, 0.211122
0.111936, 0.301134, 0.098693, 0.268822
0.111937, 0.894895, -0.495440, 0.133077
0.112044, 0.667361, 0.087684, 0.555477
0.112213, 0.176882, 0.104802, 0.165767
0.113718, 0.870985, 0.020323, 0.632733
0.113750, 1.000000, -0.713151, 0.000000
0.114168, 0.041166, 0.115680, 0.041624
0.114243, 0.756364, 0.086217, 0.621343
0.114591, 0.066130, 0.114614, 0.066055
0.114752, 0.019568, 0.116703, 0.019937
0.114869, 0.205076, 0.105647, 0.189573
0.115000, 0.599703, 0.092132, 0.504162
0.115051, 0.364628, 0.099129, 0.319772
0.115169, 0.711023, 0.088592, 0.587729
0.115887, 0.847067, 0.131683, 0.732817
0.116363, 0.961905, -0.712347, -0.025745
0.118244, 0.454013, 0.099051, 0.390674
0.120696, 0.323939, 0.105445, 0.286967
0.121138, 0.824318, 0.095599, 0.676740
0.121320, 0.644923, 0.095689, 0.538359
0.121363, 0.088597, 0.119173, 0.086924
0.121810, 0.258654, 0.109074, 0.233603
0.122916, 0.575286, 0.099217, 0.485161
0.124460, 0.389249, 0.106331, 0.339182
0.126015, 0.479781, 0.104716, 0.410775
0.126935, 0.112600, 0.122484, 0.108595
0.127419, 0.800214, 0.095172, 0.653210
0.127969, 0.688095, 0.099268, 0.570355
0.128623, 0.937858, -0.700778, -0.040329
0.128893, 0.505329, 0.106288, 0.430751
0.129048, 0.980522, -0.705989, -0.014559
0.129259, 0.000000, 0.129828, 0.000000
0.129632, 0.281273, 0.114927, 0.251867
0.130009, 0.732648, 0.099014, 0.603110
0.130339, 0.622313, 0.103569, 0.520890
0.130460, 0.138032, 0.123866, 0.131121
0.130920, 0.346487, 0.113400, 0.304779
0.131275, 0.530757, 0.107420, 0.450538
0.131453, 0.414123, 0.111405, 0.358813
0.132835, 0.162678, 0.124259, 0.152441
0.133330, 0.775470, 0.099664, 0.634174
0.133821, 0.913635, -0.720350, -0.081252
0.134123, 0.238932, 0.120835, 0.216616
0.134215, 0.189175, 0.123701, 0.174896
0.135111, 0.553930, 0.109734, 0.468253
0.135848, 0.889483, -0.764525, -0.150127
0.136232, 0.216628, 0.123886, 0.197919
0.136239, 0.051190, 0.134206, 0.050331
0.136873, 0.436869, 0.115160, 0.376619
0.137908, 0.865374, -0.359160, 0.228359
0.138029, 0.304760, 0.121214, 0.270719
0.138058, 0.665693, 0.107973, 0.553287
0.139276, 0.599672, 0.111466, 0.503313
0.139360, 0.023814, 0.138095, 0.023524
0.140847, 0.370509, 0.120962, 0.323734
0.141233, 0.709119, 0.108492, 0.585298
0.141711, 0.841753, 0.087035, 0.657465
0.141833, 0.752422, 0.106945, 0.616909
0.142091, 0.074626, 0.138153, 0.072412
0.142478, 1.000000, -0.695376, 0.000000
0.143226, 0.461362, 0.119579, 0.395702
0.143248, 0.957777, -0.694913, -0.030241
0.146795, 0.817700, 0.130607, 0.685932
0.147203, 0.259793, 0.131277, 0.233409
0.147362, 0.578257, 0.118704, 0.486520
0.147385, 0.643264, 0.116154, 0.536017
0.147559, 0.327733, 0.128440, 0.288988
0.147866, 0.098596, 0.141831, 0.094396
0.149061, 0.487043, 0.123453, 0.415638
0.149406, 0.395309, 0.127252, 0.343276
0.152054, 0.123487, 0.143916, 0.116717
0.152146, 0.512346, 0.125025, 0.435234
0.153058, 0.794155, 0.115631, 0.648603
0.153157, 0.933408, -0.685994, -0.046655
0.153806, 0.686809, 0.119232, 0.568361
0.154374, 0.000000, 0.150975, 0.000000
0.154565, 0.284341, 0.136482, 0.253315
0.154592, 0.148773, 0.144440, 0.138973
0.154916, 0.203442, 0.140995, 0.185722
0.155045, 0.175062, 0.143040, 0.161709
0.155486, 0.728855, 0.118035, 0.598723
0.156231, 0.620802, 0.124031, 0.518638
0.156663, 0.977459, -0.685988, -0.016402
0.156822, 0.535408, 0.127911, 0.452851
0.156903, 0.040269, 0.152418, 0.038955
0.157089, 0.351505, 0.135566, 0.307824
0.157297, 0.419433, 0.132937, 0.362207
0.157862, 0.907760, -0.684023, -0.067201
0.158213, 0.234305, 0.142135, 0.211535
0.158701, 0.771257, 0.118118, 0.629171
0.159409, 0.557252, 0.129149, 0.469716
0.159795, 0.883527, -0.707294, -0.110714
0.161802, 0.443399, 0.135705, 0.380951
0.162704, 0.859238, -0.734141, -0.163793
0.163799, 0.062289, 0.157530, 0.059649
0.164030, 0.307781, 0.143503, 0.272064
0.164039, 0.664131, 0.128191, 0.550942
0.165368, 0.598345, 0.132213, 0.501129
0.166162, 0.376264, 0.142195, 0.327386
0.166794, 0.834148, -0.286830, 0.255201
0.167355, 0.469039, 0.139256, 0.400944
0.168037, 0.020230, 0.162278, 0.019483
0.168453, 0.707116, 0.129599, 0.582777
0.168707, 0.747832, 0.126243, 0.611086
0.169114, 0.084688, 0.160926, 0.080278
0.169357, 1.000000, -0.677141, 0.000000
0.169743, 0.262462, 0.150664, 0.234442
0.169941, 0.953452, -0.676423, -0.033960
0.171976, 0.496101, 0.141945, 0.422055
0.173134, 0.810865, 0.141600, 0.664822
0.173351, 0.331656, 0.150327, 0.291066
0.173410, 0.575564, 0.139606, 0.483303
0.173457, 0.108841, 0.163366, 0.102175
0.173461, 0.641540, 0.136565, 0.533516
0.173762, 0.215554, 0.156634, 0.194837
0.174938, 0.401037, 0.148501, 0.346864
0.175051, 0.187624, 0.159606, 0.171206
0.176626, 0.134592, 0.164503, 0.125061
0.176642, 0.926067, -0.670389, -0.053797
0.177243, 0.160210, 0.163348, 0.147498
0.177436, 0.521517, 0.145281, 0.441598
0.179718, 0.286545, 0.157966, 0.253808
0.179840, 0.788246, 0.138440, 0.645067
0.180105, 0.684417, 0.139584, 0.565219
0.181667, 0.000000, 0.174000, 0.000000
0.181678, 0.243509, 0.161929, 0.217939
0.182138, 0.618750, 0.144492, 0.515899
0.182157, 0.043438, 0.173775, 0.041215
0.182172, 0.979942, -0.667856, -0.014755
0.182258, 0.356618, 0.156705, 0.310880
0.182281, 0.548326, 0.147885, 0.461754
0.182675, 0.900313, -0.665436, -0.072865
0.182893, 0.727404, 0.140876, 0.598195
0.183020, 0.425690, 0.154156, 0.366161
0.183489, 0.766221, 0.139259, 0.626471
0.183900, 0.876784, -0.668019, -0.094815
0.185307, 0.449808, 0.154877, 0.384968
0.186121, 0.849728, -0.659140, -0.109244
0.189310, 0.310611, 0.164904, 0.273064
0.189687, 0.477985, 0.157240, 0.407062
0.190365, 0.661570, 0.148467, 0.547456
0.190562, 0.067297, 0.179996, 0.063197
0.191208, 0.595562, 0.152783, 0.497798
0.191307, 0.381890, 0.163141, 0.330857
0.193470, 0.825474, -0.720159, -0.199930
0.193547, 0.962368, -0.659344, -0.027781
0.194325, 0.091229, 0.181953, 0.084965
0.194703, 0.225487, 0.174091, 0.202042
0.194936, 0.022423, 0.184774, 0.021133
0.195258, 0.704732, 0.150121, 0.579384
0.195313, 0.200241, 0.176117, 0.180610
0.195507, 0.940119, -0.657580, -0.044205
0.195605, 0.571597, 0.157427, 0.479057
0.195925, 0.266223, 0.172978, 0.236230
0.196113, 0.502994, 0.161283, 0.426302
0.196920, 0.118756, 0.182723, 0.109730
0.196959, 0.173813, 0.179232, 0.157951
0.197499, 0.747958, 0.159823, 0.620871
0.197581, 1.000000, -0.656794, 0.000000
0.197957, 0.336002, 0.170943, 0.293339
0.199565, 0.637914, 0.157092, 0.529426
0.199983, 0.801083, -0.257277, 0.233085
0.200053, 0.530875, 0.163129, 0.447847
0.200299, 0.407200, 0.169444, 0.350734
0.200491, 0.146052, 0.183912, 0.133544
0.202061, 0.915417, -0.652221, -0.062581
0.204291, 0.866341, -0.648352, -0.098845
0.205201, 0.289189, 0.179527, 0.254625
0.205207, 0.459213, 0.170809, 0.391422
0.205883, 0.774188, 0.234779, 0.704825
0.206548, 0.682484, 0.158665, 0.561070
0.206908, 0.361353, 0.177204, 0.313464
0.207343, 0.046642, 0.194708, 0.043492
0.207681, 0.613008, 0.164792, 0.510171
0.207790, 0.000000, 0.195646, 0.000000
0.208785, 0.433013, 0.175089, 0.370610
0.208991, 0.555754, 0.168970, 0.466415
0.209016, 0.725261, 0.158264, 0.592385
0.209391, 0.246164, 0.185654, 0.218828
0.209501, 0.891465, -0.646133, -0.080608
0.212096, 0.981279, -0.646063, -0.013962
0.212152, 0.843172, -0.644347, -0.119154
0.213462, 0.315322, 0.185093, 0.275627
0.214727, 0.483350, 0.177374, 0.409937
0.215630, 0.219354, 0.192324, 0.195701
0.215723, 0.099156, 0.199270, 0.091021
0.215910, 0.659060, 0.168800, 0.544621
0.216037, 0.585932, 0.172914, 0.489232
0.216175, 0.385836, 0.183689, 0.332724
0.216777, 0.071238, 0.201470, 0.065702
0.216952, 0.512787, 0.177640, 0.432799
0.217278, 0.958919, -0.642146, -0.030696
0.217573, 0.193445, 0.195530, 0.173550
0.218870, 0.168444, 0.197999, 0.151876
0.219663, 0.819353, -0.642163, -0.141491
0.219994, 0.934028, -0.639829, -0.049318
0.220359, 0.023394, 0.205747, 0.021668
0.220545, 0.124631, 0.202013, 0.113504
0.221596, 0.748163, 0.164107, 0.604921
0.222433, 0.341017, 0.191274, 0.296135
0.222503, 0.703501, 0.164295, 0.570582
0.223147, 0.267641, 0.196042, 0.235928
0.223405, 0.793395, -0.697799, -0.227204
0.224190, 0.634357, 0.176281, 0.525136
0.224808, 0.410388, 0.189579, 0.351976
0.224975, 0.537782, 0.182712, 0.451718
0.225772, 0.146415, 0.205209, 0.132419
0.225978, 0.456164, 0.188003, 0.388052
0.226045, 0.870393, -0.632329, -0.096307
0.226790, 1.000000, -0.635654, 0.000000
0.228086, 0.294529, 0.198488, 0.257657
0.228298, 0.910968, -0.633244, -0.066752
0.229843, 0.768465, -0.184922, 0.255880
0.230519, 0.609641, 0.182739, 0.506087
0.231256, 0.564219, 0.186143, 0.471584
0.232056, 0.047193, 0.214995, 0.043331
0.232339, 0.680522, 0.183708, 0.563288
0.232350, 0.364513, 0.198265, 0.314623
0.232532, 0.239141, 0.205532, 0.211473
0.233459, 0.000000, 0.216622, 0.000000
0.234183, 0.498030, 0.192308, 0.420270
0.234376, 0.726215, 0.161700, 0.576417
0.234525, 0.848218, -0.625100, -0.113164
0.235359, 0.432799, 0.196997, 0.369109
0.236636, 0.086685, 0.217202, 0.078888
0.236893, 0.212658, 0.210688, 0.188816
0.237502, 0.321455, 0.204939, 0.279305
0.238464, 0.953503, -0.626545, -0.035084
0.239029, 0.890673, -0.624857, -0.082336
0.240356, 0.185926, 0.214945, 0.165637
0.240367, 0.977639, -0.625844, -0.016898
0.240414, 0.655339, 0.186863, 0.539174
0.240606, 0.109986, 0.219376, 0.099489
0.240872, 0.476434, 0.198875, 0.402845
0.241151, 0.388418, 0.204242, 0.333387
0.241409, 0.587240, 0.192660, 0.488345
0.242639, 0.521114, 0.197827, 0.437874
0.242664, 0.827510, -0.618936, -0.129769
0.244314, 0.804762, -0.630867, -0.162317
0.244469, 0.163612, 0.219864, 0.146365
0.245599, 0.023221, 0.226345, 0.021184
0.246031, 0.931077, -0.620796, -0.052148
0.246459, 0.066664, 0.226072, 0.060565
0.247191, 0.255856, 0.216736, 0.224483
0.247460, 0.278862, 0.215540, 0.243509
0.247665, 0.135763, 0.223818, 0.121824
0.248323, 0.780111, -0.613145, -0.168057
0.248851, 0.343579, 0.213141, 0.296700
0.248873, 0.701754, 0.228081, 0.610852
0.248980, 0.631843, 0.195223, 0.521259
0.249165, 0.750157, -0.213345, 0.197582
0.249365, 0.545226, 0.201728, 0.456118
0.250722, 0.454288, 0.208251, 0.385096
0.250845, 0.411037, 0.210940, 0.350932
0.251293, 0.303718, 0.217342, 0.263831
0.251725, 0.868498, -0.614252, -0.099374
0.254036, 1.000000, -0.616195, 0.000000
0.254643, 0.609994, 0.201458, 0.504652
0.256243, 0.674153, 0.194530, 0.548641
0.256551, 0.910112, -0.612605, -0.068267
0.257238, 0.725989, 0.304814, 0.695587
0.257253, 0.228241, 0.226679, 0.200668
0.257346, 0.568316, 0.206520, 0.473226
0.257748, 0.367277, 0.219140, 0.315370
0.257962, 0.202572, 0.228745, 0.178911
0.258168, 0.500090, 0.211461, 0.420425
0.259056, 0.044574, 0.236999, 0.040347
0.259307, 0.000000, 0.237532, 0.000000
0.260415, 0.955847, -0.610455, -0.033632
0.261058, 0.845569, -0.606236, -0.116948
0.262083, 0.090180, 0.237979, 0.081033
0.262290, 0.432673, 0.218992, 0.367383
0.262893, 0.116893, 0.237305, 0.104557
0.264495, 0.154956, 0.236824, 0.137731
0.265756, 0.478457, 0.218904, 0.403056
0.265812, 0.323386, 0.228468, 0.279352
0.266409, 0.649085, 0.206429, 0.531907
0.266890, 0.767218, -0.558056, -0.137212
0.266944, 0.888754, -0.604351, -0.084805
0.266955, 0.524321, 0.216935, 0.438677
0.267202, 0.820378, -0.601066, -0.136900
0.267245, 0.389905, 0.225613, 0.332996
0.267511, 0.180911, 0.238121, 0.160039
0.267542, 0.592616, 0.212798, 0.490853
0.268199, 0.796131, -0.603466, -0.160070
0.268251, 0.978363, -0.605633, -0.016551
0.268970, 0.248564, 0.235315, 0.217096
0.271093, 0.293725, 0.234359, 0.254406
0.271633, 0.932642, -0.602210, -0.051538
0.272014, 0.022053, 0.247734, 0.019852
0.272062, 0.692038, 0.183497, 0.537703
0.272066, 0.271676, 0.236706, 0.236340
0.272927, 0.066737, 0.247572, 0.059831
0.274413, 0.456410, 0.227282, 0.385244
0.274576, 0.547593, 0.221339, 0.456000
0.274587, 0.347239, 0.234230, 0.298157
0.275392, 0.622454, 0.217908, 0.514145
0.276787, 0.740812, -0.683234, -0.297394
0.276850, 0.713463, 0.068607, 0.429428
0.277480, 0.136693, 0.248393, 0.121243
0.277505, 0.865587, -0.595445, -0.102775
0.277545, 0.411715, 0.232691, 0.349769
0.278587, 0.208805, 0.245828, 0.183274
0.281569, 1.000000, -0.595765, 0.000000
0.281645, 0.571977, 0.224902, 0.473807
0.282219, 0.670004, 0.208668, 0.537443
0.282575, 0.503016, 0.230852, 0.421257
0.282837, 0.107162, 0.254065, 0.095174
0.283509, 0.910221, -0.592928, -0.068983
0.284252, 0.369850, 0.240755, 0.315792
0.284989, 0.955516, -0.592538, -0.034239
0.285054, 0.231719, 0.249646, 0.202075
0.285054, 0.839298, -0.588624, -0.123030
0.285439, 0.043929, 0.258294, 0.039249
0.285876, 0.000000, 0.258959, 0.000000
0.286379, 0.308116, 0.246243, 0.265433
0.286740, 0.163907, 0.254861, 0.144432
0.287421, 0.786447, -0.581822, -0.161375
0.288043, 0.434002, 0.239758, 0.366714
0.288871, 0.762497, -0.578055, -0.178517
0.289041, 0.598976, 0.226923, 0.491984
0.289865, 0.481418, 0.238101, 0.403895
0.290073, 0.085487, 0.260770, 0.075889
0.290418, 0.644708, 0.230701, 0.532538
0.291515, 0.813647, -0.582896, -0.143324
0.292012, 0.526249, 0.236696, 0.438498
0.292615, 0.189367, 0.258266, 0.165855
0.292776, 0.330239, 0.250313, 0.283305
0.292842, 0.257824, 0.254681, 0.223574
0.292989, 0.887326, -0.585078, -0.086826
0.294213, 0.391619, 0.247485, 0.332586
0.295490, 0.978149, -0.585418, -0.016904
0.296874, 0.457529, 0.245193, 0.384475
0.297090, 0.283838, 0.256687, 0.244945
0.297617, 0.125429, 0.265415, 0.110559
0.297626, 0.693809, 0.112926, 0.441084
0.297738, 0.932217, -0.582955, -0.052421
0.298259, 0.721911, -0.565242, -0.211184
0.298611, 0.021448, 0.269111, 0.019062
0.298750, 0.550787, 0.240274, 0.456841
0.300603, 0.860108, -0.578283, -0.107971
0.300675, 0.063938, 0.270083, 0.056649
0.300970, 0.621485, 0.228530, 0.502015
0.302113, 0.352127, 0.256625, 0.300527
0.303875, 0.147904, 0.269588, 0.129771
0.303994, 0.213993, 0.266511, 0.186283
0.304024, 0.575830, 0.243262, 0.476217
0.304125, 0.413151, 0.254077, 0.349033
0.304271, 0.745447, -0.580772, -0.208004
0.305316, 0.666707, 0.251602, 0.558768
0.308522, 0.504957, 0.251290, 0.420917
0.308881, 1.000000, -0.575408, 0.000000
0.309144, 0.794786, -0.567744, -0.157767
0.309279, 0.835188, -0.570599, -0.127430
0.309376, 0.238680, 0.269289, 0.206544
0.309697, 0.104971, 0.276033, 0.092307
0.309794, 0.308409, 0.265611, 0.264383
0.310349, 0.955749, -0.573839, -0.034410
0.310394, 0.909002, -0.573097, -0.070687
0.311251, 0.771441, -0.563246, -0.174304
0.311336, 0.172571, 0.274583, 0.150637
0.312089, 0.374032, 0.263331, 0.317529
0.312578, 0.041585, 0.280099, 0.036715
0.312902, 0.000000, 0.280591, 0.000000
0.312991, 0.480008, 0.256582, 0.401066
0.313525, 0.599034, 0.252589, 0.496726
0.313550, 0.434674, 0.260134, 0.365308
0.315339, 0.879893, -0.568135, -0.093334
0.315768, 0.641776, 0.215391, 0.492242
0.315896, 0.264645, 0.273222, 0.227885
0.316220, 0.530481, 0.255211, 0.439675
0.317572, 0.084346, 0.283151, 0.074110
0.318834, 0.331856, 0.271522, 0.282955
0.319123, 0.456344, 0.263028, 0.381897
0.319176, 0.196078, 0.279655, 0.170158
0.319313, 0.813869, -0.561944, -0.144299
0.319415, 0.709494, -0.589283, -0.259459
0.322094, 0.395993, 0.269937, 0.334401
0.322208, 0.684443, -0.293794, 0.006016
0.322436, 0.128827, 0.285575, 0.112554
0.322517, 0.978261, -0.565150, -0.016992
0.322703, 0.555069, 0.257844, 0.457350
0.323263, 0.933398, -0.563933, -0.052024
0.323589, 0.288739, 0.278044, 0.247316
0.324182, 0.734267, -0.549008, -0.201619
0.325578, 0.855542, -0.559503, -0.112560
0.326201, 0.020270, 0.291195, 0.017806
0.327357, 0.061448, 0.291553, 0.053863
0.327531, 0.618471, 0.276786, 0.524898
0.328045, 0.577966, 0.258899, 0.473037
0.328797, 0.154123, 0.289566, 0.133995
0.328872, 0.354788, 0.278212, 0.300904
0.329563, 0.221301, 0.287039, 0.191035
0.329610, 0.759076, -0.552063, -0.188038
0.330568, 0.660488, 0.124587, 0.398227
0.330960, 0.895508, -0.556809, -0.081713
0.331782, 0.418375, 0.276134, 0.351457
0.332554, 0.491868, 0.271142, 0.408756
0.333030, 0.787343, -0.549527, -0.164941
0.333260, 0.244976, 0.288397, 0.210402
0.334591, 0.515633, 0.270871, 0.426958
0.335389, 0.108056, 0.296493, 0.094058
0.335467, 0.311864, 0.286345, 0.265606
0.336197, 1.000000, -0.554879, 0.000000
0.336529, 0.956482, -0.554266, -0.034175
0.336655, 0.833828, -0.550107, -0.129838
0.337058, 0.177592, 0.295228, 0.153647
0.338176, 0.466563, 0.277412, 0.388463
0.339348, 0.377651, 0.285160, 0.318603
0.339432, 0.916104, -0.551272, -0.065874
0.340205, 0.039851, 0.302191, 0.034795
0.340243, 0.596660, 0.262693, 0.482180
0.340434, 0.270165, 0.292854, 0.230954
0.340473, 0.441724, 0.281343, 0.369177
0.340735, 0.000000, 0.302886, 0.000000
0.341799, 0.540753, 0.274379, 0.445549
0.342147, 0.082467, 0.302763, 0.071753
0.342293, 0.872772, -0.547553, -0.099815
0.342309, 0.636401, 0.335959, 0.584781
0.342832, 0.811122, -0.544283, -0.147691
0.342893, 0.698479, -0.500547, -0.199035
0.343883, 0.202711, 0.299305, 0.174431
0.344250, 0.722484, -0.544234, -0.222830
0.345212, 0.334978, 0.292751, 0.283785
0.345859, 0.136032, 0.304163, 0.117822
0.348217, 0.566793, 0.277045, 0.464468
0.349192, 0.400769, 0.291436, 0.336351
0.349260, 0.676530, -0.584423, -0.305592
0.349703, 0.978586, -0.544605, -0.016903
0.350115, 0.745691, -0.533295, -0.197203
0.350917, 0.292080, 0.300064, 0.248383
0.351546, 0.937075, -0.542594, -0.049655
0.352056, 0.771292, -0.535431, -0.179266
0.353505, 0.850094, -0.538396, -0.117986
0.354031, 0.059622, 0.312765, 0.051714
0.354601, 0.020082, 0.313903, 0.017452
0.355371, 0.358204, 0.299382, 0.301859
0.355383, 0.158701, 0.310870, 0.136742
0.355711, 0.616636, 0.248652, 0.471304
0.355885, 0.653221, -0.422083, -0.175179
0.355928, 0.475919, 0.290694, 0.394356
0.356075, 0.894388, -0.537861, -0.083341
0.356086, 0.498873, 0.289013, 0.412224
0.356248, 0.250889, 0.306767, 0.214032
0.356298, 0.228089, 0.308173, 0.195114
0.358026, 0.425025, 0.296667, 0.354861
0.359081, 0.796622, -0.531140, -0.159723
0.359294, 0.099523, 0.315722, 0.085909
0.359982, 0.522029, 0.289765, 0.429323
0.360120, 0.121538, 0.315927, 0.104806
0.361282, 0.183633, 0.314431, 0.157555
0.361597, 0.590189, 0.281281, 0.476361
0.361677, 0.314728, 0.307367, 0.266248
0.363688, 1.000000, -0.534050, 0.000000
0.363761, 0.451915, 0.298926, 0.375238
0.364139, 0.825531, -0.529074, -0.137627
0.364343, 0.958328, -0.533221, -0.033046
0.365369, 0.709599, -0.514008, -0.220901
0.366056, 0.381912, 0.306305, 0.320121
0.366379, 0.545537, 0.290887, 0.444872
0.366613, 0.916265, -0.530760, -0.066394
0.367148, 0.271372, 0.314524, 0.230419
0.367542, 0.208605, 0.318071, 0.178132
0.368239, 0.871720, -0.528033, -0.101581
0.368651, 0.040118, 0.324854, 0.034658
0.368780, 0.000000, 0.325284, 0.000000
0.369231, 0.076857, 0.324450, 0.066239
0.370599, 0.688870, -0.528987, -0.257415
0.371222, 0.730868, -0.518350, -0.211950
0.371306, 0.337778, 0.313580, 0.284296
0.372537, 0.567208, 0.287969, 0.455001
0.372549, 0.635932, -0.341335, -0.122447
0.373845, 0.755313, -0.517187, -0.192313
0.374970, 0.664781, -0.500084, -0.253697
0.374995, 0.406129, 0.311602, 0.338665
0.375176, 0.142974, 0.327543, 0.122621
0.376124, 0.779243, -0.517618, -0.174399
0.376685, 0.477892, 0.306921, 0.394356
0.377363, 0.293131, 0.321410, 0.247630
0.377614, 0.979346, -0.523341, -0.016459
0.378337, 0.848312, -0.519741, -0.120465
0.379011, 0.937657, -0.521766, -0.049669
0.379329, 0.245881, 0.325787, 0.208647
0.379478, 0.609508, 0.244804, 0.436242
0.379714, 0.503390, 0.307199, 0.413849
0.380317, 0.168284, 0.330488, 0.143768
0.381052, 0.361856, 0.319678, 0.302965
0.381352, 0.805876, -0.515091, -0.153831
0.381461, 0.894252, -0.518750, -0.084200
0.381568, 0.432431, 0.314715, 0.358825
0.382844, 0.020233, 0.336378, 0.017404
0.383175, 0.117831, 0.334591, 0.100888
0.383488, 0.096217, 0.335272, 0.082434
0.383692, 0.058841, 0.336498, 0.050532
0.385116, 0.528834, 0.310587, 0.434251
0.385401, 0.194365, 0.333393, 0.165463
0.386191, 0.223490, 0.332399, 0.189628
0.386231, 0.584648, 0.273424, 0.443419
0.387285, 0.314751, 0.327914, 0.264545
0.389156, 0.457127, 0.318442, 0.377213
0.390392, 0.709828, -0.501507, -0.228693
0.391409, 0.269875, 0.334100, 0.227717
0.391591, 1.000000, -0.512705, 0.000000
0.391961, 0.827147, -0.508254, -0.137705
0.392033, 0.958756, -0.512130, -0.033016
0.392115, 0.386842, 0.326484, 0.321926
0.392873, 0.554526, 0.328998, 0.467666
0.393360, 0.916389, -0.510421, -0.066904
0.393565, 0.871718, -0.508841, -0.102473
0.393637, 0.682449, -0.498030, -0.251327
0.393793, 0.653018, -0.470520, -0.249384
0.394154, 0.737283, -0.501324, -0.208215
0.395696, 0.337219, 0.333020, 0.282054
0.396570, 0.627385, -0.550702, -0.353875
0.396750, 0.000000, 0.347489, 0.000000
0.397559, 0.039791, 0.347870, 0.034043
0.398079, 0.762784, -0.499729, -0.188375
0.398150, 0.078802, 0.347655, 0.067308
0.398587, 0.786426, -0.500965, -0.170056
0.398646, 0.483613, 0.323414, 0.396748
0.398939, 0.413466, 0.329777, 0.342395
0.400391, 0.131087, 0.347812, 0.111538
0.400638, 0.154365, 0.347233, 0.131170
0.403099, 0.509149, 0.324245, 0.415586
0.403290, 0.291794, 0.342245, 0.244886
0.403685, 0.849858, -0.500461, -0.120257
0.404135, 0.359687, 0.338008, 0.299363
0.404294, 0.248611, 0.345873, 0.209598
0.404633, 0.601435, -0.143756, 0.019915
0.404716, 0.178907, 0.349528, 0.151609
0.405592, 0.979487, -0.501925, -0.016499
0.406279, 0.937824, -0.500941, -0.049989
0.406695, 0.438554, 0.333747, 0.361342
0.406736, 0.204823, 0.349827, 0.173063
0.406881, 0.575968, 0.399057, 0.542487
0.407157, 0.894621, -0.499233, -0.084639
0.407704, 0.103470, 0.354506, 0.087965
0.408625, 0.806147, -0.494335, -0.155037
0.409167, 0.534553, 0.324480, 0.432045
0.410522, 0.227953, 0.351688, 0.192054
0.411212, 0.020164, 0.358895, 0.017182
0.412107, 0.060089, 0.359184, 0.051146
0.412373, 0.314872, 0.347937, 0.262975
0.413063, 0.723445, -0.485840, -0.220064
0.413091, 0.697372, -0.484294, -0.240947
0.413363, 0.669127, -0.475313, -0.256289
0.413882, 0.463622, 0.336999, 0.379959
0.414439, 0.379464, 0.344678, 0.314322
0.416851, 0.643221, -0.493927, -0.299983
0.417679, 0.750760, -0.484296, -0.199196
0.417962, 0.269418, 0.355354, 0.225748
0.418575, 0.828036, -0.487942, -0.138203
0.418627, 0.401067, 0.346268, 0.331049
0.419545, 1.000000, -0.491247, 0.000000
0.419624, 0.873308, -0.488935, -0.102073
0.419693, 0.958879, -0.490927, -0.033218
0.419695, 0.558476, 0.328148, 0.445148
0.420174, 0.617057, -0.400149, -0.232018
0.420175, 0.916550, -0.489879, -0.067363
0.420730, 0.338639, 0.352821, 0.281436
0.421539, 0.778901, -0.483007, -0.177258
0.421580, 0.489463, 0.340834, 0.399362
0.422462, 0.120582, 0.365736, 0.101973
0.423813, 0.083415, 0.367886, 0.070638
0.424497, 0.143360, 0.366565, 0.121002
0.424668, 0.000000, 0.369643, 0.000000
0.425702, 0.040764, 0.370242, 0.034568
0.425819, 0.423446, 0.349971, 0.347926
0.425876, 0.166133, 0.366859, 0.140002
0.426602, 0.514790, 0.346015, 0.421889
0.427800, 0.851461, -0.481931, -0.119896
0.428126, 0.190974, 0.367592, 0.160570
0.428153, 0.587694, -0.484791, -0.350638
0.429152, 0.293717, 0.362410, 0.244611
0.430982, 0.360878, 0.359141, 0.298311
0.431577, 0.216037, 0.369127, 0.181141
0.431652, 0.242943, 0.367784, 0.203271
0.432227, 0.802884, -0.476334, -0.158889
0.432702, 0.446688, 0.353148, 0.365248
0.433550, 0.979458, -0.480414, -0.016671
0.433556, 0.938072, -0.479981, -0.050230
0.433657, 0.683302, -0.465520, -0.251313
0.433725, 0.895194, -0.478860, -0.084903
0.433996, 0.539788, 0.382075, 0.472512
0.435092, 0.710533, -0.468249, -0.231972
0.436186, 0.734697, -0.469160, -0.212992
0.437268, 0.658885, -0.466669, -0.276427
0.437322, 0.319035, 0.367129, 0.264434
0.437507, 0.102819, 0.378305, 0.086657
0.438655, 0.063350, 0.380136, 0.053456
0.438950, 0.470643, 0.355580, 0.382920
0.439008, 0.020725, 0.380925, 0.017508
0.439481, 0.384640, 0.363934, 0.316424
0.439514, 0.632871, -0.444669, -0.278779
0.440008, 0.761659, -0.468012, -0.192035
0.440731, 0.265616, 0.373460, 0.221146
0.440765, 0.606329, -0.458760, -0.317187
0.441582, 0.567788, -0.258446, -0.152754
0.442878, 0.825394, -0.469239, -0.141410
0.445284, 0.495495, 0.358702, 0.401931
0.445542, 0.407403, 0.366664, 0.333671
0.446328, 0.873502, -0.468411, -0.102788
0.446946, 0.126384, 0.385105, 0.106100
0.447114, 0.342634, 0.373094, 0.282546
0.447139, 0.917247, -0.469105, -0.067377
0.447442, 1.000000, -0.469733, 0.000000
0.447472, 0.958818, -0.469498, -0.033561
0.448419, 0.846593, -0.465513, -0.124530
0.448616, 0.784714, -0.462824, -0.174247
0.448726, 0.149697, 0.385551, 0.125410
0.449473, 0.173867, 0.385205, 0.145428
0.450455, 0.520011, 0.366320, 0.425960
0.450920, 0.285709, 0.380235, 0.236780
0.451938, 0.198658, 0.386063, 0.165788
0.452131, 0.000000, 0.391372, 0.000000
0.452217, 0.084526, 0.390381, 0.070972
0.452472, 0.430068, 0.369942, 0.350593
0.452491, 0.042744, 0.391382, 0.035939
0.453738, 0.696010, -0.452190, -0.244031
0.453797, 0.224158, 0.386223, 0.186613
0.456359, 0.545865, -0.179966, -0.105311
0.456580, 0.307258, 0.383126, 0.253653
0.456628, 0.366730, 0.378635, 0.300841
0.458169, 0.744230, -0.452855, -0.206907
0.458219, 0.590570, -0.430705, -0.317002
0.458564, 0.246783, 0.388684, 0.204791
0.458570, 0.453223, 0.372509, 0.367906
0.459319, 0.646504, -0.440986, -0.280053
0.459334, 0.672509, -0.447834, -0.264448
0.459429, 0.808224, -0.455563, -0.155939
0.460133, 0.896278, -0.458504, -0.084733
0.460217, 0.721177, -0.449723, -0.225280
0.460669, 0.618871, -0.443372, -0.307492
0.461212, 0.938129, -0.458582, -0.050620
0.461451, 0.979337, -0.458840, -0.016917
0.463791, 0.477226, 0.374998, 0.386572
0.464431, 0.107739, 0.399512, 0.090063
0.465147, 0.390484, 0.383272, 0.318743
0.465455, 0.328922, 0.388510, 0.270299
0.465654, 0.569522, -0.418653, -0.329536
0.465822, 0.021336, 0.402052, 0.017871
0.465934, 0.064714, 0.401663, 0.054159
0.466409, 0.857546, -0.452044, -0.116342
0.466828, 0.765825, -0.447573, -0.190292
0.468408, 0.268625, 0.395063, 0.221875
0.469548, 0.501732, 0.386042, 0.413646
0.470764, 0.831745, -0.447827, -0.137466
0.471495, 0.131629, 0.404416, 0.109696
0.471750, 0.155829, 0.403476, 0.129621
0.472319, 0.413284, 0.386687, 0.335729
0.472748, 0.180660, 0.403239, 0.150018
0.473540, 0.526621, -0.136821, -0.092641
0.474218, 0.351407, 0.393516, 0.287350
0.474609, 0.917343, -0.447788, -0.067872
0.474923, 0.788440, -0.442761, -0.172684
0.474940, 0.878391, -0.446272, -0.099680
0.475044, 0.205910, 0.403839, 0.170583
0.475218, 1.000000, -0.448205, 0.000000
0.475346, 0.958593, -0.447883, -0.034039
0.475384, 0.698689, -0.435997, -0.243800
0.476837, 0.291992, 0.400171, 0.240124
0.478590, 0.088368, 0.411144, 0.073616
0.478801, 0.436016, 0.389666, 0.352784
0.479001, 0.042978, 0.412220, 0.035841
0.479179, 0.000000, 0.412650, 0.000000
0.479363, 0.229091, 0.406038, 0.189248
0.479869, 0.603800, -0.422924, -0.316177
0.480166, 0.631953, -0.428093, -0.297424
0.480982, 0.551604, -0.408458, -0.347857
0.481618, 0.656525, -0.427384, -0.276692
0.481937, 0.742267, -0.434329, -0.209956
0.483381, 0.374542, 0.398635, 0.304668
0.483477, 0.679199, -0.428668, -0.260039
0.483741, 0.459888, 0.392958, 0.372431
0.484205, 0.314411, 0.404169, 0.257376
0.485437, 0.719022, -0.429977, -0.228620
0.485764, 0.810593, -0.435357, -0.155295
0.485933, 0.251645, 0.409790, 0.207087
0.486933, 0.579153, -0.415940, -0.336600
0.488332, 0.854322, -0.434941, -0.119771
0.488459, 0.483910, 0.401534, 0.397635
0.488887, 0.898045, -0.436087, -0.084010
0.489045, 0.937779, -0.436936, -0.051345
0.489233, 0.979082, -0.437251, -0.017273
0.491153, 0.113124, 0.420084, 0.093736
0.491441, 0.065395, 0.421633, 0.054294
0.491729, 0.767242, -0.428489, -0.190647
0.492078, 0.397239, 0.403226, 0.321435
0.492573, 0.021652, 0.423050, 0.017988
0.493070, 0.336711, 0.409343, 0.274323
0.493515, 0.508638, -0.164141, -0.151546
0.494316, 0.163233, 0.420787, 0.134800
0.494567, 0.275235, 0.415041, 0.225492
0.495127, 0.138780, 0.422688, 0.114804
0.495711, 0.188696, 0.420750, 0.155526
0.496890, 0.532865, -0.381411, -0.350579
0.497483, 0.832811, -0.427234, -0.137749
0.499466, 0.419246, 0.406603, 0.337501
0.499693, 0.621689, -0.411077, -0.305847
0.500567, 0.211647, 0.423466, 0.173945
0.500829, 0.788578, -0.422635, -0.173927
0.501232, 0.359036, 0.413599, 0.290982
0.501391, 0.876186, -0.425742, -0.102341
0.502380, 0.697784, -0.415446, -0.246719
0.502774, 1.000000, -0.426754, 0.000000
0.502924, 0.087909, 0.430046, 0.072659
0.503140, 0.917715, -0.425498, -0.068150
0.503155, 0.559464, -0.401368, -0.352910
0.503174, 0.298734, 0.420145, 0.243639
0.503180, 0.958013, -0.426191, -0.034812
0.503810, 0.646907, -0.410494, -0.287031
0.504011, 0.443323, 0.409595, 0.357434
0.504024, 0.595787, -0.405517, -0.326422
0.505316, 0.044017, 0.432820, 0.036412
0.505475, 0.234701, 0.426049, 0.192306
0.505703, 0.671300, -0.410809, -0.267815
0.506045, 0.000000, 0.433697, 0.000000
0.506140, 0.748970, -0.416001, -0.206099
0.506873, 0.725887, -0.413822, -0.224586
0.508855, 0.467399, 0.429112, 0.393642
0.510901, 0.381955, 0.418853, 0.307767
0.511274, 0.321385, 0.424516, 0.260801
0.511661, 0.812739, -0.415256, -0.154758
0.511905, 0.258216, 0.429513, 0.210734
0.512695, 0.491667, -0.127547, -0.145090
0.513181, 0.853991, -0.415677, -0.120972
0.515643, 0.107662, 0.439453, 0.088586
0.516265, 0.896514, -0.414735, -0.086000
0.516640, 0.174040, 0.437683, 0.142665
0.516696, 0.978970, -0.415808, -0.017516
0.517344, 0.576906, -0.393397, -0.342051
0.517354, 0.937073, -0.414781, -0.052375
0.517628, 0.066943, 0.442078, 0.055137
0.517696, 0.128821, 0.440595, 0.105868
0.517958, 0.516451, -0.372225, -0.373519
0.518850, 0.021846, 0.443556, 0.018001
0.519018, 0.539974, -0.385035, -0.367007
0.519357, 0.152168, 0.441126, 0.124882
0.520438, 0.402503, 0.422798, 0.321329
0.520538, 0.768109, -0.406018, -0.191534
0.520573, 0.282410, 0.434644, 0.229427
0.520682, 0.343768, 0.430073, 0.277681
0.520828, 0.612745, -0.394214, -0.314878
0.522242, 0.194726, 0.441241, 0.159197
0.523212, 0.710316, -0.400254, -0.238255
0.524295, 0.793404, -0.404395, -0.171152
0.524398, 0.427312, 0.422594, 0.339251
0.524548, 0.636019, -0.393445, -0.297098
0.525067, 0.832349, -0.405565, -0.139243
0.526061, 0.217570, 0.443060, 0.177408
0.526387, 0.684120, -0.395941, -0.259373
0.527564, 0.366341, 0.432695, 0.293978
0.528355, 0.875476, -0.404505, -0.103746
0.528811, 0.659953, -0.392245, -0.278756
0.529122, 0.451888, 0.436294, 0.370739
0.529234, 0.740402, -0.397314, -0.214354
0.529972, 0.305954, 0.440276, 0.247367
0.530172, 1.000000, -0.405303, 0.000000
0.530444, 0.089582, 0.451547, 0.073447
0.530663, 0.957938, -0.404674, -0.035174
0.530966, 0.240928, 0.445436, 0.195803
0.531025, 0.044225, 0.452819, 0.036291
0.531138, 0.915136, -0.403544, -0.070889
0.531803, 0.557072, -0.379792, -0.358016
0.532864, 0.000000, 0.454628, 0.000000
0.533407, 0.594211, -0.382797, -0.330313
0.533546, 0.477032, -0.208922, -0.256266
0.536373, 0.502298, -0.357243, -0.386505
0.536981, 0.264781, 0.448334, 0.214291
0.538230, 0.854778, -0.396083, -0.121239
0.538303, 0.328356, 0.444440, 0.263894
0.540596, 0.812735, -0.392394, -0.156035
0.540983, 0.171192, 0.457240, 0.139460
0.541217, 0.115604, 0.459148, 0.094362
0.541218, 0.384591, 0.440353, 0.305607
0.541692, 0.142733, 0.458781, 0.116383
0.541775, 0.529978, -0.369527, -0.379684
0.542970, 0.719541, -0.385249, -0.232060
0.543223, 0.066545, 0.461967, 0.054378
0.543728, 0.783684, -0.388613, -0.180086
0.544058, 0.978916, -0.394326, -0.017710
0.544319, 0.936346, -0.393645, -0.053431
0.544386, 0.618937, -0.376615, -0.312143
0.544405, 0.410914, 0.430176, 0.315788
0.544478, 0.892248, -0.392466, -0.090298
0.545017, 0.022048, 0.463858, 0.018019
0.545762, 0.694540, -0.381490, -0.252417
0.545839, 0.760093, -0.385814, -0.199532
0.545875, 0.197843, 0.459427, 0.160577
0.546600, 0.288838, 0.454047, 0.232587
0.546711, 0.575193, -0.370759, -0.346160
0.547346, 0.354449, 0.450844, 0.285070
0.549131, 0.643531, -0.375111, -0.293312
0.549332, 0.435896, 0.419851, 0.323971
0.550642, 0.223315, 0.461641, 0.180633
0.551303, 0.837249, -0.384991, -0.136245
0.552587, 0.668790, -0.374526, -0.273658
0.553357, 0.461337, -0.222760, -0.299919
0.554055, 0.089925, 0.469727, 0.073161
0.555678, 0.551427, -0.361925, -0.365593
0.555760, 0.248068, 0.463952, 0.199911
0.556518, 0.737666, -0.375725, -0.218241
0.556976, 0.044611, 0.472936, 0.036315
0.557066, 0.868024, -0.381500, -0.110832
0.557425, 0.914124, -0.382886, -0.072329
0.557435, 1.000000, -0.383855, 0.000000
0.557731, 0.957538, -0.383381, -0.035811
0.557736, 0.486851, -0.342703, -0.403559
0.557838, 0.308530, 0.461295, 0.247222
0.558102, 0.510995, -0.353889, -0.394436
0.558563, 0.598652, -0.363932, -0.329248
0.559743, 0.000000, 0.475494, 0.000000
0.560899, 0.332652, 0.460718, 0.264827
0.561542, 0.272798, 0.466468, 0.218882
0.561956, 0.799543, -0.375057, -0.167970
0.562817, 0.158400, 0.474440, 0.128199
0.564514, 0.132351, 0.476693, 0.107177
0.564544, 0.397143, 0.448129, 0.304531
0.564586, 0.371444, 0.466599, 0.300984
0.565526, 0.183873, 0.475391, 0.148481
0.565863, 0.110205, 0.478304, 0.089277
0.566332, 0.711527, -0.366373, -0.240085
0.567765, 0.623703, -0.358914, -0.310428
0.567923, 0.820497, -0.371258, -0.150873
0.568450, 0.687607, -0.363157, -0.259570
0.568473, 0.776947, -0.368644, -0.186880
0.568764, 0.068015, 0.481703, 0.055133
0.569613, 0.530004, -0.348655, -0.382792
0.569851, 0.891336, -0.372505, -0.091800
0.569856, 0.421279, 0.326166, 0.202530
0.570513, 0.209477, 0.477722, 0.168563
0.570903, 0.022036, 0.483796, 0.017861
0.570917, 0.935701, -0.372665, -0.054425
0.570931, 0.576434, -0.352493, -0.347724
0.571167, 0.978812, -0.372961, -0.017953
0.572583, 0.649297, -0.357203, -0.290584
0.572820, 0.754275, -0.363836, -0.205665
0.573445, 0.447111, -0.328612, -0.435077
0.573559, 0.846934, -0.367973, -0.129111
0.575279, 0.348631, 0.468928, 0.274543
0.575498, 0.234946, 0.479950, 0.188361
0.576842, 0.473882, -0.332518, -0.420924
0.576906, 0.291101, 0.477222, 0.232208
0.579125, 0.554298, -0.344034, -0.365478
0.579845, 0.261122, 0.481530, 0.208610
0.580706, 0.728253, -0.356126, -0.227468
0.580760, 0.502728, -0.337284, -0.404522
0.580808, 0.090770, 0.490416, 0.073248
0.581500, 0.318895, 0.478460, 0.253540
0.582126, 0.671044, -0.351324, -0.273942
0.582181, 0.045095, 0.492331, 0.036411
0.582444, 0.601598, -0.345723, -0.329112
0.583116, 0.870148, -0.361345, -0.110045
0.583519, 0.913429, -0.362234, -0.073512
0.584488, 0.957377, -0.362247, -0.036258
0.584542, 1.000000, -0.362446, 0.000000
0.585216, 0.144735, 0.491918, 0.116333
0.585934, 0.385724, 0.503101, 0.332059
0.586542, 0.170900, 0.491962, 0.137148
0.586920, 0.000000, 0.496520, 0.000000
0.587402, 0.798408, -0.354758, -0.170137
0.589762, 0.116787, 0.496625, 0.093889
0.589982, 0.699428, -0.346894, -0.251485
0.590021, 0.824804, -0.353997, -0.148310
0.590441, 0.628287, -0.341578, -0.308693
0.590489, 0.196152, 0.493722, 0.156963
0.591626, 0.406912, -0.012514, -0.165628
0.592312, 0.529422, -0.331622, -0.385930
0.592768, 0.773279, -0.349098, -0.191187
0.593449, 0.365837, 0.470085, 0.275436
0.593853, 0.431438, -0.344354, -0.483290
0.594337, 0.067951, 0.501387, 0.054633
0.595289, 0.579612, -0.333805, -0.347381
0.595401, 0.221323, 0.495960, 0.176479
0.596211, 0.022269, 0.503120, 0.017898
0.596258, 0.748168, -0.344864, -0.212050
0.596455, 0.891672, -0.351309, -0.092253
0.596669, 0.457263, -0.322961, -0.442600
0.597207, 0.935726, -0.351840, -0.054868
0.598001, 0.341325, 0.502351, 0.282796
0.598182, 0.978589, -0.351585, -0.018302
0.598395, 0.483636, -0.322162, -0.420961
0.598865, 0.651292, -0.336707, -0.291044
0.599101, 0.849684, -0.347734, -0.127798
0.599316, 0.273960, 0.495298, 0.217207
0.599431, 0.246787, 0.497351, 0.196068
0.600352, 0.554814, -0.327580, -0.366956
0.600428, 0.297908, 0.494353, 0.235739
0.602343, 0.721248, -0.338548, -0.234593
0.604550, 0.091539, 0.508477, 0.073272
0.604786, 0.510097, -0.320160, -0.401846
0.605306, 0.607834, -0.328226, -0.326029
0.605416, 0.677278, -0.333344, -0.270615
0.605682, 0.319872, 0.489126, 0.244970
0.607028, 0.135608, 0.508792, 0.108246
0.607446, 0.045824, 0.511631, 0.036694
0.608104, 0.160820, 0.508681, 0.128176
0.609657, 0.914401, -0.341447, -0.073297
0.609882, 0.869654, -0.340025, -0.111382
0.611189, 0.809097, -0.336376, -0.162419
0.611352, 0.956924, -0.340927, -0.036969
0.611441, 1.000000, -0.341135, 0.000000
0.611488, 0.185268, 0.510165, 0.147295
0.612333, 0.386513, 0.029887, -0.157718
0.613669, 0.786663, -0.333179, -0.181224
0.613933, 0.832889, -0.335075, -0.142500
0.614432, 0.000000, 0.517621, 0.000000
0.614921, 0.413327, -0.285393, -0.457845
0.615896, 0.111005, 0.516454, 0.088451
0.615934, 0.209662, 0.512195, 0.166169
0.615951, 0.699441, -0.326321, -0.253285
0.616073, 0.630719, -0.321492, -0.308737
0.616850, 0.439389, -0.304637, -0.457005
0.617031, 0.537665, -0.313183, -0.381808
0.617298, 0.359910, 0.600138, 0.381259
0.617701, 0.589126, -0.316922, -0.341719
0.617824, 0.763745, -0.328526, -0.200439
0.619352, 0.740887, -0.326000, -0.219427
0.619790, 0.464928, -0.304629, -0.437832
0.619947, 0.069944, 0.520909, 0.055752
0.620321, 0.234344, 0.513972, 0.185056
0.620345, 0.022632, 0.521474, 0.018042
0.620364, 0.565682, -0.312790, -0.360143
0.620906, 0.489472, -0.305858, -0.419125
0.621521, 0.260260, 0.512713, 0.204725
0.622077, 0.893355, -0.330869, -0.091568
0.622390, 0.657392, -0.318391, -0.287834
0.623276, 0.285240, 0.512815, 0.224545
0.624151, 0.935155, -0.330365, -0.055846
0.624439, 0.335966, 0.460640, 0.215317
0.624995, 0.978270, -0.330301, -0.018747
0.626661, 0.309379, 0.517234, 0.246587
0.627537, 0.515337, -0.303054, -0.399935
0.627969, 0.721016, -0.317989, -0.236380
0.629835, 0.849559, -0.322835, -0.128997
0.630038, 0.151565, 0.525566, 0.119928
0.630795, 0.128902, 0.527121, 0.102102
0.631783, 0.048435, 0.529955, 0.038459
0.632164, 0.091079, 0.529540, 0.072235
0.632191, 0.680227, -0.312034, -0.269992
0.632630, 0.610049, -0.306775, -0.326436
0.633150, 0.175457, 0.527070, 0.138533
0.633609, 0.872314, -0.320890, -0.109888
0.634998, 0.821878, -0.317833, -0.152802
0.635526, 0.398545, -0.279540, -0.481829
0.636557, 0.797640, -0.315279, -0.173206
0.636765, 0.913109, -0.319729, -0.075060
0.636941, 0.373003, -0.222014, -0.441860
0.637123, 0.199217, 0.528740, 0.156805
0.638075, 1.000000, -0.319967, 0.000000
0.638112, 0.956248, -0.319616, -0.037898
0.638306, 0.424754, -0.285208, -0.468318
0.638445, 0.638978, -0.304175, -0.303713
0.639811, 0.773752, -0.311386, -0.193353
0.640154, 0.555824, -0.296535, -0.369616
0.640804, 0.448812, -0.286662, -0.451675
0.641122, 0.584080, -0.297817, -0.347341
0.641632, 0.025280, 0.537744, 0.020021
0.641748, 0.222844, 0.530941, 0.174953
0.642132, 0.534212, -0.293173, -0.386521
0.642140, 0.748689, -0.307916, -0.214195
0.642292, 0.000000, 0.538597, 0.000000
0.643092, 0.701589, -0.304499, -0.253179
0.643406, 0.498018, -0.289088, -0.414462
0.643635, 0.474453, -0.286919, -0.432580
0.643942, 0.247998, 0.530445, 0.193717
0.644084, 0.349481, 0.272399, 0.028354
0.645155, 0.110977, 0.538749, 0.087564
0.645577, 0.272487, 0.528623, 0.211328
0.647604, 0.071203, 0.541898, 0.056218
0.647733, 0.323820, 0.526226, 0.251036
0.647881, 0.297301, 0.536262, 0.238258
0.648971, 0.663131, -0.297373, -0.284980
0.649349, 0.890390, -0.308841, -0.094927
0.649868, 0.726236, -0.300498, -0.233334
0.650754, 0.933655, -0.309089, -0.057668
0.651488, 0.977968, -0.309193, -0.019191
0.653104, 0.621451, -0.291063, -0.318669
0.653307, 0.837765, -0.303951, -0.140234
0.653651, 0.160831, 0.542894, 0.126131
0.653794, 0.136963, 0.544348, 0.107591
0.655265, 0.863834, -0.303166, -0.117953
0.656204, 0.049434, 0.548373, 0.038920
0.656837, 0.516582, -0.280084, -0.401232
0.657507, 0.384188, -0.260078, -0.492897
0.658157, 0.186630, 0.545181, 0.145877
0.658338, 0.411552, -0.269268, -0.480581
0.658655, 0.811731, -0.298177, -0.162477
0.659495, 0.568174, -0.282232, -0.361566
0.659955, 0.598956, -0.284062, -0.337177
0.660475, 0.685846, -0.289507, -0.267233
0.660614, 0.092449, 0.551132, 0.072602
0.661824, 0.787081, -0.294342, -0.183417
0.662592, 0.022956, 0.553882, 0.018051
0.662927, 0.909845, -0.298651, -0.078577
0.662975, 0.460935, -0.270804, -0.444634
0.663368, 0.210017, 0.547793, 0.163588
0.664015, 0.762080, -0.291339, -0.204578
0.664269, 0.955450, -0.298707, -0.038967
0.664350, 0.435714, -0.267446, -0.463682
0.664392, 0.645136, -0.283592, -0.300434
0.664445, 1.000000, -0.298926, 0.000000
0.664890, 0.360780, -0.252433, -0.511199
0.665713, 0.235436, 0.548574, 0.183740
0.666021, 0.541891, -0.274855, -0.382377
0.666204, 0.490628, -0.270759, -0.422176
0.668571, 0.710290, -0.284376, -0.247637
0.668717, 0.260332, 0.546621, 0.199949
0.668887, 0.738261, -0.285784, -0.224538
0.669149, 0.337062, -0.060006, -0.335655
0.669508, 0.118708, 0.556881, 0.092822
0.669649, 0.284337, 0.542294, 0.216098
0.669794, 0.310428, 0.573832, 0.271785
0.670197, 0.000000, 0.559086, 0.000000
0.673256, 0.883033, -0.289537, -0.102166
0.674570, 0.851470, -0.287246, -0.129427
0.675673, 0.170391, 0.558851, 0.132476
0.675723, 0.072259, 0.562997, 0.056475
0.676086, 0.668609, -0.275731, -0.282291
0.676101, 0.932051, -0.288738, -0.059625
0.676513, 0.622291, -0.272334, -0.319717
0.676790, 0.396875, -0.253486, -0.492745
0.676935, 0.583405, -0.269130, -0.350489
0.677119, 0.145862, 0.561181, 0.113487
0.677587, 0.977628, -0.288317, -0.019688
0.677603, 0.045830, 0.564484, 0.035797
0.678404, 0.826583, -0.282929, -0.150861
0.678831, 0.516183, -0.262911, -0.403612
0.681790, 0.472509, -0.257027, -0.437179
0.683335, 0.801357, -0.277627, -0.172541
0.683957, 0.559940, -0.261993, -0.369730
0.684249, 0.373192, -0.246635, -0.511991
0.684815, 0.195070, 0.564128, 0.150609
0.684826, 0.099337, 0.569019, 0.077291
0.685205, 0.419843, -0.249957, -0.477333
0.685876, 0.775219, -0.274354, -0.194884
0.686519, 0.907344, -0.279693, -0.081501
0.686576, 0.019419, 0.571663, 0.015120
0.686668, 0.221463, 0.564632, 0.171245
0.686694, 0.693939, -0.268802, -0.262415
0.687540, 0.448328, -0.250776, -0.456405
0.688849, 0.603351, -0.260823, -0.335373
0.688910, 0.645329, -0.263873, -0.302097
0.689243, 0.723382, -0.268335, -0.238146
0.689510, 0.750460, -0.269759, -0.215695
0.689789, 0.954669, -0.278228, -0.040057
0.690066, 0.247318, 0.570168, 0.195896
0.690553, 1.000000, -0.278027, 0.000000
0.690884, 0.323487, -0.188036, -0.493430
0.691278, 0.865503, -0.274123, -0.117977
0.691822, 0.296144, 0.545946, 0.218451
0.691969, 0.494885, -0.250753, -0.420770
0.692088, 0.537074, -0.253962, -0.388406
0.692538, 0.349000, -0.228842, -0.520267
0.693107, 0.125764, 0.574094, 0.097415
0.693957, 0.272702, 0.556621, 0.199913
0.697108, 0.170554, 0.574894, 0.131585
0.699210, 0.061468, 0.580523, 0.047603
0.699438, 0.395494, -0.237239, -0.496950
0.699594, 0.000000, 0.581081, 0.000000
0.699596, 0.841149, -0.266266, -0.139369
0.699883, 0.037794, 0.581299, 0.029277
0.699951, 0.668027, -0.256309, -0.284412
0.700112, 0.886403, -0.267872, -0.100212
0.700650, 0.931100, -0.268970, -0.061066
0.701489, 0.149854, 0.579137, 0.115400
0.701872, 0.580640, -0.248982, -0.354599
0.702350, 0.085425, 0.582451, 0.066041
0.702899, 0.624917, -0.250884, -0.319130
0.703325, 0.977333, -0.267648, -0.020168
0.703850, 0.817398, -0.261706, -0.159986
0.704625, 0.432437, -0.236055, -0.469413
0.704633, 0.470911, -0.239109, -0.440397
0.705249, 0.515305, -0.241729, -0.405997
0.706196, 0.789868, -0.258526, -0.183685
0.707906, 0.208656, 0.579230, 0.158542
0.708451, 0.711918, -0.251985, -0.248899
0.708637, 0.371081, -0.227057, -0.514661
0.708886, 0.558413, -0.241845, -0.372664
0.710218, 0.688054, -0.248966, -0.268529
0.710458, 0.111101, 0.587588, 0.085510
0.710673, 0.233471, 0.587961, 0.185675
0.711058, 0.764167, -0.252924, -0.205550
0.711196, 0.306651, -0.283720, -0.624597
0.711501, 0.186888, 0.585872, 0.144513
0.711947, 0.738872, -0.250617, -0.226674
0.712157, 0.908850, -0.258874, -0.080968
0.714421, 0.259585, 0.616354, 0.235396
0.714627, 0.412138, -0.226887, -0.485768
0.714780, 0.601743, -0.239927, -0.338736
0.714948, 0.330274, -0.234835, -0.561266
0.714959, 0.647525, -0.242482, -0.301726
0.715012, 0.954358, -0.257899, -0.040777
0.715555, 0.018916, 0.593453, 0.014574
0.715575, 0.861492, -0.254139, -0.122536
0.716467, 1.000000, -0.257211, 0.000000
0.716902, 0.452084, -0.227976, -0.455430
0.717675, 0.492175, -0.230356, -0.425044
0.718377, 0.536261, -0.232626, -0.390525
0.719293, 0.137114, 0.593136, 0.105145
0.719814, 0.351021, -0.222712, -0.536365
0.719884, 0.284934, -0.000774, -0.360066
0.722268, 0.043302, 0.598054, 0.033247
0.722745, 0.069595, 0.597768, 0.053377
0.724238, 0.884696, -0.248230, -0.102721
0.724550, 0.806352, -0.244221, -0.170639
0.724602, 0.165087, 0.594394, 0.124600
0.724803, 0.836634, -0.245470, -0.144568
0.724878, 0.388688, -0.216911, -0.503939
0.726087, 0.931777, -0.248339, -0.061126
0.727532, 0.670092, -0.233553, -0.284233
0.727672, 0.622350, -0.230654, -0.323029
0.727825, 0.095165, 0.600894, 0.072779
0.727830, 0.580101, -0.227803, -0.356602
0.728855, 0.000000, 0.603552, 0.000000
0.728964, 0.977534, -0.246963, -0.020235
0.730285, 0.779364, -0.237916, -0.193897
0.730663, 0.724034, -0.234378, -0.240273
0.730692, 0.513115, -0.221333, -0.409617
0.731112, 0.215565, 0.599162, 0.165857
0.731336, 0.432057, -0.215276, -0.471777
0.731472, 0.698105, -0.231953, -0.261528
0.731974, 0.471789, -0.217522, -0.441526
0.733413, 0.558392, -0.221854, -0.374041
0.733477, 0.242631, 0.645823, 0.236666
0.733978, 0.192498, 0.607468, 0.152576
0.734176, 0.310939, -0.185891, -0.544113
0.735611, 0.752529, -0.231929, -0.216788
0.735684, 0.121318, 0.605795, 0.092387
0.736625, 0.908222, -0.238939, -0.082397
0.737444, 0.365707, -0.206653, -0.523179
0.738468, 0.642886, -0.222931, -0.307031
0.739583, 0.267431, -0.058142, -0.447049
0.739947, 0.860809, -0.234190, -0.124344
0.740497, 0.955391, -0.237255, -0.040344
0.741010, 0.410615, -0.206246, -0.488817
0.741772, 0.600697, -0.217678, -0.341111
0.741868, 0.336001, -0.195733, -0.540461
0.742077, 0.023392, 0.612959, 0.017812
0.742176, 0.821279, -0.230157, -0.158627
0.742229, 0.052284, 0.612512, 0.039808
0.742496, 1.000000, -0.236171, 0.000000
0.742617, 0.148596, 0.609396, 0.112426
0.743239, 0.534385, -0.212523, -0.393717
0.745046, 0.492509, -0.208468, -0.426423
0.745193, 0.451181, -0.205700, -0.458215
0.746451, 0.078637, 0.614915, 0.059662
0.747653, 0.290544, -0.192144, -0.577364
0.748010, 0.884154, -0.228749, -0.104267
0.748648, 0.796489, -0.223545, -0.180357
0.748988, 0.389399, -0.198717, -0.505443
0.749732, 0.175354, 0.610554, 0.129279
0.750143, 0.661017, -0.214175, -0.292812
0.750689, 0.933003, -0.228329, -0.060750
0.751250, 0.684252, -0.214649, -0.273982
0.751639, 0.224893, 0.666705, 0.227804
0.751937, 0.732965, -0.216985, -0.233926
0.752309, 0.104883, 0.618557, 0.079438
0.753681, 0.842262, -0.221723, -0.141104
0.754004, 0.709136, -0.213867, -0.253804
0.754271, 0.622057, -0.208584, -0.324669
0.754580, 0.771324, -0.217291, -0.202209
0.754973, 0.579329, -0.205461, -0.358658
0.755194, 0.977830, -0.225686, -0.020244
0.755697, 0.000000, 0.622872, 0.000000
0.755958, 0.556294, -0.203412, -0.377094
0.757272, 0.513632, -0.199905, -0.410727
0.758332, 0.428684, -0.193960, -0.476442
0.758534, 0.248775, -0.101158, -0.519634
0.758588, 0.202113, 0.661321, 0.194889
0.758603, 0.354008, -0.188074, -0.531899
0.759084, 0.314622, -0.186559, -0.562680
0.759085, 0.472084, -0.195976, -0.443035
0.759921, 0.131180, 0.622739, 0.098513
0.760070, 0.910575, -0.219722, -0.081180
0.761920, 0.038615, 0.627247, 0.029147
0.764546, 0.375702, -0.185387, -0.516454
0.765264, 0.749166, -0.206673, -0.221115
0.765332, 0.062113, 0.629060, 0.046776
0.765711, 0.817664, -0.210378, -0.163133
0.766333, 0.271473, -0.184773, -0.600717
0.766354, 0.641882, -0.199664, -0.309355
0.766409, 0.955588, -0.216146, -0.040724
0.766694, 0.158237, 0.625401, 0.117423
0.768320, 0.863950, -0.210887, -0.123059
0.768729, 1.000000, -0.214849, 0.000000
0.768758, 0.405732, -0.184254, -0.494228
0.768782, 0.602016, -0.195455, -0.341524
0.769259, 0.535947, -0.191426, -0.393881
0.769926, 0.888519, -0.210562, -0.101300
0.769964, 0.088424, 0.631657, 0.066299
0.770969, 0.335883, -0.178761, -0.547721
0.771407, 0.450021, -0.184937, -0.460983
0.771547, 0.019615, 0.634470, 0.014767
0.772428, 0.493486, -0.186508, -0.427234
0.772549, 0.792660, -0.203311, -0.185070
0.772640, 0.668062, -0.195802, -0.288370
0.774656, 0.226560, 0.225433, -0.223176
0.774834, 0.694323, -0.195509, -0.267138
0.774972, 0.293726, -0.174623, -0.580683
0.775349, 0.183764, 0.644056, 0.149711
0.776020, 0.721525, -0.196121, -0.244895
0.776098, 0.932906, -0.207456, -0.061650
0.776977, 0.113100, 0.636453, 0.085037
0.778369, 0.561498, -0.185319, -0.374175
0.779164, 0.839364, -0.200425, -0.145193
0.780894, 0.769386, -0.194761, -0.205165
0.781744, 0.977602, -0.204059, -0.020783
0.781818, 0.584246, -0.183768, -0.356490
0.782501, 0.620985, -0.185156, -0.327216
0.783280, 0.516228, -0.178946, -0.410085
0.783366, 0.140892, 0.637494, 0.102967
0.783798, 0.386449, -0.171382, -0.509894
0.783940, 0.250477, -0.138527, -0.586282
0.784293, 0.000000, 0.643961, 0.000000
0.784435, 0.427425, -0.173317, -0.479059
0.785285, 0.471823, -0.175083, -0.445001
0.785286, 0.909519, -0.198780, -0.083169
0.785788, 0.360582, -0.168459, -0.529746
0.786368, 0.314986, -0.165569, -0.564077
0.786377, 0.069861, 0.644084, 0.052088
0.786728, 0.206525, 0.460393, -0.013783
0.787230, 0.043977, 0.645694, 0.032803
0.789204, 0.744677, -0.186328, -0.226432
0.789341, 0.647085, -0.180780, -0.306471
0.789432, 0.813778, -0.190241, -0.167968
0.791344, 0.882962, -0.192491, -0.107393
0.792201, 0.166019, 0.654897, 0.133627
0.792443, 0.954790, -0.194799, -0.042115
0.792969, 0.273350, -0.151299, -0.588711
0.793283, 0.542201, -0.172049, -0.390059
0.794120, 0.673918, -0.178141, -0.284882
0.794868, 1.000000, -0.193506, 0.000000
0.795028, 0.858972, -0.188243, -0.128979
0.795044, 0.093668, 0.649216, 0.069197
0.795756, 0.338010, -0.159362, -0.547123
0.796853, 0.406941, -0.162344, -0.495226
0.796964, 0.449151, -0.164549, -0.463198
0.797261, 0.700008, -0.176939, -0.263786
0.797768, 0.789005, -0.181638, -0.189634
0.798409, 0.122467, 0.652060, 0.091729
0.798500, 0.021641, 0.653922, 0.016056
0.798757, 0.494442, -0.165408, -0.428216
0.799598, 0.600352, -0.169783, -0.344466
0.800081, 0.722225, -0.175654, -0.245482
0.800257, 0.230229, -0.192949, -0.668110
0.801292, 0.930704, -0.186551, -0.064615
0.802492, 0.570103, -0.165846, -0.368510
0.802824, 0.294751, -0.149536, -0.577959
0.803621, 0.188766, 0.513757, 0.011840
0.804625, 0.834107, -0.178593, -0.151339
0.806001, 0.763821, -0.173154, -0.211447
0.806114, 0.627376, -0.165732, -0.323277
0.806522, 0.382500, -0.153434, -0.514244
0.806523, 0.518344, -0.160235, -0.409932
0.806692, 0.065448, 0.659173, 0.048366
0.808314, 0.976842, -0.182300, -0.021899
0.808395, 0.904492, -0.179371, -0.088930
0.808771, 0.147832, 0.657545, 0.109207
0.810404, 0.253959, -0.152587, -0.618893
0.810661, 0.472656, -0.154683, -0.445630
0.811434, 0.360165, -0.148388, -0.531281
0.811617, 0.000000, 0.663562, 0.000000
0.811660, 0.654938, -0.162342, -0.301176
0.812235, 0.426234, -0.151175, -0.481394
0.812809, 0.316305, -0.144489, -0.563855
0.814012, 0.042388, 0.664737, 0.031162
0.814182, 0.809037, -0.168813, -0.173549
0.814849, 0.878621, -0.172495, -0.112654
0.814862, 0.210602, -0.186052, -0.686278
0.815284, 0.544680, -0.154229, -0.389515
0.815553, 0.739126, -0.163360, -0.232339
0.815685, 0.682838, -0.160272, -0.278630
0.816284, 0.107283, 0.663309, 0.077789
0.817741, 0.952171, -0.173815, -0.045331
0.819498, 0.170617, 0.608798, 0.079774
0.819554, 0.085343, 0.666542, 0.061937
0.820168, 0.338002, -0.140339, -0.548276
0.820552, 1.000000, -0.172357, 0.000000
0.820790, 0.853549, -0.165974, -0.135345
0.820876, 0.448037, -0.145279, -0.465039
0.820976, 0.276914, -0.138786, -0.595802
0.822297, 0.587125, -0.150276, -0.356120
0.822362, 0.710672, -0.156054, -0.256268
0.822416, 0.783953, -0.160207, -0.195425
0.822992, 0.402583, -0.141530, -0.500102
0.823765, 0.129627, 0.682409, 0.108255
0.824830, 0.497307, -0.144321, -0.427175
0.824903, 0.925755, -0.166603, -0.070282
0.825024, 0.611160, -0.149093, -0.337134
0.826094, 0.021510, 0.673534, 0.015683
0.826749, 0.563482, -0.145554, -0.375138
0.826854, 0.233912, -0.133077, -0.628457
0.828261, 0.524378, -0.142604, -0.405930
0.829817, 0.636622, -0.146175, -0.316884
0.830232, 0.828357, -0.156192, -0.157928
0.831052, 0.299649, -0.130773, -0.578126
0.831112, 0.759357, -0.151145, -0.216432
0.831745, 0.377481, -0.133451, -0.519527
0.831922, 0.899185, -0.159162, -0.095102
0.831929, 0.061999, 0.677500, 0.045551
0.832692, 0.192125, -0.206558, -0.734559
0.834045, 0.662559, -0.143736, -0.296086
0.834124, 0.472176, -0.135616, -0.446814
0.834131, 0.973478, -0.161007, -0.025610
0.836412, 0.152052, 0.626276, 0.069433
0.837026, 0.687978, -0.142303, -0.275446
0.837238, 0.256905, -0.122937, -0.609025
0.837990, 0.352971, -0.127398, -0.538150
0.838329, 0.733668, -0.143534, -0.238175
0.838776, 0.872818, -0.151635, -0.119367
0.838828, 0.423140, -0.129885, -0.485255
0.838863, 0.000000, 0.682841, 0.000000
0.839207, 0.803338, -0.146806, -0.179976
0.840048, 0.324684, -0.124668, -0.559632
0.840848, 0.107202, 0.681516, 0.077480
0.841743, 0.946293, -0.153358, -0.051812
0.842078, 0.214317, -0.129354, -0.652001
0.842231, 0.447800, -0.128056, -0.465951
0.842256, 0.042529, 0.684940, 0.030847
0.842882, 0.083867, 0.681716, 0.058562
0.843777, 0.544029, -0.130564, -0.391013
0.844523, 1.000000, -0.152515, 0.000000
0.846086, 0.847162, -0.143603, -0.142587
0.847048, 0.514414, -0.126775, -0.414537
0.847055, 0.595756, -0.129950, -0.350443
0.847125, 0.172256, -0.206933, -0.760448
0.847506, 0.571506, -0.128554, -0.369567
0.847539, 0.711411, -0.134379, -0.256760
0.847553, 0.130549, 0.732629, 0.144129
0.847597, 0.778734, -0.137937, -0.201179
0.848020, 0.396769, -0.121435, -0.505566
0.848417, 0.919385, -0.146212, -0.077468
0.848623, 0.278202, -0.115433, -0.594138
0.850118, 0.619993, -0.128327, -0.331192
0.850690, 0.489351, -0.122828, -0.434211
0.853215, 0.020362, 0.692307, 0.014366
0.854060, 0.238619, -0.110119, -0.623820
0.854091, 0.644077, -0.125887, -0.311932
0.855494, 0.892330, -0.138341, -0.102847
0.855631, 0.753461, -0.129535, -0.222707
0.856078, 0.821706, -0.133166, -0.165314
0.856156, 0.300571, -0.110904, -0.578107
0.856990, 0.371001, -0.113307, -0.525449
0.857528, 0.667487, -0.123853, -0.293051
0.857565, 0.980656, -0.140718, -0.019063
0.859114, 0.066227, 0.697454, 0.049173
0.859874, 0.689804, -0.122676, -0.274814
0.859968, 0.464971, -0.114384, -0.453480
0.860689, 0.346178, -0.109381, -0.544012
0.861504, 0.195317, -0.096483, -0.649768
0.861896, 0.959903, -0.136707, -0.039531
0.862806, 0.438413, -0.111187, -0.474198
0.862916, 0.322249, -0.106659, -0.562061
0.862966, 0.865872, -0.129959, -0.127170
0.864377, 0.147441, -0.001910, -0.583418
0.864471, 0.729696, -0.120553, -0.242582
0.864509, 0.413805, -0.108947, -0.493181
0.864580, 0.093832, 0.686732, 0.054616
0.864968, 0.797434, -0.123755, -0.186429
0.865229, 0.531824, -0.112360, -0.401447
0.865914, 0.259125, -0.101781, -0.609183
0.866600, 0.000000, 0.702682, 0.000000
0.866834, 0.118591, 0.740632, 0.133374
0.866874, 0.219613, -0.096923, -0.635471
0.867324, 0.936365, -0.130866, -0.062527
0.867474, 0.041358, 0.703316, 0.030386
0.867733, 0.556622, -0.111136, -0.382097
0.869653, 0.171183, -0.066948, -0.643516
0.869847, 0.505383, -0.107691, -0.422397
0.870388, 0.582466, -0.109773, -0.361706
0.871115, 0.840075, -0.121001, -0.150432
0.871867, 1.000000, -0.128492, 0.000000
0.872011, 0.607045, -0.109258, -0.342242
0.872275, 0.910855, -0.124830, -0.086918
0.872382, 0.772510, -0.115804, -0.207740
0.873394, 0.387131, -0.100959, -0.513956
0.874619, 0.706767, -0.110636, -0.261679
0.875570, 0.631487, -0.107050, -0.322736
0.876260, 0.283885, -0.094992, -0.591437
0.877332, 0.481704, -0.100805, -0.441149
0.879282, 0.655818, -0.104691, -0.303215
0.879548, 0.884337, -0.116437, -0.111745
0.880910, 0.021089, 0.710166, 0.013585
0.881398, 0.747255, -0.106544, -0.228959
0.881892, 0.680464, -0.103301, -0.283321
0.882469, 0.060230, 0.715347, 0.046058
0.882967, 0.815058, -0.108754, -0.172527
0.882987, 0.360944, -0.092504, -0.534064
0.883180, 0.307216, -0.090541, -0.574364
0.883539, 0.333932, -0.091157, -0.554319
0.883993, 0.238088, -0.087072, -0.624748
0.884034, 0.977782, -0.117811, -0.022567
0.884157, 0.456123, -0.094485, -0.461259
0.885001, 0.082100, 0.718636, 0.063626
0.885247, 0.431919, -0.092884, -0.479865
0.887079, 0.209330, -0.084292, -0.646295
0.887473, 0.132363, -0.112356, -0.725385
0.887603, 0.858522, -0.107386, -0.135376
0.888133, 0.954370, -0.113512, -0.046155
0.888175, 0.521636, -0.093033, -0.410137
0.888351, 0.184911, -0.083361, -0.664508
0.888418, 0.405685, -0.089568, -0.500172
0.889039, 0.106301, 0.538410, -0.089716
0.889714, 0.157158, -0.093909, -0.696682
0.890326, 0.543765, -0.091837, -0.392704
0.890488, 0.264572, -0.083380, -0.606095
0.890648, 0.790837, -0.100508, -0.193384
0.890935, 0.723035, -0.097099, -0.249234
0.891632, 0.929136, -0.108787, -0.070959
0.891726, 0.568251, -0.091382, -0.373548
0.893826, 0.000000, 0.722082, 0.000000
0.894111, 0.593780, -0.090110, -0.353454
0.895467, 0.499512, -0.086438, -0.427855
0.895565, 0.903227, -0.103253, -0.095608
0.896084, 0.041746, 0.732411, 0.038954
0.896337, 0.834098, -0.097787, -0.157067
0.896757, 0.765312, -0.093747, -0.214767
0.896793, 0.619074, -0.088569, -0.333423
0.897790, 1.000000, -0.106128, 0.000000
0.898903, 0.381166, -0.080529, -0.519227
0.899014, 0.698146, -0.089075, -0.269718
0.900454, 0.644516, -0.086165, -0.313124
0.902063, 0.473917, -0.080378, -0.448002
0.902909, 0.670370, -0.084804, -0.292349
0.903950, 0.341863, -0.075450, -0.548953
0.904060, 0.291744, -0.073961, -0.586528
0.904074, 0.876980, -0.093564, -0.120117
0.906065, 0.423823, -0.075879, -0.486627
0.906076, 0.317278, -0.073141, -0.567702
0.907194, 0.739174, -0.083398, -0.236762
0.907446, 0.066320, 0.748035, 0.067593
0.908009, 0.221724, -0.068778, -0.638172
0.908303, 0.021864, 0.726708, 0.013637
0.909223, 0.245729, -0.068672, -0.620813
0.909335, 0.973592, -0.095579, -0.027787
0.909413, 0.447981, -0.073726, -0.467995
0.910210, 0.807475, -0.083742, -0.180554
0.910561, 0.090366, 0.309052, -0.345605
0.910840, 0.195801, -0.065852, -0.656906
0.910909, 0.169632, -0.065612, -0.676246
0.910921, 0.116991, -0.129303, -0.776016
0.911351, 0.142672, -0.074165, -0.705258
0.911796, 0.360885, -0.069762, -0.534664
0.912046, 0.946278, -0.091356, -0.055686
0.912115, 0.523603, -0.073222, -0.409295
0.913175, 0.551014, -0.073006, -0.388048
0.913241, 0.270300, -0.066322, -0.602673
0.913877, 0.855342, -0.082928, -0.139651
0.914007, 0.400595, -0.068968, -0.504759
0.914859, 0.577971, -0.072199, -0.366764
0.915080, 0.919639, -0.086393, -0.081667
0.915313, 0.781829, -0.077797, -0.201863
0.917032, 0.715786, -0.073871, -0.256167
0.917211, 0.496031, -0.068396, -0.430838
0.917496, 0.604723, -0.070563, -0.345526
0.918514, 0.830382, -0.077169, -0.161333
0.918611, 0.893746, -0.081054, -0.105925
0.920265, 0.756363, -0.072323, -0.223062
0.920448, 0.000000, 0.742741, 0.000000
0.920546, 0.631409, -0.068566, -0.324276
0.920907, 0.687902, -0.069636, -0.278791
0.921940, 0.046361, 0.808252, 0.100719
0.922011, 1.000000, -0.084479, 0.000000
0.923236, 0.658908, -0.066884, -0.302248
0.925736, 0.468729, -0.060883, -0.452493
0.927830, 0.379135, -0.057474, -0.521304
0.927843, 0.334684, -0.056590, -0.555075
0.927921, 0.425028, -0.058257, -0.486014
0.928945, 0.309093, -0.055211, -0.574416
0.932005, 0.285569, -0.052320, -0.591766
0.932291, 0.233166, -0.050937, -0.630401
0.932341, 0.208019, -0.050230, -0.648508
0.932477, 0.072390, 0.209934, -0.473514
0.932700, 0.100562, -0.081963, -0.758181
0.933226, 0.873172, -0.065908, -0.125439
0.933246, 0.154824, -0.047087, -0.685378
0.933281, 0.181426, -0.048618, -0.667347
0.933411, 0.022728, 0.770177, 0.050407
0.933481, 0.127808, -0.046829, -0.705222
0.933553, 0.956619, -0.071688, -0.046653
0.933604, 0.980178, -0.072699, -0.021708
0.934123, 0.258339, -0.050133, -0.611994
0.934556, 0.537186, -0.054810, -0.399182
0.935090, 0.734472, -0.058422, -0.241737
0.935468, 0.930351, -0.067751, -0.073017
0.935548, 0.791774, -0.059764, -0.194536
0.935701, 0.563524, -0.054299, -0.378496
0.935912, 0.512082, -0.053238, -0.418704
0.936293, 0.447862, -0.051889, -0.468683
0.936688, 0.816512, -0.059766, -0.174151
0.936868, 0.356155, -0.049894, -0.539068
0.937369, 0.845737, -0.060336, -0.149226
0.937685, 0.590212, -0.053078, -0.357417
0.937850, 0.902968, -0.063264, -0.098885
0.938551, 0.400596, -0.049292, -0.505121
0.938848, 0.705363, -0.054301, -0.265220
0.939062, 0.764726, -0.055629, -0.216881
0.939508, 0.486467, -0.049862, -0.438770
0.940187, 0.617352, -0.051407, -0.335876
0.941165, 0.675767, -0.051611, -0.289022
0.942137, 0.645520, -0.050216, -0.313388
0.946293, 0.045905, 0.575338, -0.139091
0.946582, 0.000000, 0.813049, 0.000000
0.949551, 1.000000, -0.057035, 0.000000
0.951394, 0.423620, -0.039306, -0.487676
0.951973, 0.325992, -0.037590, -0.562471
0.953980, 0.300131, -0.035656, -0.581681
0.954741, 0.377736, -0.036057, -0.523036
0.954906, 0.088508, -0.067648, -0.769660
0.955130, 0.273578, -0.034390, -0.601301
0.955227, 0.467551, -0.036706, -0.453765
0.955228, 0.194200, -0.033125, -0.659073
0.955300, 0.220408, -0.033473, -0.640201
0.955341, 0.114396, -0.033794, -0.717547
0.955571, 0.167527, -0.032505, -0.678131
0.955571, 0.140972, -0.032174, -0.696910
0.955658, 0.886034, -0.044843, -0.115446
0.955943, 0.246452, -0.033384, -0.621264
0.956012, 0.943411, -0.048028, -0.061682
0.956452, 0.971737, -0.049539, -0.032117
0.956623, 0.859363, -0.042600, -0.138641
0.956934, 0.747424, -0.039084, -0.231765
0.956988, 0.548911, -0.036178, -0.390359
0.957176, 0.064713, -0.040118, -0.756301
0.957292, 0.915272, -0.044770, -0.088865
0.957315, 0.830790, -0.040894, -0.162959
0.957618, 0.720106, -0.037936, -0.253847
0.957643, 0.522564, -0.035328, -0.410986
0.957940, 0.350625, -0.033188, -0.543571
0.958128, 0.575806, -0.035520, -0.369145
0.958361, 0.803122, -0.039083, -0.186063
0.958502, 0.776498, -0.038246, -0.207909
0.958607, 0.024143, 0.759675, 0.046275
0.959266, 0.496220, -0.033686, -0.431538
0.959511, 0.691224, -0.035779, -0.277070
0.959886, 0.603261, -0.034334, -0.347383
0.960225, 0.661484, -0.034733, -0.300872
0.960819, 0.443322, -0.031878, -0.472591
0.961131, 0.631646, -0.033588, -0.324775
0.962125, 0.402653, -0.030422, -0.503917
0.972154, 0.000000, 1.001369, 0.000000
0.974027, 1.000000, -0.031275, 0.000000
0.975577, 0.045739, -0.109019, -0.842974
0.976275, 0.313130, -0.018469, -0.572138
0.977286, 0.951897, -0.025736, -0.054205
0.977296, 0.287025, -0.017498, -0.591605
0.977382, 0.898160, -0.023461, -0.105658
0.977668, 0.099873, -0.014141, -0.724310
0.977678, 0.260395, -0.017013, -0.611266
0.977704, 0.180316, -0.016327, -0.669265
0.977706, 0.206890, -0.016571, -0.650244
0.977799, 0.126689, -0.015297, -0.706588
0.977847, 0.925588, -0.023957, -0.080329
0.977862, 0.153530, -0.015899, -0.688164
0.977899, 0.479043, -0.018201, -0.445362
0.977944, 0.366137, -0.017500, -0.532040
0.977950, 0.338238, -0.017335, -0.553244
0.977998, 0.233469, -0.016571, -0.630985
0.978068, 0.844097, -0.021346, -0.152447
0.978072, 0.871316, -0.021966, -0.129245
0.978409, 0.977288, -0.025499, -0.026582
0.978412, 0.760515, -0.019762, -0.221517
0.978698, 0.422802, -0.017219, -0.488666
0.978774, 0.732986, -0.019146, -0.243847
0.978863, 0.534687, -0.017704, -0.401730
0.978881, 0.561714, -0.017842, -0.380469
0.978882, 0.816544, -0.020070, -0.175443
0.979077, 0.073189, -0.027896, -0.755905
0.979162, 0.705106, -0.018543, -0.266291
0.979586, 0.676259, -0.017944, -0.289394
0.979630, 0.788570, -0.018970, -0.198526
0.979705, 0.589304, -0.017298, -0.358629
0.979773, 0.507321, -0.016794, -0.423171
0.979952, 0.647194, -0.017423, -0.312559
0.980192, 0.452276, -0.016157, -0.465911
0.980223, 0.392586, -0.015855, -0.511957
0.980489, 0.617849, -0.016787, -0.335932
0.982486, 0.020013, 0.241612, -0.545754
1.000000, 0.000000, 0.000000, 0.000000
1.000000, 0.030936, 0.000000, -0.834379
1.000000, 0.057655, 0.000000, -0.749520
1.000000, 0.085657, 0.000000, -0.731304
1.000000, 0.112697, 0.000000, -0.716242
1.000000, 0.139670, 0.000000, -0.698039
1.000000, 0.166581, 0.000000, -0.679144
1.000000, 0.193337, 0.000000, -0.660105
1.000000, 0.220045, 0.000000, -0.640854
1.000000, 0.246890, 0.000000, -0.621258
1.000000, 0.273566, 0.000000, -0.601661
1.000000, 0.300022, 0.000000, -0.582059
1.000000, 0.325974, 0.000000, -0.562770
1.000000, 0.352860, 0.000000, -0.542342
1.000000, 0.379982, 0.000000, -0.521810
1.000000, 0.408530, 0.000000, -0.499640
1.000000, 0.436563, 0.000000, -0.478304
1.000000, 0.465138, 0.000000, -0.455982
1.000000, 0.492364, 0.000000, -0.435043
1.000000, 0.520472, 0.000000, -0.412856
1.000000, 0.548014, 0.000000, -0.391314
1.000000, 0.575635, 0.000000, -0.369560
1.000000, 0.603888, 0.000000, -0.347123
1.000000, 0.632815, 0.000000, -0.324062
1.000000, 0.661550, 0.000000, -0.301239
1.000000, 0.690101, 0.000000, -0.278444
1.000000, 0.718336, 0.000000, -0.255783
1.000000, 0.746211, 0.000000, -0.233282
1.000000, 0.773780, 0.000000, -0.210904
1.000000, 0.801847, 0.000000, -0.187749
1.000000, 0.829313, 0.000000, -0.165070
1.000000, 0.856088, 0.000000, -0.142654
1.000000, 0.882475, 0.000000, -0.119961
1.000000, 0.907977, 0.000000, -0.097306
1.000000, 0.932670, 0.000000, -0.074001
1.000000, 0.955843, 0.000000, -0.050469
1.000000, 0.978099, 0.000000, -0.025649
1.000000, 1.000000, 0.000000, 0.000000
