0.000000, 0.000000, 0.000000, 0.000000
0.000000, 0.029021, 0.000000, 0.046098
0.000000, 0.056003, 0.000000, 0.082476
0.000000, 0.082472, 0.000000, 0.114409
0.000000, 0.109014, 0.000000, 0.144527
0.000000, 0.136105, 0.000000, 0.174141
0.000000, 0.164611, 0.000000, 0.204877
0.000000, 0.194376, 0.000000, 0.237487
0.000000, 0.222208, 0.000000, 0.266536
0.000000, 0.251923, 0.000000, 0.297836
0.000000, 0.281839, 0.000000, 0.329480
0.000000, 0.310797, 0.000000, 0.360320
0.000000, 0.337786, 0.000000, 0.388120
0.000000, 0.365748, 0.000000, 0.417114
0.000000, 0.393541, 0.000000, 0.445039
0.000000, 0.422563, 0.000000, 0.474886
0.000000, 0.450038, 0.000000, 0.502543
0.000000, 0.477148, 0.000000, 0.529539
0.000000, 0.504111, 0.000000, 0.555998
0.000000, 0.531347, 0.000000, 0.582523
0.000000, 0.558609, 0.000000, 0.609001
0.000000, 0.584626, 0.000000, 0.633547
0.000000, 0.610989, 0.000000, 0.658261
0.000000, 0.636910, 0.000000, 0.682206
0.000000, 0.662307, 0.000000, 0.704867
0.000000, 0.688824, 0.000000, 0.728193
0.000000, 0.715827, 0.000000, 0.751394
0.000000, 0.742847, 0.000000, 0.774037
0.000000, 0.769486, 0.000000, 0.795610
0.000000, 0.795477, 0.000000, 0.815787
0.000000, 0.820995, 0.000000, 0.834613
0.000000, 0.846479, 0.000000, 0.852362
0.000000, 0.872229, 0.000000, 0.869086
0.000000, 0.898064, 0.000000, 0.882910
0.000000, 0.923541, 0.000000, 0.897041
0.000000, 0.948427, 0.000000, 1.014595
0.000000, 0.973004, 0.000000, 1.235222
0.000000, 1.000000, 0.000000, 0.000000
0.018189, 0.178444, 0.022127, 0.219786
0.018281, 0.267328, 0.020986, 0.313969
0.018734, 0.236793, 0.021880, 0.281769
0.018896, 0.409359, 0.020291, 0.461155
0.019293, 0.984915, -0.715822, 0.221408
0.019452, 0.297296, 0.022021, 0.345768
0.019654, 0.019337, 0.031052, 0.030518
0.019874, 0.149502, 0.024873, 0.188530
0.020665, 0.544990, 0.020640, 0.595649
0.020922, 0.517765, 0.021237, 0.569277
0.021053, 0.350280, 0.023193, 0.400852
0.021135, 0.436918, 0.022381, 0.489121
0.021183, 0.729813, 0.018057, 0.762991
0.021238, 0.702259, 0.018681, 0.739636
0.021523, 0.463839, 0.022488, 0.516138
0.021614, 0.490545, 0.022265, 0.542599
0.021764, 0.379852, 0.023658, 0.431073
0.021802, 0.756596, 0.017910, 0.784921
0.021824, 0.597310, 0.021046, 0.645251
0.021913, 0.674763, 0.019816, 0.715755
0.022110, 0.121583, 0.028576, 0.158058
0.022149, 0.208174, 0.026386, 0.251835
0.022371, 0.885957, 0.013512, 0.876583
0.022583, 0.624419, 0.021360, 0.670479
0.022661, 0.912242, 0.020730, 0.896687
0.022725, 0.572255, 0.022320, 0.621796
0.022739, 0.044448, 0.033959, 0.066495
0.022768, 0.859830, 0.015321, 0.860942
0.022816, 0.783577, 0.017969, 0.806230
0.022823, 0.324628, 0.025504, 0.374524
0.023006, 0.095475, 0.030926, 0.128801
0.023281, 0.069970, 0.032843, 0.098885
0.023377, 0.937588, 0.120202, 0.990846
0.023454, 0.834113, 0.016727, 0.843505
0.023533, 0.808963, 0.017677, 0.825405
0.023741, 0.648317, 0.021981, 0.692169
0.023811, 0.961293, -0.031766, 0.832882
0.027795, 0.000000, 0.044347, 0.000000
0.032728, 1.000000, -1.011194, 0.000000
0.036759, 0.253549, 0.042470, 0.299103
0.037405, 0.282760, 0.042606, 0.330154
0.038200, 0.186654, 0.046044, 0.227779
0.038341, 0.400010, 0.041297, 0.451439
0.039483, 0.361481, 0.043290, 0.412007
0.040004, 0.161515, 0.049230, 0.200554
0.041235, 0.227539, 0.048404, 0.271707
0.041866, 0.557627, 0.041468, 0.607408
0.041888, 0.135269, 0.052929, 0.172027
0.041922, 0.716834, 0.036275, 0.751452
0.041932, 0.610503, 0.040032, 0.656983
0.042067, 0.531238, 0.042361, 0.582142
0.042143, 0.425026, 0.044878, 0.477050
0.042220, 0.688823, 0.037653, 0.727362
0.042281, 0.504629, 0.043229, 0.556262
0.042649, 0.309370, 0.047937, 0.358058
0.043108, 0.026966, 0.064203, 0.040281
0.043299, 0.451109, 0.045528, 0.503321
0.043413, 0.770163, 0.034930, 0.794846
0.043564, 0.743133, 0.036441, 0.773159
0.043582, 0.477199, 0.045206, 0.529215
0.044124, 0.660426, 0.040430, 0.702414
0.044142, 0.900916, 0.034021, 0.894047
0.044823, 0.874262, 0.026350, 0.866570
0.045194, 0.928399, 0.111672, 0.986111
0.045648, 0.978298, -1.006989, -0.114661
0.045654, 0.054995, 0.064617, 0.078031
0.045720, 0.107484, 0.059634, 0.140836
0.045957, 0.848114, 0.031395, 0.851412
0.046430, 0.585445, 0.045141, 0.633534
0.046816, 0.081883, 0.063353, 0.111116
0.046856, 0.797383, 0.036066, 0.815656
0.047154, 0.335929, 0.052297, 0.385338
0.047368, 0.954749, -0.516695, 0.363976
0.047404, 0.822351, 0.034795, 0.833913
0.049148, 0.633976, 0.046068, 0.678671
0.049440, 0.204381, 0.058828, 0.246637
0.050685, 0.382642, 0.055025, 0.433369
0.051706, 0.000000, 0.076033, 0.000000
0.056084, 0.268467, 0.064207, 0.314246
0.059642, 1.000000, -0.902908, 0.000000
0.061108, 0.176389, 0.073920, 0.215591
0.061181, 0.245439, 0.070860, 0.289630
0.062059, 0.291743, 0.070263, 0.338923
0.062131, 0.409234, 0.066602, 0.460335
0.062153, 0.704678, 0.054422, 0.740002
0.062621, 0.676033, 0.056474, 0.715026
0.062828, 0.357928, 0.068901, 0.407412
0.063155, 0.566832, 0.062111, 0.615095
0.063188, 0.150920, 0.078076, 0.187932
0.063369, 0.491674, 0.065170, 0.542573
0.063456, 0.124141, 0.080324, 0.158034
0.063850, 0.607850, 0.061025, 0.653809
0.064253, 0.517996, 0.065122, 0.568235
0.064449, 0.542662, 0.064364, 0.591927
0.064835, 0.436996, 0.068577, 0.488333
0.065005, 0.916045, 0.058540, 0.906721
0.065082, 0.756590, 0.053253, 0.782622
0.065652, 0.729700, 0.055733, 0.760714
0.065684, 0.782337, 0.051469, 0.802449
0.065933, 0.463256, 0.068790, 0.514359
0.066168, 0.020295, 0.093647, 0.028805
0.066303, 0.889203, 0.064107, 0.899616
0.066808, 0.316489, 0.074758, 0.364861
0.066952, 0.221048, 0.078591, 0.263551
0.067097, 0.945212, -0.823137, 0.040136
0.067411, 0.043396, 0.093769, 0.060276
0.067822, 0.863042, 0.039237, 0.854209
0.068497, 0.650547, 0.063229, 0.692273
0.069047, 0.069167, 0.093032, 0.093233
0.069561, 0.837080, 0.045377, 0.838343
0.070399, 0.974915, -0.959209, -0.071959
0.070706, 0.095641, 0.091924, 0.124601
0.071761, 0.811158, 0.052620, 0.822776
0.072791, 0.195719, 0.086705, 0.235943
0.073150, 0.382082, 0.079267, 0.431688
0.074854, 0.585490, 0.072688, 0.632544
0.075997, 0.338155, 0.084124, 0.386880
0.077068, 0.627354, 0.072497, 0.670854
0.078350, 0.000000, 0.109180, 0.000000
0.079247, 0.268443, 0.090575, 0.313479
0.080655, 0.692213, 0.071399, 0.727606
0.083434, 0.480335, 0.086236, 0.530456
0.084089, 0.240144, 0.097424, 0.283071
0.084248, 0.402840, 0.090402, 0.452535
0.084316, 0.116180, 0.106506, 0.147188
0.085003, 0.929408, -0.894932, -0.052111
0.085197, 0.167845, 0.103118, 0.204817
0.085231, 0.141670, 0.105410, 0.176174
0.085237, 0.295351, 0.096128, 0.341616
0.085256, 1.000000, -0.878729, 0.000000
0.085453, 0.507308, 0.087040, 0.556935
0.085658, 0.426167, 0.090972, 0.476537
0.086042, 0.791631, 0.066044, 0.806723
0.086299, 0.558616, 0.085219, 0.606251
0.086780, 0.743334, 0.072169, 0.769747
0.087220, 0.668316, 0.079058, 0.706394
0.087519, 0.533456, 0.087808, 0.582285
0.087707, 0.903879, -0.126543, 0.691157
0.087801, 0.958216, -0.875369, -0.007743
0.088073, 0.715702, 0.075856, 0.747088
0.088291, 0.361273, 0.096601, 0.410167
0.089060, 0.451182, 0.093386, 0.501281
0.089299, 0.766739, 0.071590, 0.787621
0.089659, 0.878833, 0.150454, 0.957965
0.090262, 0.026085, 0.122157, 0.035279
0.090291, 0.603964, 0.086414, 0.648786
0.091002, 0.052791, 0.121057, 0.070123
0.091324, 0.215954, 0.107218, 0.256935
0.091484, 0.853920, 0.082916, 0.871868
0.092624, 0.079184, 0.120253, 0.102754
0.093492, 0.318899, 0.104218, 0.365837
0.093687, 0.829323, 0.065640, 0.832141
0.094440, 0.190778, 0.112414, 0.229341
0.095224, 0.645736, 0.088047, 0.686004
0.098998, 0.979956, -0.896104, -0.020548
0.099553, 0.577985, 0.096981, 0.623894
0.099717, 0.383591, 0.107901, 0.432392
0.100205, 0.254105, 0.115054, 0.297089
0.100937, 0.101106, 0.127774, 0.127992
0.101784, 0.807777, 0.075140, 0.816136
0.102186, 0.000000, 0.135839, 0.000000
0.102939, 0.690997, 0.090927, 0.724716
0.103137, 0.470945, 0.106996, 0.520308
0.103346, 0.341842, 0.113934, 0.389202
0.103482, 0.278518, 0.117474, 0.323035
0.104642, 0.942015, -0.870885, -0.026090
0.104760, 0.623694, 0.098584, 0.665606
0.105945, 0.496374, 0.108458, 0.545486
0.106334, 0.733476, 0.089125, 0.759280
0.107110, 0.127287, 0.132627, 0.157934
0.107576, 0.408672, 0.115001, 0.457542
0.107918, 0.152880, 0.131258, 0.186819
0.108476, 0.522705, 0.109409, 0.571125
0.109381, 0.918435, -0.961024, -0.138453
0.109556, 0.781986, 0.084946, 0.796316
0.109949, 0.432631, 0.116218, 0.481732
0.110044, 0.550254, 0.109105, 0.597281
0.111218, 0.231120, 0.128945, 0.271662
0.111936, 0.301134, 0.125667, 0.346477
0.111937, 0.894895, -0.614842, 0.175767
0.112044, 0.667361, 0.101289, 0.703585
0.112213, 0.176882, 0.134135, 0.212871
0.113718, 0.870985, 0.010039, 0.783120
0.113750, 1.000000, -0.873781, 0.000000
0.114168, 0.041166, 0.148492, 0.053248
0.114243, 0.756364, 0.092407, 0.776575
0.114591, 0.066130, 0.147042, 0.084532
0.114752, 0.019568, 0.149812, 0.025520
0.114869, 0.205076, 0.135155, 0.243725
0.115000, 0.599703, 0.110118, 0.642830
0.115051, 0.364628, 0.125448, 0.412124
0.115169, 0.711023, 0.099195, 0.739976
0.115887, 0.847067, 0.142190, 0.903148
0.116363, 0.961905, -0.873005, -0.021877
0.118244, 0.454013, 0.123599, 0.502442
0.120696, 0.323939, 0.134018, 0.369842
0.121138, 0.824318, 0.094739, 0.832979
0.121320, 0.644923, 0.111852, 0.683067
0.121363, 0.088597, 0.152825, 0.111271
0.121810, 0.258654, 0.139268, 0.300771
0.122916, 0.575286, 0.119682, 0.619522
0.124460, 0.389249, 0.134120, 0.436849
0.126015, 0.479781, 0.129906, 0.527505
0.126935, 0.112600, 0.157019, 0.139080
0.127419, 0.800214, 0.095492, 0.806825
0.127969, 0.688095, 0.112848, 0.719380
0.128623, 0.937858, -0.857462, -0.032472
0.128893, 0.505329, 0.131012, 0.552349
0.129048, 0.980522, -0.869240, -0.013317
0.129259, 0.000000, 0.166657, 0.000000
0.129632, 0.281273, 0.146564, 0.324366
0.130009, 0.732648, 0.108390, 0.755339
0.130339, 0.622313, 0.122360, 0.661932
0.130460, 0.138032, 0.158751, 0.168088
0.130920, 0.346487, 0.143803, 0.392652
0.131275, 0.530757, 0.131448, 0.576768
0.131453, 0.414123, 0.139967, 0.461738
0.132835, 0.162678, 0.159208, 0.195620
0.133330, 0.775470, 0.103663, 0.787183
0.133821, 0.913635, -0.884130, -0.081340
0.134123, 0.238932, 0.154484, 0.278690
0.134215, 0.189175, 0.158402, 0.224642
0.135111, 0.553930, 0.133279, 0.598341
0.135848, 0.889483, -0.941834, -0.166350
0.136232, 0.216628, 0.158532, 0.254466
0.136239, 0.051190, 0.172205, 0.064326
0.136873, 0.436869, 0.144097, 0.484186
0.137908, 0.865374, -0.450588, 0.294193
0.138029, 0.304760, 0.154323, 0.348648
0.138058, 0.665693, 0.124401, 0.699090
0.139276, 0.599672, 0.132960, 0.640480
0.139360, 0.023814, 0.177241, 0.030064
0.140847, 0.370509, 0.152940, 0.416797
0.141233, 0.709119, 0.121017, 0.734714
0.141711, 0.841753, 0.088567, 0.814007
0.141833, 0.752422, 0.114255, 0.768372
0.142091, 0.074626, 0.177266, 0.092600
0.142478, 1.000000, -0.858981, 0.000000
0.143226, 0.461362, 0.148871, 0.508053
0.143248, 0.957777, -0.857508, -0.028300
0.146795, 0.817700, 0.138540, 0.846866
0.147203, 0.259793, 0.167697, 0.300339
0.147362, 0.578257, 0.142770, 0.619835
0.147385, 0.643264, 0.135464, 0.678407
0.147559, 0.327733, 0.163186, 0.372064
0.147866, 0.098596, 0.181995, 0.120809
0.149061, 0.487043, 0.152752, 0.532782
0.149406, 0.395309, 0.160309, 0.441560
0.152054, 0.123487, 0.184647, 0.149498
0.152146, 0.512346, 0.153655, 0.556966
0.153058, 0.794155, 0.116280, 0.798159
0.153157, 0.933408, -0.845560, -0.042885
0.153806, 0.686809, 0.134951, 0.714531
0.154374, 0.000000, 0.193843, 0.000000
0.154565, 0.284341, 0.174079, 0.325991
0.154592, 0.148773, 0.185271, 0.178179
0.154916, 0.203442, 0.180595, 0.238573
0.155045, 0.175062, 0.183381, 0.207545
0.155486, 0.728855, 0.128687, 0.747237
0.156231, 0.620802, 0.146240, 0.657428
0.156663, 0.977459, -0.849908, -0.015725
0.156822, 0.535408, 0.156091, 0.578403
0.156903, 0.040269, 0.195685, 0.049759
0.157089, 0.351505, 0.171784, 0.396080
0.157297, 0.419433, 0.166776, 0.465383
0.157862, 0.907760, -0.840167, -0.061819
0.158213, 0.234305, 0.181848, 0.271951
0.158701, 0.771257, 0.121810, 0.777312
0.159409, 0.557252, 0.156407, 0.598794
0.159795, 0.883527, -0.871756, -0.115911
0.161802, 0.443399, 0.169463, 0.488898
0.162704, 0.859238, -0.905284, -0.179909
0.163799, 0.062289, 0.202292, 0.076220
0.164030, 0.307781, 0.182688, 0.350027
0.164039, 0.664131, 0.147191, 0.693920
0.165368, 0.598345, 0.157407, 0.636078
0.166162, 0.376264, 0.179583, 0.420879
0.166794, 0.834148, -0.362401, 0.329404
0.167355, 0.469039, 0.172901, 0.513749
0.168037, 0.020230, 0.208426, 0.024886
0.168453, 0.707116, 0.143623, 0.728338
0.168707, 0.747832, 0.133649, 0.757351
0.169114, 0.084688, 0.206666, 0.102644
0.169357, 1.000000, -0.841450, 0.000000
0.169743, 0.262462, 0.192486, 0.301432
0.169941, 0.953452, -0.839393, -0.033401
0.171976, 0.496101, 0.175007, 0.539782
0.173134, 0.810865, 0.156165, 0.825998
0.173351, 0.331656, 0.190912, 0.374269
0.173410, 0.575564, 0.167697, 0.614278
0.173457, 0.108841, 0.209821, 0.130761
0.173461, 0.641540, 0.158794, 0.673126
0.173762, 0.215554, 0.200639, 0.250236
0.174938, 0.401037, 0.186802, 0.445394
0.175051, 0.187624, 0.204690, 0.219726
0.176626, 0.134592, 0.211237, 0.160190
0.176642, 0.926067, -0.830789, -0.052887
0.177243, 0.160210, 0.209662, 0.189110
0.177436, 0.521517, 0.177761, 0.563547
0.179718, 0.286545, 0.201474, 0.326254
0.179840, 0.788246, 0.148334, 0.798698
0.180105, 0.684417, 0.157401, 0.707873
0.181667, 0.000000, 0.223643, 0.000000
0.181678, 0.243509, 0.207156, 0.279986
0.182138, 0.618750, 0.169913, 0.651952
0.182157, 0.043438, 0.223333, 0.052636
0.182172, 0.979942, -0.831877, -0.014855
0.182258, 0.356618, 0.198396, 0.399411
0.182281, 0.548326, 0.179340, 0.587774
0.182675, 0.900313, -0.822206, -0.071150
0.182893, 0.727404, 0.152130, 0.742051
0.183020, 0.425690, 0.193024, 0.469502
0.183489, 0.766221, 0.142806, 0.769575
0.183900, 0.876784, -0.821401, -0.092423
0.185307, 0.449808, 0.192974, 0.493018
0.186121, 0.849728, -0.815278, -0.113329
0.189310, 0.310611, 0.209867, 0.350826
0.189687, 0.477985, 0.194588, 0.520330
0.190365, 0.661570, 0.169873, 0.686933
0.190562, 0.067297, 0.231399, 0.080743
0.191208, 0.595562, 0.181504, 0.629994
0.191307, 0.381890, 0.205766, 0.424575
0.193470, 0.825474, -0.890448, -0.224277
0.193547, 0.962368, -0.822507, -0.028372
0.194325, 0.091229, 0.233903, 0.108619
0.194703, 0.225487, 0.222995, 0.259335
0.194936, 0.022423, 0.237587, 0.026983
0.195258, 0.704732, 0.165787, 0.720888
0.195313, 0.200241, 0.225877, 0.231707
0.195507, 0.940119, -0.819367, -0.045097
0.195605, 0.571597, 0.188930, 0.607492
0.195925, 0.266223, 0.220992, 0.303361
0.196113, 0.502994, 0.198165, 0.543698
0.196920, 0.118756, 0.234877, 0.140419
0.196959, 0.173813, 0.230110, 0.202484
0.197499, 0.747958, 0.168757, 0.763346
0.197581, 1.000000, -0.820709, 0.000000
0.197957, 0.336002, 0.216935, 0.376584
0.199565, 0.637914, 0.182127, 0.665530
0.199983, 0.801083, -0.327204, 0.302424
0.200053, 0.530875, 0.198635, 0.569721
0.200299, 0.407200, 0.212760, 0.449398
0.200491, 0.146052, 0.236299, 0.171014
0.202061, 0.915417, -0.811671, -0.064028
0.204291, 0.866341, -0.801223, -0.100007
0.205201, 0.289189, 0.228937, 0.326833
0.205207, 0.459213, 0.212175, 0.500109
0.205883, 0.774188, 0.267728, 0.873067
0.206548, 0.682484, 0.177835, 0.699329
0.206908, 0.361353, 0.224104, 0.401966
0.207343, 0.046642, 0.250521, 0.055537
0.207681, 0.613008, 0.193562, 0.642711
0.207790, 0.000000, 0.251749, 0.000000
0.208785, 0.433013, 0.218699, 0.473991
0.208991, 0.555754, 0.203750, 0.591359
0.209016, 0.725261, 0.170536, 0.731789
0.209391, 0.246164, 0.237569, 0.280768
0.209501, 0.891465, -0.802606, -0.082658
0.212096, 0.981279, -0.809218, -0.014691
0.212152, 0.843172, -0.792068, -0.119463
0.213462, 0.315322, 0.235414, 0.353543
0.214727, 0.483350, 0.218874, 0.522472
0.215630, 0.219354, 0.246525, 0.250914
0.215723, 0.099156, 0.256344, 0.116336
0.215910, 0.659060, 0.191977, 0.679962
0.216037, 0.585932, 0.205589, 0.617593
0.216175, 0.385836, 0.231380, 0.426036
0.216777, 0.071238, 0.259269, 0.083914
0.216952, 0.512787, 0.217288, 0.550253
0.217278, 0.958919, -0.804352, -0.032392
0.217573, 0.193445, 0.250978, 0.222400
0.218870, 0.168444, 0.254359, 0.194474
0.219663, 0.819353, -0.795201, -0.151999
0.219994, 0.934028, -0.800480, -0.051981
0.220359, 0.023394, 0.264851, 0.027656
0.220545, 0.124631, 0.259842, 0.145171
0.221596, 0.748163, 0.180968, 0.750748
0.222433, 0.341017, 0.242498, 0.379434
0.222503, 0.703501, 0.178658, 0.705209
0.223147, 0.267641, 0.250494, 0.302502
0.223405, 0.793395, -0.860809, -0.254954
0.224190, 0.634357, 0.203775, 0.657525
0.224808, 0.410388, 0.237683, 0.449897
0.224975, 0.537782, 0.221409, 0.572402
0.225772, 0.146415, 0.263873, 0.169436
0.225978, 0.456164, 0.233392, 0.494775
0.226045, 0.870393, -0.785858, -0.100663
0.226790, 1.000000, -0.798188, 0.000000
0.228086, 0.294529, 0.252997, 0.330212
0.228298, 0.910968, -0.791660, -0.070708
0.229843, 0.768465, -0.243564, 0.325114
0.230519, 0.609641, 0.214120, 0.635268
0.231256, 0.564219, 0.223030, 0.595346
0.232056, 0.047193, 0.276903, 0.055308
0.232339, 0.680522, 0.203712, 0.696617
0.232350, 0.364513, 0.250471, 0.402527
0.232532, 0.239141, 0.263184, 0.270926
0.233459, 0.000000, 0.279029, 0.000000
0.234183, 0.498030, 0.235932, 0.533739
0.234376, 0.726215, 0.174076, 0.711504
0.234525, 0.848218, -0.773296, -0.116780
0.235359, 0.432799, 0.245751, 0.470758
0.236636, 0.086685, 0.279669, 0.100739
0.236893, 0.212658, 0.270248, 0.241771
0.237502, 0.321455, 0.260410, 0.357552
0.238464, 0.953503, -0.787270, -0.037910
0.239029, 0.890673, -0.780763, -0.087878
0.240356, 0.185926, 0.276049, 0.211932
0.240367, 0.977639, -0.787309, -0.018321
0.240414, 0.655339, 0.211843, 0.670141
0.240606, 0.109986, 0.282391, 0.127091
0.240872, 0.476434, 0.245385, 0.512009
0.241151, 0.388418, 0.256935, 0.425796
0.241409, 0.587240, 0.228011, 0.613634
0.242639, 0.521114, 0.240656, 0.554271
0.242664, 0.827510, -0.766195, -0.137167
0.244314, 0.804762, -0.773832, -0.169999
0.244469, 0.163612, 0.282693, 0.187187
0.245599, 0.023221, 0.291656, 0.027021
0.246031, 0.931077, -0.779858, -0.056559
0.246459, 0.066664, 0.291259, 0.077293
0.247191, 0.255856, 0.277201, 0.287310
0.247460, 0.278862, 0.275119, 0.311632
0.247665, 0.135763, 0.288005, 0.155668
0.248323, 0.780111, -0.758950, -0.183836
0.248851, 0.343579, 0.269983, 0.379223
0.248873, 0.701754, 0.253201, 0.750257
0.248980, 0.631843, 0.224425, 0.649175
0.249165, 0.750157, -0.280326, 0.251063
0.249365, 0.545226, 0.242953, 0.575268
0.250722, 0.454288, 0.258248, 0.489574
0.250845, 0.411037, 0.264119, 0.447254
0.251293, 0.303718, 0.276688, 0.337423
0.251725, 0.868498, -0.767080, -0.107169
0.254036, 1.000000, -0.776790, 0.000000
0.254643, 0.609994, 0.234703, 0.630112
0.256243, 0.674153, 0.216100, 0.676781
0.256551, 0.910112, -0.769435, -0.074549
0.257238, 0.725989, 0.355343, 0.861605
0.257253, 0.228241, 0.290495, 0.256595
0.257346, 0.568316, 0.245913, 0.594269
0.257748, 0.367277, 0.276511, 0.402396
0.257962, 0.202572, 0.293586, 0.228703
0.258168, 0.500090, 0.258617, 0.531917
0.259056, 0.044574, 0.305525, 0.051457
0.259307, 0.000000, 0.306229, 0.000000
0.260415, 0.955847, -0.769631, -0.037116
0.261058, 0.845569, -0.755227, -0.126195
0.262083, 0.090180, 0.306646, 0.103385
0.262290, 0.432673, 0.272755, 0.466973
0.262893, 0.116893, 0.305593, 0.133448
0.264495, 0.154956, 0.304656, 0.175892
0.265756, 0.478457, 0.269354, 0.510354
0.265812, 0.323386, 0.290087, 0.356633
0.266409, 0.649085, 0.232894, 0.657067
0.266890, 0.767218, -0.688024, -0.143039
0.266944, 0.888754, -0.758575, -0.093164
0.266955, 0.524321, 0.262758, 0.552784
0.267202, 0.820378, -0.745265, -0.146863
0.267245, 0.389905, 0.283442, 0.423997
0.267511, 0.180911, 0.306036, 0.204422
0.267542, 0.592616, 0.249764, 0.612883
0.268199, 0.796131, -0.745744, -0.172964
0.268251, 0.978363, -0.764810, -0.018377
0.268970, 0.248564, 0.301098, 0.277331
0.271093, 0.293725, 0.298589, 0.324790
0.271633, 0.932642, -0.759407, -0.057228
0.272014, 0.022053, 0.319486, 0.025298
0.272062, 0.692038, 0.197606, 0.658399
0.272066, 0.271676, 0.302267, 0.301795
0.272927, 0.066737, 0.319195, 0.076273
0.274413, 0.456410, 0.281174, 0.488006
0.274576, 0.547593, 0.265214, 0.572115
0.274587, 0.347239, 0.296331, 0.379992
0.275392, 0.622454, 0.250460, 0.637133
0.276787, 0.740812, -0.853456, -0.352874
0.276850, 0.713463, 0.061558, 0.529874
0.277480, 0.136693, 0.319780, 0.154660
0.277505, 0.865587, -0.746545, -0.113535
0.277545, 0.411715, 0.290900, 0.444224
0.278587, 0.208805, 0.315452, 0.233926
0.281569, 1.000000, -0.753763, 0.000000
0.281645, 0.571977, 0.265933, 0.591399
0.282219, 0.670004, 0.229631, 0.658115
0.282575, 0.503016, 0.281214, 0.530536
0.282837, 0.107162, 0.327387, 0.121315
0.283509, 0.910221, -0.747670, -0.077141
0.284252, 0.369850, 0.303347, 0.401608
0.284989, 0.955516, -0.749416, -0.038527
0.285054, 0.231719, 0.319828, 0.257772
0.285054, 0.839298, -0.735816, -0.135814
0.285439, 0.043929, 0.333199, 0.049995
0.285876, 0.000000, 0.334090, 0.000000
0.286379, 0.308116, 0.313089, 0.338192
0.286740, 0.163907, 0.327827, 0.184180
0.287421, 0.786447, -0.720657, -0.176493
0.288043, 0.434002, 0.297999, 0.464333
0.288871, 0.762497, -0.707277, -0.189016
0.289041, 0.598976, 0.263489, 0.609975
0.289865, 0.481418, 0.291940, 0.509146
0.290073, 0.085487, 0.336227, 0.096671
0.290418, 0.644708, 0.260414, 0.654402
0.291515, 0.813647, -0.725815, -0.157849
0.292012, 0.526249, 0.285368, 0.549646
0.292615, 0.189367, 0.331793, 0.211424
0.292776, 0.330239, 0.317266, 0.360456
0.292842, 0.257824, 0.325535, 0.284912
0.292989, 0.887326, -0.737148, -0.097540
0.294213, 0.391619, 0.310401, 0.421900
0.295490, 0.978149, -0.741782, -0.019172
0.296874, 0.457529, 0.302648, 0.485185
0.297090, 0.283838, 0.327231, 0.311886
0.297617, 0.125429, 0.341902, 0.140813
0.297626, 0.693809, 0.118366, 0.545182
0.297738, 0.932217, -0.737588, -0.059398
0.298259, 0.721911, -0.702001, -0.241486
0.298611, 0.021448, 0.347265, 0.024257
0.298750, 0.550787, 0.286106, 0.569687
0.300603, 0.860108, -0.727094, -0.121454
0.300675, 0.063938, 0.348425, 0.072102
0.300970, 0.621485, 0.259573, 0.617055
0.302113, 0.352127, 0.324053, 0.381568
0.303875, 0.147904, 0.347000, 0.165216
0.303994, 0.213993, 0.341860, 0.237210
0.304024, 0.575830, 0.285295, 0.590247
0.304125, 0.413151, 0.317001, 0.441471
0.304271, 0.745447, -0.712441, -0.227986
0.305316, 0.666707, 0.287358, 0.688357
0.308522, 0.504957, 0.304764, 0.527144
0.308881, 1.000000, -0.730339, 0.000000
0.309144, 0.794786, -0.707060, -0.176067
0.309279, 0.835188, -0.715772, -0.143538
0.309376, 0.238680, 0.344713, 0.262794
0.309697, 0.104971, 0.355832, 0.117438
0.309794, 0.308409, 0.337470, 0.335872
0.310349, 0.955749, -0.727929, -0.039409
0.310394, 0.909002, -0.725109, -0.080617
0.311251, 0.771441, -0.696229, -0.191538
0.311336, 0.172571, 0.353065, 0.191685
0.312089, 0.374032, 0.331062, 0.402109
0.312578, 0.041585, 0.361496, 0.046687
0.312902, 0.000000, 0.362168, 0.000000
0.312991, 0.480008, 0.313873, 0.503342
0.313525, 0.599034, 0.290646, 0.610207
0.313550, 0.434674, 0.322612, 0.460529
0.315339, 0.879893, -0.717427, -0.106490
0.315768, 0.641776, 0.237790, 0.599680
0.315896, 0.264645, 0.348853, 0.289599
0.316220, 0.530481, 0.305831, 0.547663
0.317572, 0.084346, 0.365232, 0.094224
0.318834, 0.331856, 0.343710, 0.358693
0.319123, 0.456344, 0.324037, 0.479943
0.319176, 0.196078, 0.359070, 0.216335
0.319313, 0.813869, -0.703501, -0.162983
0.319415, 0.709494, -0.728383, -0.298537
0.322094, 0.395993, 0.337624, 0.422175
0.322208, 0.684443, -0.371578, 0.019023
0.322436, 0.128827, 0.367898, 0.143059
0.322517, 0.978261, -0.718247, -0.019618
0.322703, 0.555069, 0.304890, 0.566406
0.323263, 0.933398, -0.715679, -0.059973
0.323589, 0.288739, 0.353995, 0.313799
0.324182, 0.734267, -0.673319, -0.221079
0.325578, 0.855542, -0.705582, -0.128833
0.326201, 0.020270, 0.375903, 0.022614
0.327357, 0.061448, 0.376245, 0.068420
0.327531, 0.618471, 0.314204, 0.639020
0.328045, 0.577966, 0.302003, 0.582638
0.328797, 0.154123, 0.372615, 0.170198
0.328872, 0.354788, 0.350661, 0.380416
0.329563, 0.221301, 0.367881, 0.242552
0.329610, 0.759076, -0.683482, -0.210267
0.330568, 0.660488, 0.147268, 0.504224
0.330960, 0.895508, -0.705483, -0.094368
0.331782, 0.418375, 0.343277, 0.442120
0.332554, 0.491868, 0.329327, 0.509921
0.333030, 0.787343, -0.685953, -0.186922
0.333260, 0.244976, 0.368808, 0.266904
0.334591, 0.515633, 0.325563, 0.530399
0.335389, 0.108056, 0.382213, 0.119401
0.335467, 0.311864, 0.363284, 0.336132
0.336197, 1.000000, -0.706283, 0.000000
0.336529, 0.956482, -0.705057, -0.039761
0.336655, 0.833828, -0.692796, -0.149192
0.337058, 0.177592, 0.379441, 0.194983
0.338176, 0.466563, 0.339835, 0.485595
0.339348, 0.377651, 0.357591, 0.401470
0.339432, 0.916104, -0.700159, -0.076569
0.340205, 0.039851, 0.390096, 0.044144
0.340243, 0.596660, 0.303571, 0.591275
0.340434, 0.270165, 0.373451, 0.292497
0.340473, 0.441724, 0.347195, 0.462502
0.340735, 0.000000, 0.391045, 0.000000
0.341799, 0.540753, 0.325001, 0.549657
0.342147, 0.082467, 0.390584, 0.091029
0.342293, 0.872772, -0.693269, -0.115755
0.342309, 0.636401, 0.396505, 0.722025
0.342832, 0.811122, -0.683592, -0.169588
0.342893, 0.698479, -0.611847, -0.218254
0.343883, 0.202711, 0.383992, 0.221115
0.344250, 0.722484, -0.670205, -0.251150
0.345212, 0.334978, 0.369906, 0.358163
0.345859, 0.136032, 0.391718, 0.149407
0.348217, 0.566793, 0.321645, 0.567586
0.349192, 0.400769, 0.363269, 0.422234
0.349260, 0.676530, -0.726410, -0.361781
0.349703, 0.978586, -0.693990, -0.019816
0.350115, 0.745691, -0.660573, -0.222896
0.350917, 0.292080, 0.381471, 0.313822
0.351546, 0.937075, -0.690721, -0.058180
0.352056, 0.771292, -0.668088, -0.204980
0.353505, 0.850094, -0.680933, -0.137298
0.354031, 0.059622, 0.403647, 0.065526
0.354601, 0.020082, 0.405268, 0.022108
0.355371, 0.358204, 0.376458, 0.379713
0.355383, 0.158701, 0.399856, 0.173167
0.355711, 0.616636, 0.297008, 0.588760
0.355885, 0.653221, -0.515053, -0.192672
0.355928, 0.475919, 0.353930, 0.490083
0.356075, 0.894388, -0.683307, -0.097629
0.356086, 0.498873, 0.348506, 0.510344
0.356248, 0.250889, 0.391823, 0.270594
0.356298, 0.228089, 0.394508, 0.246830
0.358026, 0.425025, 0.367096, 0.443534
0.359081, 0.796622, -0.667030, -0.184791
0.359294, 0.099523, 0.407069, 0.108795
0.359982, 0.522029, 0.345260, 0.528585
0.360120, 0.121538, 0.407025, 0.132687
0.361282, 0.183633, 0.403826, 0.199334
0.361597, 0.590189, 0.315259, 0.571225
0.361677, 0.314728, 0.389283, 0.335413
0.363688, 1.000000, -0.681492, 0.000000
0.363761, 0.451915, 0.366578, 0.466848
0.364139, 0.825531, -0.667951, -0.160602
0.364343, 0.958328, -0.680095, -0.039004
0.365369, 0.709599, -0.632328, -0.249607
0.366056, 0.381912, 0.382904, 0.401046
0.366379, 0.545537, 0.341623, 0.543938
0.366613, 0.916265, -0.675929, -0.078292
0.367148, 0.271372, 0.400641, 0.290591
0.367542, 0.208605, 0.407663, 0.225052
0.368239, 0.871720, -0.670402, -0.119480
0.368651, 0.040118, 0.419337, 0.043842
0.368780, 0.000000, 0.419967, 0.000000
0.369231, 0.076857, 0.418566, 0.083796
0.370599, 0.688870, -0.649413, -0.294308
0.371222, 0.730868, -0.642833, -0.243126
0.371306, 0.337778, 0.395386, 0.356992
0.372537, 0.567208, 0.334861, 0.554367
0.372549, 0.635932, -0.450881, -0.164508
0.373845, 0.755313, -0.645368, -0.222151
0.374970, 0.664781, -0.601013, -0.278497
0.374995, 0.406129, 0.386830, 0.422385
0.375176, 0.142974, 0.421551, 0.154922
0.376124, 0.779243, -0.649537, -0.203054
0.376685, 0.477892, 0.371789, 0.486742
0.377363, 0.293131, 0.408049, 0.311423
0.377614, 0.979346, -0.668520, -0.019554
0.378337, 0.848312, -0.659047, -0.142028
0.379011, 0.937657, -0.665865, -0.058977
0.379329, 0.245881, 0.416004, 0.262849
0.379478, 0.609508, 0.224734, 0.475070
0.379714, 0.503390, 0.367453, 0.507685
0.380317, 0.168284, 0.424680, 0.181443
0.381052, 0.361856, 0.400870, 0.378942
0.381352, 0.805876, -0.649801, -0.180579
0.381461, 0.894252, -0.660640, -0.099863
0.381568, 0.432431, 0.387333, 0.445318
0.382844, 0.020233, 0.434229, 0.021977
0.383175, 0.117831, 0.431004, 0.127349
0.383488, 0.096217, 0.432200, 0.104083
0.383692, 0.058841, 0.434200, 0.063811
0.385116, 0.528834, 0.365430, 0.528044
0.385401, 0.194365, 0.427605, 0.208558
0.386191, 0.223490, 0.425261, 0.238799
0.386231, 0.584648, 0.319533, 0.543154
0.387285, 0.314751, 0.414690, 0.331631
0.389156, 0.457127, 0.388083, 0.465374
0.390392, 0.709828, -0.620202, -0.263682
0.391409, 0.269875, 0.425188, 0.285959
0.391591, 1.000000, -0.655738, 0.000000
0.391961, 0.827147, -0.643841, -0.163038
0.392033, 0.958756, -0.654694, -0.039452
0.392115, 0.386842, 0.406623, 0.400640
0.392873, 0.554526, 0.379639, 0.561897
0.393360, 0.916389, -0.651547, -0.079857
0.393565, 0.871718, -0.647638, -0.121991
0.393637, 0.682449, -0.609773, -0.286858
0.393793, 0.653018, -0.575134, -0.285308
0.394154, 0.737283, -0.625213, -0.242682
0.395696, 0.337219, 0.419218, 0.352364
0.396570, 0.627385, -0.656130, -0.397392
0.396750, 0.000000, 0.448529, 0.000000
0.397559, 0.039791, 0.448917, 0.042910
0.398079, 0.762784, -0.627062, -0.221293
0.398150, 0.078802, 0.448320, 0.084827
0.398587, 0.786426, -0.631400, -0.200768
0.398646, 0.483613, 0.388748, 0.485249
0.398939, 0.413466, 0.407321, 0.423913
0.400391, 0.131087, 0.447640, 0.140435
0.400638, 0.154365, 0.446372, 0.165084
0.403099, 0.509149, 0.383875, 0.504099
0.403290, 0.291794, 0.433948, 0.306412
0.403685, 0.849858, -0.636318, -0.143506
0.404135, 0.359687, 0.423216, 0.372487
0.404294, 0.248611, 0.441019, 0.262800
0.404633, 0.601435, -0.219438, -0.005129
0.404716, 0.178907, 0.448546, 0.190568
0.405592, 0.979487, -0.642535, -0.019828
0.406279, 0.937824, -0.640675, -0.060035
0.406695, 0.438554, 0.408231, 0.444537
0.406736, 0.204823, 0.447984, 0.217296
0.406881, 0.575968, 0.473229, 0.661215
0.407157, 0.894621, -0.637202, -0.101493
0.407704, 0.103470, 0.456700, 0.110676
0.408625, 0.806147, -0.625646, -0.184493
0.409167, 0.534553, 0.376767, 0.518329
0.410522, 0.227953, 0.449296, 0.240750
0.411212, 0.020164, 0.463121, 0.021616
0.412107, 0.060089, 0.463265, 0.064332
0.412373, 0.314872, 0.439243, 0.327844
0.413063, 0.723445, -0.605686, -0.258378
0.413091, 0.697372, -0.599264, -0.280835
0.413363, 0.669127, -0.583675, -0.296652
0.413882, 0.463622, 0.407418, 0.463965
0.414439, 0.379464, 0.429018, 0.389144
0.416851, 0.643221, -0.598453, -0.343850
0.417679, 0.750760, -0.607981, -0.235942
0.417962, 0.269418, 0.451610, 0.281959
0.418575, 0.828036, -0.619852, -0.165611
0.418627, 0.401067, 0.428090, 0.408086
0.419545, 1.000000, -0.629540, 0.000000
0.419624, 0.873308, -0.623790, -0.122852
0.419693, 0.958879, -0.628847, -0.040117
0.419695, 0.558476, 0.381571, 0.535243
0.420174, 0.617057, -0.487930, -0.267125
0.420175, 0.916550, -0.626619, -0.081259
0.420730, 0.338639, 0.443079, 0.349400
0.421539, 0.778901, -0.609740, -0.211355
0.421580, 0.489463, 0.405741, 0.482831
0.422462, 0.120582, 0.470662, 0.127963
0.423813, 0.083415, 0.474089, 0.088668
0.424497, 0.143360, 0.471166, 0.151710
0.424668, 0.000000, 0.476900, 0.000000
0.425702, 0.040764, 0.477538, 0.043390
0.425819, 0.423446, 0.428928, 0.426239
0.425876, 0.166133, 0.470876, 0.175382
0.426602, 0.514790, 0.405445, 0.505436
0.427800, 0.851461, -0.614155, -0.144520
0.428126, 0.190974, 0.470888, 0.200896
0.428153, 0.587694, -0.600404, -0.424027
0.429152, 0.293717, 0.458601, 0.304262
0.430982, 0.360878, 0.448287, 0.368395
0.431577, 0.216037, 0.471694, 0.226235
0.431652, 0.242943, 0.468604, 0.253516
0.432227, 0.802884, -0.604059, -0.190904
0.432702, 0.446688, 0.428175, 0.444108
0.433550, 0.979458, -0.616142, -0.020236
0.433556, 0.938072, -0.615036, -0.060924
0.433657, 0.683302, -0.576248, -0.295622
0.433725, 0.895194, -0.612447, -0.102823
0.433996, 0.539788, 0.448623, 0.567950
0.435092, 0.710533, -0.584003, -0.274884
0.436186, 0.734697, -0.588477, -0.253738
0.437268, 0.658885, -0.572829, -0.323247
0.437322, 0.319035, 0.462195, 0.327516
0.437507, 0.102819, 0.487000, 0.108493
0.438655, 0.063350, 0.489948, 0.066943
0.438950, 0.470643, 0.425312, 0.461331
0.439008, 0.020725, 0.491256, 0.021929
0.439481, 0.384640, 0.450844, 0.388395
0.439514, 0.632871, -0.542417, -0.324538
0.440008, 0.761659, -0.590364, -0.230238
0.440731, 0.265616, 0.474203, 0.274867
0.440765, 0.606329, -0.555759, -0.369596
0.441582, 0.567788, -0.296622, -0.157846
0.442878, 0.825394, -0.597217, -0.171005
0.445284, 0.495495, 0.421224, 0.478220
0.445542, 0.407403, 0.450421, 0.407018
0.446328, 0.873502, -0.598827, -0.124904
0.446946, 0.126384, 0.495071, 0.132529
0.447114, 0.342634, 0.466908, 0.348050
0.447139, 0.917247, -0.601154, -0.082032
0.447442, 1.000000, -0.603005, 0.000000
0.447472, 0.958818, -0.602451, -0.040908
0.448419, 0.846593, -0.593956, -0.151206
0.448616, 0.784714, -0.586443, -0.210275
0.448726, 0.149697, 0.494948, 0.156490
0.449473, 0.173867, 0.493674, 0.181283
0.450455, 0.520011, 0.423223, 0.501950
0.450920, 0.285709, 0.480977, 0.293082
0.451938, 0.198658, 0.493672, 0.206326
0.452131, 0.000000, 0.504592, 0.000000
0.452217, 0.084526, 0.502646, 0.088639
0.452472, 0.430068, 0.449741, 0.424264
0.452491, 0.042744, 0.504437, 0.044899
0.453738, 0.696010, -0.563652, -0.291043
0.453797, 0.224158, 0.492535, 0.231824
0.456359, 0.545865, -0.200982, -0.102996
0.456580, 0.307258, 0.482536, 0.312803
0.456628, 0.366730, 0.470373, 0.368160
0.458169, 0.744230, -0.570671, -0.249312
0.458219, 0.590570, -0.517216, -0.367550
0.458564, 0.246783, 0.494181, 0.253744
0.458570, 0.453223, 0.447100, 0.441033
0.459319, 0.646504, -0.542318, -0.331020
0.459334, 0.672509, -0.554975, -0.314480
0.459429, 0.808224, -0.579535, -0.189413
0.460133, 0.896278, -0.587469, -0.103509
0.460217, 0.721177, -0.564344, -0.270714
0.460669, 0.618871, -0.539802, -0.361180
0.461212, 0.938129, -0.588598, -0.061932
0.461451, 0.979337, -0.589416, -0.020711
0.463791, 0.477226, 0.442620, 0.457881
0.464431, 0.107739, 0.513710, 0.112150
0.465147, 0.390484, 0.471980, 0.387117
0.465455, 0.328922, 0.486681, 0.331576
0.465654, 0.569522, -0.502873, -0.385452
0.465822, 0.021336, 0.518096, 0.022270
0.465934, 0.064714, 0.517235, 0.067473
0.466409, 0.857546, -0.578017, -0.142177
0.466828, 0.765825, -0.566567, -0.230717
0.468408, 0.268625, 0.500383, 0.273723
0.469548, 0.501732, 0.446203, 0.482673
0.470764, 0.831745, -0.571581, -0.167918
0.471495, 0.131629, 0.519252, 0.136297
0.471750, 0.155829, 0.517221, 0.160911
0.472319, 0.413284, 0.471369, 0.404292
0.472748, 0.180660, 0.515908, 0.185974
0.473540, 0.526621, -0.115192, -0.057241
0.474218, 0.351407, 0.489701, 0.350280
0.474609, 0.917343, -0.574757, -0.083314
0.474923, 0.788440, -0.562631, -0.210442
0.474940, 0.878391, -0.571752, -0.122234
0.475044, 0.205910, 0.515368, 0.211048
0.475218, 1.000000, -0.576217, 0.000000
0.475346, 0.958593, -0.575581, -0.041826
0.475384, 0.698689, -0.545600, -0.293857
0.476837, 0.291992, 0.504486, 0.294810
0.478590, 0.088368, 0.528801, 0.091435
0.478801, 0.436016, 0.469081, 0.420488
0.479001, 0.042978, 0.530817, 0.044537
0.479179, 0.000000, 0.531561, 0.000000
0.479363, 0.229091, 0.516663, 0.233502
0.479869, 0.603800, -0.513324, -0.372870
0.480166, 0.631953, -0.525800, -0.354108
0.480982, 0.551604, -0.490000, -0.410100
0.481618, 0.656525, -0.529384, -0.331583
0.481937, 0.742267, -0.548577, -0.255253
0.483381, 0.374542, 0.491952, 0.368435
0.483477, 0.679199, -0.534458, -0.313348
0.483741, 0.459888, 0.466744, 0.439669
0.484205, 0.314411, 0.506835, 0.314352
0.485437, 0.719022, -0.540997, -0.277460
0.485764, 0.810593, -0.555091, -0.190265
0.485933, 0.251645, 0.519610, 0.254578
0.486933, 0.579153, -0.500762, -0.396283
0.488332, 0.854322, -0.556788, -0.147276
0.488459, 0.483910, 0.470593, 0.465433
0.488887, 0.898045, -0.559706, -0.103472
0.489045, 0.937779, -0.561615, -0.063298
0.489233, 0.979082, -0.562449, -0.021305
0.491153, 0.113124, 0.539402, 0.116018
0.491441, 0.065395, 0.542404, 0.067265
0.491729, 0.767242, -0.543741, -0.233147
0.492078, 0.397239, 0.492600, 0.384983
0.492573, 0.021652, 0.544619, 0.022288
0.493070, 0.336711, 0.509997, 0.332783
0.493515, 0.508638, -0.158153, -0.141646
0.494316, 0.163233, 0.538479, 0.166380
0.494567, 0.275235, 0.523890, 0.275791
0.495127, 0.138780, 0.541870, 0.141818
0.495711, 0.188696, 0.537191, 0.191597
0.496890, 0.532865, -0.452418, -0.411758
0.497483, 0.832811, -0.546298, -0.169583
0.499466, 0.419246, 0.490522, 0.399515
0.499693, 0.621689, -0.504880, -0.366539
0.500567, 0.211647, 0.539154, 0.213631
0.500829, 0.788578, -0.538135, -0.213670
0.501232, 0.359036, 0.511366, 0.350292
0.501391, 0.876186, -0.546171, -0.126379
0.502380, 0.697784, -0.521519, -0.300426
0.502774, 1.000000, -0.549316, 0.000000
0.502924, 0.087909, 0.552525, 0.089732
0.503140, 0.917715, -0.546925, -0.084277
0.503155, 0.559464, -0.480895, -0.417044
0.503174, 0.298734, 0.527474, 0.296201
0.503180, 0.958013, -0.548398, -0.043076
0.503810, 0.646907, -0.508880, -0.346751
0.504011, 0.443323, 0.486256, 0.417522
0.504024, 0.595787, -0.493653, -0.389580
0.505316, 0.044017, 0.556730, 0.044974
0.505475, 0.234701, 0.540650, 0.235361
0.505703, 0.671300, -0.512794, -0.325198
0.506045, 0.000000, 0.558074, 0.000000
0.506140, 0.748970, -0.527154, -0.252752
0.506873, 0.725887, -0.522493, -0.274839
0.508855, 0.467399, 0.514715, 0.467900
0.510901, 0.381955, 0.512784, 0.366710
0.511274, 0.321385, 0.529635, 0.314933
0.511661, 0.812739, -0.530480, -0.191029
0.511905, 0.258216, 0.542802, 0.256755
0.512695, 0.491667, -0.142460, -0.165551
0.513181, 0.853991, -0.532836, -0.149696
0.515643, 0.107662, 0.563715, 0.108976
0.516265, 0.896514, -0.532958, -0.106631
0.516640, 0.174040, 0.558784, 0.174890
0.516696, 0.978970, -0.535468, -0.021744
0.517344, 0.576906, -0.476532, -0.408935
0.517354, 0.937073, -0.533781, -0.065001
0.517628, 0.066943, 0.567989, 0.067864
0.517696, 0.128821, 0.564443, 0.130030
0.517958, 0.516451, -0.439635, -0.441351
0.518850, 0.021846, 0.570355, 0.022161
0.519018, 0.539974, -0.458399, -0.434640
0.519357, 0.152168, 0.564163, 0.153154
0.520438, 0.402503, 0.512343, 0.378793
0.520538, 0.768109, -0.516433, -0.236243
0.520573, 0.282410, 0.546370, 0.277752
0.520682, 0.343768, 0.532333, 0.332278
0.520828, 0.612745, -0.484737, -0.380431
0.522242, 0.194726, 0.561922, 0.194483
0.523212, 0.710316, -0.504755, -0.292565
0.524295, 0.793404, -0.515996, -0.211699
0.524398, 0.427312, 0.501563, 0.391778
0.524548, 0.636019, -0.487737, -0.361162
0.525067, 0.832349, -0.519362, -0.172624
0.526061, 0.217570, 0.562528, 0.216004
0.526387, 0.684120, -0.496895, -0.317807
0.527564, 0.366341, 0.530743, 0.348478
0.528355, 0.875476, -0.519557, -0.128937
0.528811, 0.659953, -0.489690, -0.340727
0.529122, 0.451888, 0.503605, 0.417531
0.529234, 0.740402, -0.503810, -0.264482
0.529972, 0.305954, 0.549893, 0.297108
0.530172, 1.000000, -0.522233, 0.000000
0.530444, 0.089582, 0.579274, 0.090039
0.530663, 0.957938, -0.521253, -0.043787
0.530966, 0.240928, 0.563416, 0.237403
0.531025, 0.044225, 0.581723, 0.044522
0.531138, 0.915136, -0.519254, -0.088208
0.531803, 0.557072, -0.457476, -0.428799
0.532864, 0.000000, 0.584262, 0.000000
0.533407, 0.594211, -0.468705, -0.399670
0.533546, 0.477032, -0.256946, -0.319255
0.536373, 0.502298, -0.420909, -0.459507
0.536981, 0.264781, 0.564421, 0.258442
0.538230, 0.854778, -0.508339, -0.150890
0.538303, 0.328356, 0.551090, 0.314299
0.540596, 0.812735, -0.502090, -0.193980
0.540983, 0.171192, 0.582893, 0.169642
0.541217, 0.115604, 0.587838, 0.115183
0.541218, 0.384591, 0.534054, 0.356839
0.541692, 0.142733, 0.586285, 0.141818
0.541775, 0.529978, -0.440150, -0.453539
0.542970, 0.719541, -0.487442, -0.286865
0.543223, 0.066545, 0.592730, 0.066449
0.543728, 0.783684, -0.495925, -0.223683
0.544058, 0.978916, -0.508266, -0.022108
0.544319, 0.936346, -0.507053, -0.066681
0.544386, 0.618937, -0.465923, -0.381194
0.544405, 0.410914, 0.519157, 0.368591
0.544478, 0.892248, -0.504808, -0.112622
0.545017, 0.022048, 0.595651, 0.022023
0.545762, 0.694540, -0.480689, -0.311502
0.545839, 0.760093, -0.491064, -0.247567
0.545875, 0.197843, 0.583746, 0.194565
0.546600, 0.288838, 0.568054, 0.278207
0.546711, 0.575193, -0.451853, -0.419481
0.547346, 0.354449, 0.552569, 0.334886
0.549131, 0.643531, -0.467548, -0.360127
0.549332, 0.435896, 0.472509, 0.346571
0.550642, 0.223315, 0.584316, 0.217851
0.551303, 0.837249, -0.493800, -0.169940
0.552587, 0.668790, -0.469778, -0.337426
0.553357, 0.461337, -0.305744, -0.407334
0.554055, 0.089925, 0.601727, 0.089040
0.555678, 0.551427, -0.437235, -0.442069
0.555760, 0.248068, 0.584573, 0.239794
0.556518, 0.737666, -0.477161, -0.271113
0.556976, 0.044611, 0.606675, 0.044208
0.557066, 0.868024, -0.490371, -0.138538
0.557425, 0.914124, -0.493086, -0.090463
0.557435, 1.000000, -0.494991, 0.000000
0.557731, 0.957538, -0.494225, -0.044811
0.557736, 0.486851, -0.402685, -0.482889
0.557838, 0.308530, 0.573094, 0.292658
0.558102, 0.510995, -0.419534, -0.472961
0.558563, 0.598652, -0.448322, -0.402716
0.559743, 0.000000, 0.610171, 0.000000
0.560899, 0.332652, 0.568164, 0.311274
0.561542, 0.272798, 0.584426, 0.260776
0.561956, 0.799543, -0.479824, -0.209642
0.562817, 0.158400, 0.604520, 0.154912
0.564514, 0.132351, 0.608622, 0.129663
0.564544, 0.397143, 0.535712, 0.346826
0.564586, 0.371444, 0.564778, 0.347175
0.565526, 0.183873, 0.603972, 0.178824
0.565863, 0.110205, 0.611535, 0.108123
0.566332, 0.711527, -0.463819, -0.298401
0.567765, 0.623703, -0.446066, -0.382367
0.567923, 0.820497, -0.475912, -0.188683
0.568450, 0.687607, -0.457928, -0.322124
0.568473, 0.776947, -0.470718, -0.233309
0.568764, 0.068015, 0.617041, 0.066815
0.569613, 0.530004, -0.418691, -0.463638
0.569851, 0.891336, -0.479496, -0.115037
0.569856, 0.421279, 0.419498, 0.257194
0.570513, 0.209477, 0.604628, 0.202014
0.570903, 0.022036, 0.620296, 0.021652
0.570917, 0.935701, -0.480374, -0.068247
0.570931, 0.576434, -0.431784, -0.425510
0.571167, 0.978812, -0.481061, -0.022518
0.572583, 0.649297, -0.447036, -0.359584
0.572820, 0.754275, -0.463505, -0.256705
0.573445, 0.447111, -0.391029, -0.531131
0.573559, 0.846934, -0.472661, -0.161764
0.575279, 0.348631, 0.573613, 0.318532
0.575498, 0.234946, 0.604666, 0.224393
0.576842, 0.473882, -0.389762, -0.506201
0.576906, 0.291101, 0.593855, 0.273319
0.579125, 0.554298, -0.418534, -0.446749
0.579845, 0.261122, 0.603170, 0.246749
0.580706, 0.728253, -0.452383, -0.283974
0.580760, 0.502728, -0.400415, -0.488955
0.580808, 0.090770, 0.627040, 0.088321
0.581500, 0.318895, 0.589502, 0.294852
0.582126, 0.671044, -0.442125, -0.340624
0.582181, 0.045095, 0.630525, 0.043946
0.582444, 0.601598, -0.427787, -0.405953
0.583116, 0.870148, -0.464882, -0.138180
0.583519, 0.913429, -0.466793, -0.092353
0.584488, 0.957377, -0.467262, -0.045571
0.584542, 1.000000, -0.467656, 0.000000
0.585216, 0.144735, 0.626389, 0.139535
0.585934, 0.385724, 0.603659, 0.378688
0.586542, 0.170900, 0.624741, 0.164003
0.586920, 0.000000, 0.636052, 0.000000
0.587402, 0.798408, -0.454304, -0.213395
0.589762, 0.116787, 0.633546, 0.112647
0.589982, 0.699428, -0.439051, -0.314035
0.590021, 0.824804, -0.454278, -0.186245
0.590441, 0.628287, -0.426143, -0.382955
0.590489, 0.196152, 0.624723, 0.186793
0.591626, 0.406912, 0.049585, -0.150727
0.592312, 0.529422, -0.400243, -0.471701
0.592768, 0.773279, -0.446091, -0.239808
0.593449, 0.365837, 0.572839, 0.317328
0.593853, 0.431438, -0.408658, -0.591284
0.594337, 0.067951, 0.641098, 0.065590
0.595289, 0.579612, -0.411048, -0.428897
0.595401, 0.221323, 0.624759, 0.208724
0.596211, 0.022269, 0.643971, 0.021503
0.596258, 0.748168, -0.439554, -0.265864
0.596455, 0.891672, -0.452498, -0.116106
0.596669, 0.457263, -0.376058, -0.533489
0.597207, 0.935726, -0.453771, -0.069085
0.598001, 0.341325, 0.608953, 0.321048
0.598182, 0.978589, -0.453709, -0.023050
0.598395, 0.483636, -0.380482, -0.510498
0.598865, 0.651292, -0.422609, -0.362685
0.599101, 0.849684, -0.447054, -0.160824
0.599316, 0.273960, 0.616591, 0.253348
0.599431, 0.246787, 0.623063, 0.230147
0.600352, 0.554814, -0.400274, -0.452045
0.600428, 0.297908, 0.611342, 0.273097
0.602343, 0.721248, -0.430181, -0.294085
0.604550, 0.091539, 0.648908, 0.087517
0.604786, 0.510097, -0.384088, -0.491540
0.605306, 0.607834, -0.408059, -0.405171
0.605416, 0.677278, -0.420722, -0.338473
0.605682, 0.319872, 0.601026, 0.281386
0.607028, 0.135608, 0.647137, 0.128759
0.607446, 0.045824, 0.654029, 0.043859
0.608104, 0.160820, 0.645306, 0.151974
0.609657, 0.914401, -0.440227, -0.092442
0.609882, 0.869654, -0.437707, -0.140436
0.611189, 0.809097, -0.431476, -0.204603
0.611352, 0.956924, -0.439934, -0.046641
0.611441, 1.000000, -0.440324, 0.000000
0.611488, 0.185268, 0.644993, 0.173799
0.612333, 0.386513, 0.074163, -0.171275
0.613669, 0.786663, -0.426605, -0.228236
0.613933, 0.832889, -0.430498, -0.179676
0.614432, 0.000000, 0.661762, 0.000000
0.614921, 0.413327, -0.333236, -0.559923
0.615896, 0.111005, 0.657648, 0.105019
0.615934, 0.209662, 0.644745, 0.194801
0.615951, 0.699441, -0.413647, -0.317969
0.616073, 0.630719, -0.402331, -0.385588
0.616850, 0.439389, -0.352611, -0.552920
0.617031, 0.537665, -0.381324, -0.471532
0.617298, 0.359910, 0.717674, 0.430193
0.617701, 0.589126, -0.392587, -0.425158
0.617824, 0.763745, -0.419812, -0.252435
0.619352, 0.740887, -0.415604, -0.276208
0.619790, 0.464928, -0.357989, -0.533114
0.619947, 0.069944, 0.664648, 0.066210
0.620321, 0.234344, 0.643602, 0.215300
0.620345, 0.022632, 0.666248, 0.021472
0.620364, 0.565682, -0.384895, -0.447108
0.620906, 0.489472, -0.364669, -0.513574
0.621521, 0.260260, 0.637775, 0.236092
0.622077, 0.893355, -0.426379, -0.115666
0.622390, 0.657392, -0.400861, -0.360783
0.623276, 0.285240, 0.633423, 0.256930
0.624151, 0.935155, -0.426211, -0.070567
0.624439, 0.335966, 0.568282, 0.247156
0.624995, 0.978270, -0.426356, -0.023692
0.626661, 0.309379, 0.632728, 0.278742
0.627537, 0.515337, -0.366439, -0.493754
0.627969, 0.721016, -0.404562, -0.297748
0.629835, 0.849559, -0.415286, -0.163055
0.630038, 0.151565, 0.665841, 0.140815
0.630795, 0.128902, 0.669269, 0.120152
0.631783, 0.048435, 0.676059, 0.045484
0.632164, 0.091079, 0.674167, 0.085212
0.632191, 0.680227, -0.394694, -0.339598
0.632630, 0.610049, -0.382702, -0.408509
0.633150, 0.175457, 0.665510, 0.161782
0.633609, 0.872314, -0.413259, -0.139001
0.634998, 0.821878, -0.408292, -0.193223
0.635526, 0.398545, -0.323451, -0.588962
0.636557, 0.797640, -0.404294, -0.218956
0.636765, 0.913109, -0.412324, -0.094985
0.636941, 0.373003, -0.205472, -0.492636
0.637123, 0.199217, 0.664808, 0.181920
0.638075, 1.000000, -0.413064, 0.000000
0.638112, 0.956248, -0.412505, -0.047966
0.638306, 0.424754, -0.329611, -0.570038
0.638445, 0.638978, -0.382064, -0.381454
0.639811, 0.773752, -0.398561, -0.244417
0.640154, 0.555824, -0.364729, -0.460700
0.640804, 0.448812, -0.335866, -0.552582
0.641122, 0.584080, -0.369455, -0.434463
0.641632, 0.025280, 0.685766, 0.023606
0.641748, 0.222844, 0.664026, 0.201210
0.642132, 0.534212, -0.358087, -0.480679
0.642140, 0.748689, -0.393246, -0.270727
0.642292, 0.000000, 0.687016, 0.000000
0.643092, 0.701589, -0.386635, -0.319438
0.643406, 0.498018, -0.348064, -0.512722
0.643635, 0.474453, -0.341434, -0.532744
0.643942, 0.247998, 0.659515, 0.221072
0.644084, 0.349481, 0.402931, 0.084048
0.645155, 0.110977, 0.684065, 0.102466
0.645577, 0.272487, 0.651464, 0.237706
0.647604, 0.071203, 0.689662, 0.065871
0.647733, 0.323820, 0.637634, 0.277550
0.647881, 0.297301, 0.657225, 0.268111
0.648971, 0.663131, -0.375461, -0.359215
0.649349, 0.890390, -0.398050, -0.120299
0.649868, 0.726236, -0.382896, -0.295034
0.650754, 0.933655, -0.398798, -0.073086
0.651488, 0.977968, -0.399127, -0.024323
0.653104, 0.621451, -0.364683, -0.400889
0.653307, 0.837765, -0.390924, -0.177768
0.653651, 0.160831, 0.685093, 0.145941
0.653794, 0.136963, 0.688845, 0.124897
0.655265, 0.863834, -0.390363, -0.149570
0.656204, 0.049434, 0.697962, 0.045471
0.656837, 0.516582, -0.340746, -0.499770
0.657507, 0.384188, -0.291319, -0.596360
0.658157, 0.186630, 0.684855, 0.167382
0.658338, 0.411552, -0.309802, -0.586902
0.658655, 0.811731, -0.382896, -0.206031
0.659495, 0.568174, -0.349208, -0.453315
0.659955, 0.598956, -0.354337, -0.424015
0.660475, 0.685846, -0.367068, -0.337896
0.660614, 0.092449, 0.699593, 0.084354
0.661824, 0.787081, -0.377340, -0.232601
0.662592, 0.022956, 0.705023, 0.021045
0.662927, 0.909845, -0.385130, -0.099708
0.662975, 0.460935, -0.321547, -0.549619
0.663368, 0.210017, 0.684412, 0.185817
0.664015, 0.762080, -0.372777, -0.259436
0.664269, 0.955450, -0.385504, -0.049447
0.664350, 0.435714, -0.313133, -0.570500
0.664392, 0.645136, -0.357271, -0.379341
0.664445, 1.000000, -0.385877, 0.000000
0.664890, 0.360780, -0.308503, -0.647112
0.665713, 0.235436, 0.680935, 0.206745
0.666021, 0.541891, -0.337762, -0.478846
0.666204, 0.490628, -0.326437, -0.525134
0.668571, 0.710290, -0.361867, -0.313795
0.668717, 0.260332, 0.674159, 0.222879
0.668887, 0.738261, -0.364851, -0.284789
0.669149, 0.337062, -0.052170, -0.411812
0.669508, 0.118708, 0.704674, 0.106982
0.669649, 0.284337, 0.662429, 0.237230
0.669794, 0.310428, 0.706915, 0.312768
0.670197, 0.000000, 0.711285, 0.000000
0.673256, 0.883033, -0.373103, -0.129785
0.674570, 0.851470, -0.369712, -0.164453
0.675673, 0.170391, 0.702096, 0.150782
0.675723, 0.072259, 0.714425, 0.065137
0.676086, 0.668609, -0.348951, -0.357539
0.676101, 0.932051, -0.372495, -0.075745
0.676513, 0.622291, -0.341861, -0.403971
0.676790, 0.396875, -0.290320, -0.603649
0.676935, 0.583405, -0.334929, -0.441604
0.677119, 0.145862, 0.707401, 0.129708
0.677587, 0.977628, -0.372115, -0.025010
0.677603, 0.045830, 0.717006, 0.041316
0.678404, 0.826583, -0.363706, -0.191744
0.678831, 0.516183, -0.320778, -0.505344
0.681790, 0.472509, -0.308307, -0.544466
0.683335, 0.801357, -0.356372, -0.219386
0.683957, 0.559940, -0.324294, -0.465565
0.684249, 0.373192, -0.282687, -0.629810
0.684815, 0.195070, 0.704374, 0.168924
0.684826, 0.099337, 0.719946, 0.088418
0.685205, 0.419843, -0.291638, -0.589451
0.685876, 0.775219, -0.351564, -0.247843
0.686519, 0.907344, -0.360619, -0.103635
0.686576, 0.019419, 0.725960, 0.017372
0.686668, 0.221463, 0.700291, 0.189958
0.686694, 0.693939, -0.341554, -0.333192
0.687540, 0.448328, -0.297573, -0.567022
0.688849, 0.603351, -0.326406, -0.424094
0.688910, 0.645329, -0.332881, -0.382948
0.689243, 0.723382, -0.342188, -0.302719
0.689510, 0.750460, -0.344951, -0.274338
0.689789, 0.954669, -0.358984, -0.050936
0.690066, 0.247318, 0.701914, 0.215673
0.690553, 1.000000, -0.358799, 0.000000
0.690884, 0.323487, -0.209635, -0.607450
0.691278, 0.865503, -0.352994, -0.150127
0.691822, 0.296144, 0.684853, 0.258830
0.691969, 0.494885, -0.304190, -0.527008
0.692088, 0.537074, -0.312500, -0.488771
0.692538, 0.349000, -0.254480, -0.635163
0.693107, 0.125764, 0.723763, 0.110412
0.693957, 0.272702, 0.684974, 0.220713
0.697108, 0.170554, 0.719711, 0.147227
0.699210, 0.061468, 0.735106, 0.054101
0.699438, 0.395494, -0.274049, -0.613717
0.699594, 0.000000, 0.736947, 0.000000
0.699596, 0.841149, -0.342540, -0.177497
0.699883, 0.037794, 0.736741, 0.033324
0.699951, 0.668027, -0.324658, -0.361440
0.700112, 0.886403, -0.345156, -0.127589
0.700650, 0.931100, -0.346892, -0.077721
0.701489, 0.149854, 0.726949, 0.129310
0.701872, 0.580640, -0.310324, -0.448715
0.702350, 0.085425, 0.736151, 0.074721
0.702899, 0.624917, -0.315572, -0.404939
0.703325, 0.977333, -0.345305, -0.025667
0.703850, 0.817398, -0.336289, -0.203842
0.704625, 0.432437, -0.278986, -0.584381
0.704633, 0.470911, -0.287806, -0.551434
0.705249, 0.515305, -0.295900, -0.511094
0.706196, 0.789868, -0.331684, -0.234109
0.707906, 0.208656, 0.716491, 0.171911
0.708451, 0.711918, -0.321087, -0.317049
0.708637, 0.371081, -0.257794, -0.633456
0.708886, 0.558413, -0.299911, -0.471302
0.710218, 0.688054, -0.316334, -0.341920
0.710458, 0.111101, 0.740128, 0.095839
0.710673, 0.233471, 0.724192, 0.202438
0.711058, 0.764167, -0.323886, -0.262076
0.711196, 0.306651, -0.339249, -0.783139
0.711501, 0.186888, 0.729056, 0.158888
0.711947, 0.738872, -0.320245, -0.288975
0.712157, 0.908850, -0.333665, -0.103144
0.714421, 0.259585, 0.761984, 0.267399
0.714627, 0.412138, -0.265778, -0.604239
0.714780, 0.601743, -0.300658, -0.430052
0.714948, 0.330274, -0.264817, -0.690466
0.714959, 0.647525, -0.306356, -0.383883
0.715012, 0.954358, -0.332606, -0.051936
0.715555, 0.018916, 0.751105, 0.016411
0.715575, 0.861492, -0.327158, -0.156234
0.716467, 1.000000, -0.331768, 0.000000
0.716902, 0.452084, -0.272838, -0.570438
0.717675, 0.492175, -0.280144, -0.535037
0.718377, 0.536261, -0.286991, -0.493748
0.719293, 0.137114, 0.743774, 0.116416
0.719814, 0.351021, -0.251426, -0.660569
0.719884, 0.284934, 0.015128, -0.451413
0.722268, 0.043302, 0.755765, 0.037204
0.722745, 0.069595, 0.754342, 0.059555
0.724238, 0.884696, -0.319731, -0.131007
0.724550, 0.806352, -0.313635, -0.217821
0.724602, 0.165087, 0.741120, 0.135837
0.724803, 0.836634, -0.315695, -0.184498
0.724878, 0.388688, -0.250911, -0.625705
0.726087, 0.931777, -0.320127, -0.077914
0.727532, 0.670092, -0.296197, -0.362469
0.727672, 0.622350, -0.290354, -0.411240
0.727825, 0.095165, 0.756219, 0.080596
0.727830, 0.580101, -0.284381, -0.452981
0.728855, 0.000000, 0.762672, 0.000000
0.728964, 0.977534, -0.318426, -0.025788
0.730285, 0.779364, -0.305029, -0.247660
0.730663, 0.724034, -0.299144, -0.306841
0.730692, 0.513115, -0.271504, -0.517911
0.731112, 0.215565, 0.734035, 0.173477
0.731336, 0.432057, -0.255895, -0.591085
0.731472, 0.698105, -0.295235, -0.333883
0.731974, 0.471789, -0.263105, -0.556076
0.733413, 0.558392, -0.275647, -0.474812
0.733477, 0.242631, 0.806347, 0.275992
0.733978, 0.192498, 0.750765, 0.163747
0.734176, 0.310939, -0.198486, -0.664578
0.735611, 0.752529, -0.296801, -0.277048
0.735684, 0.121318, 0.759183, 0.101051
0.736625, 0.908222, -0.307814, -0.105112
0.737444, 0.365707, -0.236338, -0.649016
0.738468, 0.642886, -0.281706, -0.391687
0.739583, 0.267431, -0.054189, -0.557825
0.739947, 0.860809, -0.301376, -0.158796
0.740497, 0.955391, -0.305783, -0.051446
0.741010, 0.410615, -0.242900, -0.611764
0.741772, 0.600697, -0.273090, -0.434563
0.741868, 0.336001, -0.217140, -0.665937
0.742077, 0.023392, 0.773090, 0.019619
0.742176, 0.821279, -0.295738, -0.202719
0.742229, 0.052284, 0.771671, 0.043790
0.742496, 1.000000, -0.304405, 0.000000
0.742617, 0.148596, 0.759578, 0.121156
0.743239, 0.534385, -0.262632, -0.499654
0.745046, 0.492509, -0.254452, -0.539416
0.745193, 0.451181, -0.247210, -0.577091
0.746451, 0.078637, 0.772831, 0.065091
0.747653, 0.290544, -0.209003, -0.709137
0.748010, 0.884154, -0.294487, -0.133153
0.748648, 0.796489, -0.286885, -0.230670
0.748988, 0.389399, -0.231644, -0.631588
0.749732, 0.175354, 0.755067, 0.135608
0.750143, 0.661017, -0.271451, -0.374211
0.750689, 0.933003, -0.294141, -0.077521
0.751250, 0.684252, -0.272874, -0.350377
0.751639, 0.224893, 0.827077, 0.259415
0.751937, 0.732965, -0.277213, -0.299315
0.752309, 0.104883, 0.774693, 0.085837
0.753681, 0.842262, -0.285094, -0.180398
0.754004, 0.709136, -0.272630, -0.324768
0.754271, 0.622057, -0.262824, -0.414582
0.754580, 0.771324, -0.278455, -0.258805
0.754973, 0.579329, -0.256846, -0.457153
0.755194, 0.977830, -0.290750, -0.025825
0.755697, 0.000000, 0.784269, 0.000000
0.755958, 0.556294, -0.253010, -0.480088
0.757272, 0.513632, -0.245906, -0.521449
0.758332, 0.428684, -0.231257, -0.599842
0.758534, 0.248775, -0.078679, -0.619014
0.758588, 0.202113, 0.811221, 0.209721
0.758603, 0.354008, -0.214495, -0.661952
0.759084, 0.314622, -0.206695, -0.695270
0.759085, 0.472084, -0.237887, -0.560533
0.759921, 0.131180, 0.775755, 0.104521
0.760070, 0.910575, -0.282886, -0.103664
0.761920, 0.038615, 0.788425, 0.031465
0.764546, 0.375702, -0.215080, -0.646157
0.765264, 0.749166, -0.264398, -0.283223
0.765332, 0.062113, 0.789305, 0.050216
0.765711, 0.817664, -0.270215, -0.208812
0.766333, 0.271473, -0.193995, -0.732738
0.766354, 0.641882, -0.252466, -0.395767
0.766409, 0.955588, -0.278337, -0.051975
0.766694, 0.158237, 0.773571, 0.121715
0.768320, 0.863950, -0.271247, -0.157370
0.768729, 1.000000, -0.276657, 0.000000
0.768758, 0.405732, -0.217725, -0.621669
0.768782, 0.602016, -0.245561, -0.436432
0.769259, 0.535947, -0.237132, -0.501640
0.769926, 0.888519, -0.270920, -0.129470
0.769964, 0.088424, 0.790065, 0.070368
0.770969, 0.335883, -0.202264, -0.681678
0.771407, 0.450021, -0.222941, -0.583064
0.771547, 0.019615, 0.796824, 0.015846
0.772428, 0.493486, -0.228345, -0.542612
0.772549, 0.792660, -0.260821, -0.237095
0.772640, 0.668062, -0.248513, -0.369366
0.774656, 0.226560, 0.315421, -0.262992
0.774834, 0.694323, -0.248907, -0.342371
0.774972, 0.293726, -0.188872, -0.715155
0.775349, 0.183764, 0.792584, 0.156910
0.776020, 0.721525, -0.250354, -0.313959
0.776098, 0.932906, -0.267017, -0.078731
0.776977, 0.113100, 0.792856, 0.089383
0.778369, 0.561498, -0.231075, -0.477750
0.779164, 0.839364, -0.257567, -0.185890
0.780894, 0.769386, -0.249483, -0.263031
0.781744, 0.977602, -0.262622, -0.026532
0.781818, 0.584246, -0.230233, -0.455813
0.782501, 0.620985, -0.233464, -0.418975
0.783280, 0.516228, -0.220732, -0.522411
0.783366, 0.140892, 0.787696, 0.104083
0.783798, 0.386449, -0.200966, -0.641402
0.783940, 0.250477, -0.151427, -0.729892
0.784293, 0.000000, 0.807220, 0.000000
0.784435, 0.427425, -0.207337, -0.605689
0.785285, 0.471823, -0.213107, -0.565146
0.785286, 0.909519, -0.255706, -0.106292
0.785788, 0.360582, -0.194606, -0.664132
0.786368, 0.314986, -0.184271, -0.700963
0.786377, 0.069861, 0.804743, 0.054478
0.786728, 0.206525, 0.588049, -0.021915
0.787230, 0.043977, 0.808105, 0.034416
0.789204, 0.744677, -0.238301, -0.290543
0.789341, 0.647085, -0.228868, -0.392909
0.789432, 0.813778, -0.244210, -0.215286
0.791344, 0.882962, -0.247498, -0.137385
0.792201, 0.166019, 0.806395, 0.138244
0.792443, 0.954790, -0.250592, -0.053782
0.792969, 0.273350, -0.164007, -0.729436
0.793283, 0.542201, -0.213770, -0.498241
0.794120, 0.673918, -0.226309, -0.365536
0.794868, 1.000000, -0.248898, 0.000000
0.795028, 0.858972, -0.241926, -0.165146
0.795044, 0.093668, 0.807703, 0.070944
0.795756, 0.338010, -0.181464, -0.684496
0.796853, 0.406941, -0.192786, -0.625870
0.796964, 0.449151, -0.198866, -0.587935
0.797261, 0.700008, -0.225411, -0.338616
0.797768, 0.789005, -0.232870, -0.243271
0.798409, 0.122467, 0.807593, 0.093631
0.798500, 0.021641, 0.817522, 0.016639
0.798757, 0.494442, -0.203024, -0.545698
0.799598, 0.600352, -0.213476, -0.441417
0.800081, 0.722225, -0.224217, -0.315170
0.800257, 0.230229, -0.221033, -0.832904
0.801292, 0.930704, -0.239871, -0.082566
0.802492, 0.570103, -0.207396, -0.471779
0.802824, 0.294751, -0.165227, -0.719356
0.803621, 0.188766, 0.644290, 0.000483
0.804625, 0.834107, -0.229322, -0.193988
0.806001, 0.763821, -0.221691, -0.271508
0.806114, 0.627376, -0.209294, -0.414785
0.806522, 0.382500, -0.180254, -0.648924
0.806523, 0.518344, -0.198069, -0.523637
0.806692, 0.065448, 0.820708, 0.049161
0.808314, 0.976842, -0.234359, -0.027971
0.808395, 0.904492, -0.230546, -0.113741
0.808771, 0.147832, 0.804820, 0.104545
0.810404, 0.253959, -0.163818, -0.764913
0.810661, 0.472656, -0.188752, -0.567696
0.811434, 0.360165, -0.172246, -0.668937
0.811617, 0.000000, 0.827836, 0.000000
0.811660, 0.654938, -0.205800, -0.386786
0.812235, 0.426234, -0.181407, -0.610883
0.812809, 0.316305, -0.162850, -0.705550
0.814012, 0.042388, 0.827928, 0.031472
0.814182, 0.809037, -0.216531, -0.222689
0.814849, 0.878621, -0.221600, -0.144229
0.814862, 0.210602, -0.211300, -0.853634
0.815284, 0.544680, -0.191955, -0.498676
0.815553, 0.739126, -0.208769, -0.298513
0.815685, 0.682838, -0.203832, -0.358035
0.816284, 0.107283, 0.818376, 0.075249
0.817741, 0.952171, -0.223361, -0.057914
0.819498, 0.170617, 0.759251, 0.082835
0.819554, 0.085343, 0.826411, 0.061814
0.820168, 0.338002, -0.160926, -0.689174
0.820552, 1.000000, -0.221447, 0.000000
0.820790, 0.853549, -0.213100, -0.173462
0.820876, 0.448037, -0.175943, -0.591873
0.820976, 0.276914, -0.151155, -0.740714
0.822297, 0.587125, -0.188641, -0.456934
0.822362, 0.710672, -0.198999, -0.329456
0.822416, 0.783953, -0.205259, -0.251011
0.822992, 0.402583, -0.168288, -0.633922
0.823765, 0.129627, 0.842652, 0.112344
0.824830, 0.497307, -0.177587, -0.545880
0.824903, 0.925755, -0.214021, -0.089858
0.825024, 0.611160, -0.187910, -0.432960
0.826094, 0.021510, 0.837655, 0.015596
0.826749, 0.563482, -0.181942, -0.481089
0.826854, 0.233912, -0.136831, -0.773528
0.828261, 0.524378, -0.176755, -0.519689
0.829817, 0.636622, -0.184920, -0.407297
0.830232, 0.828357, -0.200363, -0.202630
0.831052, 0.299649, -0.145821, -0.723321
0.831112, 0.759357, -0.193357, -0.278184
0.831745, 0.377481, -0.156931, -0.657447
0.831922, 0.899185, -0.204382, -0.121713
0.831929, 0.061999, 0.839279, 0.044424
0.832692, 0.192125, -0.239151, -0.914967
0.834045, 0.662559, -0.182420, -0.380784
0.834124, 0.472176, -0.165777, -0.570492
0.834131, 0.973478, -0.206775, -0.032722
0.836412, 0.152052, 0.759380, 0.050163
0.837026, 0.687978, -0.181077, -0.354337
0.837238, 0.256905, -0.130792, -0.756008
0.837990, 0.352971, -0.147945, -0.679574
0.838329, 0.733668, -0.183324, -0.306359
0.838776, 0.872818, -0.194612, -0.152936
0.838828, 0.423140, -0.156065, -0.617405
0.838863, 0.000000, 0.847348, 0.000000
0.839207, 0.803338, -0.188146, -0.231171
0.840048, 0.324684, -0.142137, -0.704122
0.840848, 0.107202, 0.832920, 0.068571
0.841743, 0.946293, -0.196893, -0.066228
0.842078, 0.214317, -0.132715, -0.802343
0.842231, 0.447800, -0.155375, -0.594265
0.842256, 0.042529, 0.847918, 0.029555
0.842882, 0.083867, 0.840983, 0.055759
0.843777, 0.544029, -0.162667, -0.501658
0.844523, 1.000000, -0.195799, 0.000000
0.846086, 0.847162, -0.184179, -0.182888
0.847048, 0.514414, -0.156897, -0.531201
0.847055, 0.595756, -0.163464, -0.450499
0.847125, 0.172256, -0.241309, -0.947462
0.847506, 0.571506, -0.161039, -0.474750
0.847539, 0.711411, -0.171334, -0.330428
0.847553, 0.130549, 0.912234, 0.165957
0.847597, 0.778734, -0.176562, -0.258610
0.848020, 0.396769, -0.144433, -0.642265
0.848417, 0.919385, -0.187666, -0.099110
0.848623, 0.278202, -0.126672, -0.742750
0.850118, 0.619993, -0.162020, -0.426052
0.850690, 0.489351, -0.151040, -0.555762
0.853215, 0.020362, 0.855928, 0.013444
0.854060, 0.238619, -0.115705, -0.774331
0.854091, 0.644077, -0.159446, -0.401492
0.855494, 0.892330, -0.177472, -0.131715
0.855631, 0.753461, -0.165588, -0.286532
0.856078, 0.821706, -0.170655, -0.212289
0.856156, 0.300571, -0.124531, -0.726379
0.856990, 0.371001, -0.133244, -0.666383
0.857528, 0.667487, -0.157284, -0.377303
0.857565, 0.980656, -0.180551, -0.024371
0.859114, 0.066227, 0.857919, 0.045567
0.859874, 0.689804, -0.156124, -0.353847
0.859968, 0.464971, -0.139727, -0.579933
0.860689, 0.346178, -0.126980, -0.688281
0.861504, 0.195317, -0.089614, -0.795647
0.861896, 0.959903, -0.175440, -0.050549
0.862806, 0.438413, -0.134659, -0.605412
0.862916, 0.322249, -0.121929, -0.709084
0.862966, 0.865872, -0.166609, -0.163039
0.864377, 0.147441, -0.010519, -0.748954
0.864471, 0.729696, -0.153869, -0.312288
0.864509, 0.413805, -0.130719, -0.628471
0.864580, 0.093832, 0.842253, 0.046860
0.864968, 0.797434, -0.158431, -0.239611
0.865229, 0.531824, -0.139705, -0.515446
0.865914, 0.259125, -0.110301, -0.761247
0.866600, 0.000000, 0.866615, 0.000000
0.866834, 0.118591, 0.903499, 0.136548
0.866874, 0.219613, -0.098492, -0.786803
0.867324, 0.936365, -0.167913, -0.080001
0.867474, 0.041358, 0.865260, 0.027479
0.867733, 0.556622, -0.138896, -0.491150
0.869653, 0.171183, -0.056896, -0.789989
0.869847, 0.505383, -0.133096, -0.541805
0.870388, 0.582466, -0.137839, -0.465365
0.871115, 0.840075, -0.155029, -0.193089
0.871867, 1.000000, -0.164879, 0.000000
0.872011, 0.607045, -0.137723, -0.440601
0.872275, 0.910855, -0.160087, -0.111294
0.872382, 0.772510, -0.148102, -0.267251
0.873394, 0.387131, -0.119837, -0.653862
0.874619, 0.706767, -0.140978, -0.337064
0.875570, 0.631487, -0.135396, -0.415704
0.876260, 0.283885, -0.105748, -0.743295
0.877332, 0.481704, -0.123841, -0.565396
0.879282, 0.655818, -0.132792, -0.390685
0.879548, 0.884337, -0.149211, -0.143204
0.880910, 0.021089, 0.871399, 0.010916
0.881398, 0.747255, -0.136077, -0.294766
0.881892, 0.680464, -0.131348, -0.365086
0.882469, 0.060230, 0.875530, 0.041396
0.882967, 0.815058, -0.139196, -0.221656
0.882987, 0.360944, -0.108505, -0.678249
0.883180, 0.307216, -0.102759, -0.724805
0.883539, 0.333932, -0.105309, -0.701898
0.883993, 0.238088, -0.092893, -0.780065
0.884034, 0.977782, -0.151223, -0.028905
0.884157, 0.456123, -0.115234, -0.590501
0.885001, 0.082100, 0.892003, 0.072298
0.885247, 0.431919, -0.112391, -0.613341
0.887079, 0.209330, -0.087526, -0.803274
0.887473, 0.132363, -0.138472, -0.913004
0.887603, 0.858522, -0.137527, -0.173670
0.888133, 0.954370, -0.145707, -0.059114
0.888175, 0.521636, -0.115497, -0.526992
0.888351, 0.184911, -0.084032, -0.821993
0.888418, 0.405685, -0.107304, -0.638100
0.889039, 0.106301, 0.621370, -0.168496
0.889714, 0.157158, -0.093199, -0.856071
0.890326, 0.543765, -0.114555, -0.505084
0.890488, 0.264572, -0.091439, -0.760687
0.890648, 0.790837, -0.128547, -0.248702
0.890935, 0.723035, -0.123837, -0.321088
0.891632, 0.929136, -0.139540, -0.090908
0.891726, 0.568251, -0.114509, -0.480851
0.893826, 0.000000, 0.884182, 0.000000
0.894111, 0.593780, -0.113391, -0.455316
0.895467, 0.499512, -0.106756, -0.549416
0.895565, 0.903227, -0.132304, -0.122516
0.896084, 0.041746, 0.893259, 0.034981
0.896337, 0.834098, -0.125136, -0.201668
0.896757, 0.765312, -0.119784, -0.276428
0.896793, 0.619074, -0.111858, -0.429739
0.897790, 1.000000, -0.136398, 0.000000
0.898903, 0.381166, -0.095516, -0.661453
0.899014, 0.698146, -0.113406, -0.347666
0.900454, 0.644516, -0.109160, -0.403714
0.902063, 0.473917, -0.098613, -0.574691
0.902909, 0.670370, -0.107720, -0.376958
0.903950, 0.341863, -0.087753, -0.696844
0.904060, 0.291744, -0.083214, -0.740091
0.904074, 0.876980, -0.119782, -0.154027
0.906065, 0.423823, -0.091645, -0.622352
0.906076, 0.317278, -0.083794, -0.718739
0.907194, 0.739174, -0.106424, -0.304992
0.907446, 0.066320, 0.923393, 0.078149
0.908009, 0.221724, -0.072066, -0.796473
0.908303, 0.021864, 0.881926, 0.006903
0.909223, 0.245729, -0.074102, -0.778256
0.909335, 0.973592, -0.122976, -0.035707
0.909413, 0.447981, -0.089799, -0.599626
0.910210, 0.807475, -0.107074, -0.232091
0.910561, 0.090366, 0.341886, -0.476897
0.910840, 0.195801, -0.066354, -0.815700
0.910909, 0.169632, -0.062559, -0.834005
0.910921, 0.116991, -0.139799, -0.951250
0.911351, 0.142672, -0.067490, -0.861715
0.911796, 0.360885, -0.082037, -0.680393
0.912046, 0.946278, -0.117380, -0.071504
0.912115, 0.523603, -0.090985, -0.526520
0.913175, 0.551014, -0.091215, -0.499686
0.913241, 0.270300, -0.073389, -0.758739
0.913877, 0.855342, -0.106085, -0.179186
0.914007, 0.400595, -0.082567, -0.644643
0.914859, 0.577971, -0.090638, -0.472638
0.915080, 0.919639, -0.110779, -0.104759
0.915313, 0.781829, -0.099407, -0.259718
0.917032, 0.715786, -0.094136, -0.330216
0.917211, 0.496031, -0.084454, -0.553641
0.917496, 0.604723, -0.088947, -0.445519
0.918514, 0.830382, -0.098664, -0.207173
0.918611, 0.893746, -0.103772, -0.135827
0.920265, 0.756363, -0.092333, -0.287235
0.920448, 0.000000, 0.898399, 0.000000
0.920546, 0.631409, -0.086729, -0.418266
0.920907, 0.687902, -0.088568, -0.359554
0.921940, 0.046361, 0.993865, 0.121398
0.922011, 1.000000, -0.109061, 0.000000
0.923236, 0.658908, -0.084853, -0.389895
0.925736, 0.468729, -0.074648, -0.580823
0.927830, 0.379135, -0.068244, -0.665049
0.927843, 0.334684, -0.065691, -0.705135
0.927921, 0.425028, -0.070455, -0.622226
0.928945, 0.309093, -0.063084, -0.727666
0.932005, 0.285569, -0.058790, -0.747624
0.932291, 0.233166, -0.054516, -0.790323
0.932341, 0.208019, -0.052099, -0.809434
0.932477, 0.072390, 0.237254, -0.610706
0.932700, 0.100562, -0.079036, -0.920495
0.933226, 0.873172, -0.084307, -0.160927
0.933246, 0.154824, -0.043762, -0.845262
0.933281, 0.181426, -0.048356, -0.828563
0.933411, 0.022728, 0.932504, 0.056644
0.933481, 0.127808, -0.038352, -0.861189
0.933553, 0.956619, -0.092510, -0.060194
0.933604, 0.980178, -0.094053, -0.028102
0.934123, 0.258339, -0.055079, -0.770378
0.934556, 0.537186, -0.068313, -0.514056
0.935090, 0.734472, -0.074499, -0.311548
0.935468, 0.930351, -0.087064, -0.093909
0.935548, 0.791774, -0.076344, -0.250227
0.935701, 0.563524, -0.068009, -0.487801
0.935912, 0.512082, -0.066004, -0.538718
0.936293, 0.447862, -0.063237, -0.601094
0.936688, 0.816512, -0.076376, -0.223799
0.936868, 0.356155, -0.058604, -0.686564
0.937369, 0.845737, -0.077121, -0.191544
0.937685, 0.590212, -0.066768, -0.460919
0.937850, 0.902968, -0.081039, -0.126910
0.938551, 0.400596, -0.059087, -0.645792
0.938848, 0.705363, -0.069134, -0.342036
0.939062, 0.764726, -0.071011, -0.279240
0.939508, 0.486467, -0.061444, -0.563943
0.940187, 0.617352, -0.064910, -0.433317
0.941165, 0.675767, -0.065568, -0.372879
0.942137, 0.645520, -0.063614, -0.404372
0.946293, 0.045905, 0.695590, -0.182348
0.946582, 0.000000, 0.976673, 0.000000
0.949551, 1.000000, -0.074433, 0.000000
0.951394, 0.423620, -0.047547, -0.624770
0.951973, 0.325992, -0.043460, -0.714628
0.953980, 0.300131, -0.040545, -0.736975
0.954741, 0.377736, -0.042828, -0.667834
0.954906, 0.088508, -0.067819, -0.933858
0.955130, 0.273578, -0.038331, -0.759357
0.955227, 0.467551, -0.045008, -0.582898
0.955228, 0.194200, -0.033866, -0.821909
0.955300, 0.220408, -0.035404, -0.802105
0.955341, 0.114396, -0.029207, -0.877391
0.955571, 0.167527, -0.031940, -0.841215
0.955571, 0.140972, -0.030114, -0.859281
0.955658, 0.886034, -0.057397, -0.148197
0.955943, 0.246452, -0.036326, -0.781615
0.956012, 0.943411, -0.062064, -0.079796
0.956452, 0.971737, -0.064729, -0.042008
0.956623, 0.859363, -0.054456, -0.177941
0.956934, 0.747424, -0.049855, -0.298618
0.956988, 0.548911, -0.045202, -0.503104
0.957176, 0.064713, -0.043023, -0.922041
0.957292, 0.915272, -0.057481, -0.114311
0.957315, 0.830790, -0.052248, -0.209315
0.957618, 0.720106, -0.048330, -0.327314
0.957643, 0.522564, -0.043910, -0.529250
0.957940, 0.350625, -0.038897, -0.692433
0.958128, 0.575806, -0.044588, -0.476081
0.958361, 0.803122, -0.049919, -0.239244
0.958502, 0.776498, -0.048826, -0.267603
0.958607, 0.024143, 0.918982, 0.059722
0.959266, 0.496220, -0.041619, -0.555150
0.959511, 0.691224, -0.045502, -0.357461
0.959886, 0.603261, -0.043276, -0.448226
0.960225, 0.661484, -0.044066, -0.388287
0.960819, 0.443322, -0.038813, -0.606321
0.961131, 0.631646, -0.042485, -0.419152
0.962125, 0.402653, -0.036515, -0.644783
0.972154, 0.000000, 1.220632, 0.000000
0.974027, 1.000000, -0.041882, 0.000000
0.975577, 0.045739, -0.135508, -1.027449
0.976275, 0.313130, -0.021188, -0.726362
0.977286, 0.951897, -0.033569, -0.070740
0.977296, 0.287025, -0.019716, -0.748839
0.977382, 0.898160, -0.030089, -0.135833
0.977668, 0.099873, -0.009901, -0.883359
0.977678, 0.260395, -0.018757, -0.771079
0.977704, 0.180316, -0.016293, -0.833127
0.977706, 0.206890, -0.017232, -0.813478
0.977799, 0.126689, -0.013297, -0.868849
0.977847, 0.925588, -0.030901, -0.103752
0.977862, 0.153530, -0.015022, -0.851778
0.977899, 0.479043, -0.022395, -0.572638
0.977944, 0.366137, -0.020681, -0.678984
0.977950, 0.338238, -0.020200, -0.704221
0.977998, 0.233469, -0.017799, -0.792851
0.978068, 0.844097, -0.027276, -0.195755
0.978072, 0.871316, -0.028099, -0.165931
0.978409, 0.977288, -0.033848, -0.035331
0.978412, 0.760515, -0.025216, -0.285303
0.978698, 0.422802, -0.020827, -0.626332
0.978774, 0.732986, -0.024405, -0.314341
0.978863, 0.534687, -0.022063, -0.517675
0.978881, 0.561714, -0.022346, -0.490641
0.978882, 0.816544, -0.025634, -0.225476
0.979077, 0.073189, -0.025918, -0.915096
0.979162, 0.705106, -0.023601, -0.343510
0.979586, 0.676259, -0.022793, -0.373482
0.979630, 0.788570, -0.024220, -0.255417
0.979705, 0.589304, -0.021761, -0.462729
0.979773, 0.507321, -0.020805, -0.544778
0.979952, 0.647194, -0.022074, -0.403454
0.980192, 0.452276, -0.019726, -0.598241
0.980223, 0.392586, -0.018974, -0.654781
0.980489, 0.617849, -0.021201, -0.433588
0.982486, 0.020013, 0.283371, -0.665009
1.000000, 0.000000, 0.000000, 0.000000
1.000000, 0.030936, 0.000000, -0.996780
1.000000, 0.057655, 0.000000, -0.895162
1.000000, 0.085657, 0.000000, -0.887702
1.000000, 0.112697, 0.000000, -0.877972
1.000000, 0.139670, 0.000000, -0.861696
1.000000, 0.166581, 0.000000, -0.843439
1.000000, 0.193337, 0.000000, -0.824100
1.000000, 0.220045, 0.000000, -0.803769
1.000000, 0.246890, 0.000000, -0.782406
1.000000, 0.273566, 0.000000, -0.760480
1.000000, 0.300022, 0.000000, -0.738067
1.000000, 0.325974, 0.000000, -0.715611
1.000000, 0.352860, 0.000000, -0.691440
1.000000, 0.379982, 0.000000, -0.666799
1.000000, 0.408530, 0.000000, -0.639844
1.000000, 0.436563, 0.000000, -0.613637
1.000000, 0.465138, 0.000000, -0.585932
1.000000, 0.492364, 0.000000, -0.559750
1.000000, 0.520472, 0.000000, -0.531796
1.000000, 0.548014, 0.000000, -0.504491
1.000000, 0.575635, 0.000000, -0.476756
1.000000, 0.603888, 0.000000, -0.448004
1.000000, 0.632815, 0.000000, -0.418320
1.000000, 0.661550, 0.000000, -0.388839
1.000000, 0.690101, 0.000000, -0.359297
1.000000, 0.718336, 0.000000, -0.329867
1.000000, 0.746211, 0.000000, -0.300609
1.000000, 0.773780, 0.000000, -0.271512
1.000000, 0.801847, 0.000000, -0.241428
1.000000, 0.829313, 0.000000, -0.212063
1.000000, 0.856088, 0.000000, -0.183174
1.000000, 0.882475, 0.000000, -0.154116
1.000000, 0.907977, 0.000000, -0.125355
1.000000, 0.932670, 0.000000, -0.095970
1.000000, 0.955843, 0.000000, -0.066292
1.000000, 0.978099, 0.000000, -0.034174
1.000000, 1.000000, 0.000000, 0.000000
