0.000000, 0.000000, 0.000000, 0.000000
0.000000, 0.029021, 0.000000, 0.073800
0.000000, 0.056003, 0.000000, 0.129529
0.000000, 0.082472, 0.000000, 0.180603
0.000000, 0.109014, 0.000000, 0.230484
0.000000, 0.136105, 0.000000, 0.280436
0.000000, 0.164611, 0.000000, 0.332622
0.000000, 0.194376, 0.000000, 0.387977
0.000000, 0.222208, 0.000000, 0.436643
0.000000, 0.251923, 0.000000, 0.488355
0.000000, 0.281839, 0.000000, 0.539601
0.000000, 0.310797, 0.000000, 0.588419
0.000000, 0.337786, 0.000000, 0.631263
0.000000, 0.365748, 0.000000, 0.674739
0.000000, 0.393541, 0.000000, 0.715144
0.000000, 0.422563, 0.000000, 0.756597
0.000000, 0.450038, 0.000000, 0.793092
0.000000, 0.477148, 0.000000, 0.826735
0.000000, 0.504111, 0.000000, 0.857541
0.000000, 0.531347, 0.000000, 0.885939
0.000000, 0.558609, 0.000000, 0.911402
0.000000, 0.584626, 0.000000, 0.931968
0.000000, 0.610989, 0.000000, 0.949292
0.000000, 0.636910, 0.000000, 0.962142
0.000000, 0.662307, 0.000000, 0.970201
0.000000, 0.688824, 0.000000, 0.973473
0.000000, 0.715827, 0.000000, 0.970537
0.000000, 0.742847, 0.000000, 0.960253
0.000000, 0.769486, 0.000000, 0.941886
0.000000, 0.795477, 0.000000, 0.914905
0.000000, 0.820995, 0.000000, 0.878559
0.000000, 0.846479, 0.000000, 0.831073
0.000000, 0.872229, 0.000000, 0.769717
0.000000, 0.898064, 0.000000, 0.692237
0.000000, 0.923541, 0.000000, 0.597904
0.000000, 0.948427, 0.000000, 0.493256
0.000000, 0.973004, 0.000000, 0.381317
0.000000, 1.000000, 0.000000, 0.000000
0.018189, 0.178444, 0.034989, 0.358056
0.018281, 0.267328, 0.032242, 0.514476
0.018734, 0.236793, 0.034099, 0.461860
0.018896, 0.409359, 0.027187, 0.737332
0.019293, 0.984915, -0.265364, 0.198285
0.019452, 0.297296, 0.033190, 0.565298
0.019654, 0.019337, 0.049730, 0.048793
0.019874, 0.149502, 0.039387, 0.305086
0.020665, 0.544990, 0.019230, 0.898000
0.020922, 0.517765, 0.022034, 0.871225
0.021053, 0.350280, 0.033299, 0.650180
0.021135, 0.436918, 0.028544, 0.774953
0.021183, 0.729813, -0.008207, 0.963637
0.021238, 0.702259, -0.002496, 0.970659
0.021523, 0.463839, 0.027124, 0.809534
0.021614, 0.490545, 0.025100, 0.841391
0.021764, 0.379852, 0.032913, 0.694706
0.021802, 0.756596, -0.015324, 0.948752
0.021824, 0.597310, 0.014274, 0.939365
0.021913, 0.674763, 0.002570, 0.970452
0.022110, 0.121583, 0.045135, 0.253482
0.022149, 0.208174, 0.041495, 0.412084
0.022371, 0.885957, -0.072862, 0.722748
0.022583, 0.624419, 0.011081, 0.954792
0.022661, 0.912242, -0.095006, 0.632645
0.022725, 0.572255, 0.018115, 0.921279
0.022739, 0.044448, 0.053272, 0.104514
0.022768, 0.859830, -0.057427, 0.794394
0.022816, 0.783577, -0.024189, 0.924566
0.022823, 0.324628, 0.037583, 0.610113
0.023006, 0.095475, 0.048624, 0.204513
0.023281, 0.069970, 0.051419, 0.155632
0.023377, 0.937588, -0.127946, 0.525982
0.023454, 0.834113, -0.045576, 0.849846
0.023533, 0.808963, -0.034490, 0.892172
0.023741, 0.648317, 0.007497, 0.964250
0.023811, 0.961293, -0.195423, 0.382727
0.027795, 0.000000, 0.071320, 0.000000
0.032728, 1.000000, -0.415010, 0.000000
0.036759, 0.253549, 0.065735, 0.490019
0.037405, 0.282760, 0.064842, 0.540056
0.038200, 0.186654, 0.072805, 0.371402
0.038341, 0.400010, 0.055809, 0.722598
0.039483, 0.361481, 0.061470, 0.665824
0.040004, 0.161515, 0.078068, 0.325480
0.041235, 0.227539, 0.075752, 0.444905
0.041866, 0.557627, 0.036169, 0.906108
0.041888, 0.135269, 0.083933, 0.277317
0.041922, 0.716834, -0.011001, 0.961104
0.041932, 0.610503, 0.023865, 0.943272
0.042067, 0.531238, 0.041608, 0.882127
0.042143, 0.425026, 0.058254, 0.757398
0.042220, 0.688823, -0.000042, 0.965492
0.042281, 0.504629, 0.046604, 0.854792
0.042649, 0.309370, 0.071517, 0.583783
0.043108, 0.026966, 0.101011, 0.063156
0.043299, 0.451109, 0.056226, 0.791593
0.043413, 0.770163, -0.038910, 0.927921
0.043564, 0.743133, -0.024165, 0.948578
0.043582, 0.477199, 0.052567, 0.823498
0.044124, 0.660426, 0.010022, 0.962207
0.044142, 0.900916, -0.170348, 0.646504
0.044823, 0.874262, -0.133170, 0.734807
0.045194, 0.928399, -0.237061, 0.522508
0.045648, 0.978298, -0.437178, 0.153315
0.045654, 0.054995, 0.101367, 0.122528
0.045720, 0.107484, 0.094305, 0.224993
0.045957, 0.848114, -0.105346, 0.802578
0.046430, 0.585445, 0.033299, 0.926627
0.046816, 0.081883, 0.099766, 0.175896
0.046856, 0.797383, -0.061071, 0.894359
0.047154, 0.335929, 0.076227, 0.625474
0.047368, 0.954749, -0.360149, 0.335573
0.047404, 0.822351, -0.082996, 0.854306
0.049148, 0.633976, 0.020354, 0.952676
0.049440, 0.204381, 0.092747, 0.402951
0.050685, 0.382642, 0.076158, 0.695995
0.051706, 0.000000, 0.119544, 0.000000
0.056084, 0.268467, 0.098565, 0.513649
0.059642, 1.000000, -0.526727, 0.000000
0.061108, 0.176389, 0.117253, 0.350760
0.061181, 0.245439, 0.110110, 0.473577
0.062059, 0.291743, 0.106218, 0.552613
0.062131, 0.409234, 0.088640, 0.732434
0.062153, 0.704678, -0.010106, 0.953401
0.062621, 0.676033, 0.005886, 0.955841
0.062828, 0.357928, 0.098122, 0.657079
0.063155, 0.566832, 0.051248, 0.907301
0.063188, 0.150920, 0.124160, 0.304304
0.063369, 0.491674, 0.072832, 0.835640
0.063456, 0.124141, 0.127672, 0.254058
0.063850, 0.607850, 0.036843, 0.934557
0.064253, 0.517996, 0.067005, 0.863385
0.064449, 0.542662, 0.060090, 0.886738
0.064835, 0.436996, 0.086896, 0.769224
0.065005, 0.916045, -0.314143, 0.523735
0.065082, 0.756590, -0.048593, 0.923910
0.065652, 0.729700, -0.028156, 0.941694
0.065684, 0.782337, -0.072975, 0.896476
0.065933, 0.463256, 0.082467, 0.801791
0.066168, 0.020295, 0.147381, 0.045051
0.066303, 0.889203, -0.236542, 0.646162
0.066808, 0.316489, 0.110809, 0.592663
0.066952, 0.221048, 0.123339, 0.430529
0.067097, 0.945212, -0.459167, 0.319261
0.067411, 0.043396, 0.147932, 0.094630
0.067822, 0.863042, -0.186151, 0.731507
0.068497, 0.650547, 0.019779, 0.949157
0.069047, 0.069167, 0.147198, 0.147453
0.069561, 0.837080, -0.147215, 0.796426
0.070399, 0.974915, -0.561522, 0.123395
0.070706, 0.095641, 0.145917, 0.198613
0.071761, 0.811158, -0.114980, 0.846173
0.072791, 0.195719, 0.137134, 0.384556
0.073150, 0.382082, 0.109569, 0.690902
0.074854, 0.585490, 0.052733, 0.916628
0.075997, 0.338155, 0.122216, 0.625167
0.077068, 0.627354, 0.034330, 0.937364
0.078350, 0.000000, 0.172605, 0.000000
0.079247, 0.268443, 0.138940, 0.510985
0.080655, 0.692213, -0.005395, 0.942810
0.083434, 0.480335, 0.098987, 0.817110
0.084089, 0.240144, 0.151717, 0.461650
0.084248, 0.402840, 0.121104, 0.718030
0.084316, 0.116180, 0.169928, 0.236297
0.085003, 0.929408, -0.507813, 0.344507
0.085197, 0.167845, 0.164120, 0.332389
0.085231, 0.141670, 0.168200, 0.284602
0.085237, 0.295351, 0.144760, 0.554771
0.085256, 1.000000, -0.629893, 0.000000
0.085453, 0.507308, 0.092136, 0.845715
0.085658, 0.426167, 0.117133, 0.749928
0.086042, 0.791631, -0.111561, 0.858737
0.086299, 0.558616, 0.072492, 0.891955
0.086780, 0.743334, -0.053206, 0.914059
0.087220, 0.668316, 0.011850, 0.939796
0.087519, 0.533456, 0.084188, 0.870319
0.087707, 0.903879, -0.401588, 0.495787
0.087801, 0.958216, -0.605466, 0.179667
0.088073, 0.715702, -0.027062, 0.929676
0.088291, 0.361273, 0.136695, 0.657775
0.089060, 0.451182, 0.114539, 0.780804
0.089299, 0.766739, -0.082962, 0.888262
0.089659, 0.878833, -0.307090, 0.619464
0.090262, 0.026085, 0.193929, 0.055419
0.090291, 0.603964, 0.052743, 0.919649
0.091002, 0.052791, 0.192647, 0.110773
0.091324, 0.215954, 0.168609, 0.418480
0.091484, 0.853920, -0.239525, 0.708172
0.092624, 0.079184, 0.191852, 0.163478
0.093492, 0.318899, 0.153877, 0.591021
0.093687, 0.829323, -0.190602, 0.771291
0.094440, 0.190778, 0.178191, 0.372826
0.095224, 0.645736, 0.028627, 0.931329
0.098998, 0.979956, -0.673037, 0.076650
0.099553, 0.577985, 0.072403, 0.899310
0.099717, 0.383591, 0.148212, 0.687299
0.100205, 0.254105, 0.177869, 0.482921
0.100937, 0.101106, 0.204531, 0.204824
0.101784, 0.807777, -0.166563, 0.803069
0.102186, 0.000000, 0.216459, 0.000000
0.102939, 0.690997, -0.009327, 0.923464
0.103137, 0.470945, 0.124625, 0.799390
0.103346, 0.341842, 0.164393, 0.624481
0.103482, 0.278518, 0.178880, 0.523741
0.104642, 0.942015, -0.640255, 0.217343
0.104760, 0.623694, 0.046557, 0.918585
0.105945, 0.496374, 0.117369, 0.826426
0.106334, 0.733476, -0.057780, 0.897505
0.107110, 0.127287, 0.212497, 0.254184
0.107576, 0.408672, 0.151842, 0.719731
0.107918, 0.152880, 0.209844, 0.302013
0.108476, 0.522705, 0.107739, 0.851239
0.109381, 0.918435, -0.594851, 0.310223
0.109556, 0.781986, -0.133112, 0.835930
0.109949, 0.432631, 0.146958, 0.750498
0.110044, 0.550254, 0.094926, 0.873803
0.111218, 0.231120, 0.201569, 0.440989
0.111936, 0.301134, 0.188042, 0.558967
0.111937, 0.894895, -0.504034, 0.429562
0.112044, 0.667361, 0.011748, 0.918366
0.112213, 0.176882, 0.213602, 0.344874
0.113718, 0.870985, -0.394768, 0.556493
0.113750, 1.000000, -0.730040, 0.000000
0.114168, 0.041166, 0.238051, 0.084236
0.114243, 0.756364, -0.097498, 0.863720
0.114591, 0.066130, 0.235990, 0.134352
0.114752, 0.019568, 0.239944, 0.040276
0.114869, 0.205076, 0.213472, 0.395337
0.115000, 0.599703, 0.067423, 0.901395
0.115051, 0.364628, 0.176079, 0.655370
0.115169, 0.711023, -0.035620, 0.901753
0.115887, 0.847067, -0.304695, 0.657957
0.116363, 0.961905, -0.714854, 0.123323
0.118244, 0.454013, 0.149234, 0.773354
0.120696, 0.323939, 0.196388, 0.592792
0.121138, 0.824318, -0.251912, 0.716562
0.121320, 0.644923, 0.032638, 0.909073
0.121363, 0.088597, 0.245850, 0.177725
0.121810, 0.258654, 0.214419, 0.486297
0.122916, 0.575286, 0.088715, 0.882648
0.124460, 0.389249, 0.181768, 0.687434
0.126015, 0.479781, 0.146427, 0.798962
0.126935, 0.112600, 0.252670, 0.223009
0.127419, 0.800214, -0.205463, 0.761753
0.127969, 0.688095, -0.013835, 0.896044
0.128623, 0.937858, -0.718216, 0.182888
0.128893, 0.505329, 0.136166, 0.823505
0.129048, 0.980522, -0.767485, 0.055465
0.129259, 0.000000, 0.268443, 0.000000
0.129632, 0.281273, 0.222206, 0.522036
0.130009, 0.732648, -0.077290, 0.863329
0.130339, 0.622313, 0.054674, 0.896637
0.130460, 0.138032, 0.254939, 0.270445
0.130920, 0.346487, 0.205576, 0.624055
0.131275, 0.530757, 0.123506, 0.844926
0.131453, 0.414123, 0.181901, 0.718281
0.132835, 0.162678, 0.254653, 0.315493
0.133330, 0.775470, -0.160265, 0.798633
0.133821, 0.913635, -0.681196, 0.253513
0.134123, 0.238932, 0.240437, 0.449765
0.134215, 0.189175, 0.251615, 0.362720
0.135111, 0.553930, 0.111475, 0.859967
0.135848, 0.889483, -0.604759, 0.348632
0.136232, 0.216628, 0.249290, 0.410792
0.136239, 0.051190, 0.277932, 0.102116
0.136873, 0.436869, 0.179139, 0.744508
0.137908, 0.865374, -0.498667, 0.463641
0.138029, 0.304760, 0.229483, 0.557557
0.138058, 0.665693, 0.010266, 0.889789
0.139276, 0.599672, 0.077634, 0.881295
0.139360, 0.023814, 0.286355, 0.047623
0.140847, 0.370509, 0.211893, 0.655507
0.141233, 0.709119, -0.049880, 0.865414
0.141711, 0.841753, -0.395676, 0.569716
0.141833, 0.752422, -0.126353, 0.817486
0.142091, 0.074626, 0.286489, 0.147495
0.142478, 1.000000, -0.806992, 0.000000
0.143226, 0.461362, 0.174723, 0.769916
0.143248, 0.957777, -0.785825, 0.105305
0.146795, 0.817700, -0.312057, 0.651378
0.147203, 0.259793, 0.257627, 0.481937
0.147362, 0.578257, 0.099947, 0.864588
0.147385, 0.643264, 0.035485, 0.880889
0.147559, 0.327733, 0.237188, 0.590112
0.147866, 0.098596, 0.294185, 0.192999
0.149061, 0.487043, 0.166500, 0.793630
0.149406, 0.395309, 0.213762, 0.686096
0.152054, 0.123487, 0.297850, 0.239338
0.152146, 0.512346, 0.153363, 0.815191
0.153058, 0.794155, -0.251251, 0.704084
0.153157, 0.933408, -0.778680, 0.154424
0.153806, 0.686809, -0.023929, 0.859775
0.154374, 0.000000, 0.314487, 0.000000
0.154565, 0.284341, 0.262675, 0.520019
0.154592, 0.148773, 0.297616, 0.285751
0.154916, 0.203442, 0.285441, 0.383210
0.155045, 0.175062, 0.292668, 0.333302
0.155486, 0.728855, -0.097347, 0.820522
0.156231, 0.620802, 0.061387, 0.869353
0.156663, 0.977459, -0.831864, 0.048924
0.156822, 0.535408, 0.140603, 0.830066
0.156903, 0.040269, 0.317534, 0.078940
0.157089, 0.351505, 0.242765, 0.621835
0.157297, 0.419433, 0.212731, 0.713387
0.157862, 0.907760, -0.741762, 0.213686
0.158213, 0.234305, 0.283306, 0.435772
0.158701, 0.771257, -0.198847, 0.743264
0.159409, 0.557252, 0.124430, 0.842230
0.159795, 0.883527, -0.680539, 0.284482
0.161802, 0.443399, 0.205415, 0.739426
0.162704, 0.859238, -0.596051, 0.369570
0.163799, 0.062289, 0.328506, 0.121054
0.164030, 0.307781, 0.269917, 0.553790
0.164039, 0.664131, 0.005187, 0.854330
0.165368, 0.598345, 0.087735, 0.854543
0.166162, 0.376264, 0.245095, 0.652733
0.166794, 0.834148, -0.484326, 0.474966
0.167355, 0.469039, 0.196054, 0.763873
0.168037, 0.020230, 0.339100, 0.039436
0.168453, 0.707116, -0.069256, 0.818182
0.168707, 0.747832, -0.157656, 0.762268
0.169114, 0.084688, 0.335394, 0.163225
0.169357, 1.000000, -0.861776, 0.000000
0.169743, 0.262462, 0.294482, 0.479448
0.169941, 0.953452, -0.840561, 0.088547
0.171976, 0.496101, 0.181740, 0.786622
0.173134, 0.810865, -0.388270, 0.560163
0.173351, 0.331656, 0.274926, 0.586217
0.173410, 0.575564, 0.114307, 0.838141
0.173457, 0.108841, 0.339874, 0.208199
0.173461, 0.641540, 0.034845, 0.846415
0.173762, 0.215554, 0.315246, 0.399235
0.174938, 0.401037, 0.244519, 0.680966
0.175051, 0.187624, 0.325344, 0.350757
0.176626, 0.134592, 0.340744, 0.255240
0.176642, 0.926067, -0.820187, 0.135864
0.177243, 0.160210, 0.336152, 0.301577
0.177436, 0.521517, 0.166133, 0.802858
0.179718, 0.286545, 0.302337, 0.514616
0.179840, 0.788246, -0.310511, 0.623726
0.180105, 0.684417, -0.036738, 0.815434
0.181667, 0.000000, 0.364941, 0.000000
0.181678, 0.243509, 0.320432, 0.444180
0.182138, 0.618750, 0.064990, 0.836213
0.182157, 0.043438, 0.364104, 0.083317
0.182172, 0.979942, -0.880220, 0.032377
0.182258, 0.356618, 0.276724, 0.618039
0.182281, 0.548326, 0.145682, 0.815761
0.182675, 0.900313, -0.787295, 0.180282
0.182893, 0.727404, -0.130320, 0.759995
0.183020, 0.425690, 0.240371, 0.706312
0.183489, 0.766221, -0.242148, 0.676655
0.183900, 0.876784, -0.733083, 0.235782
0.185307, 0.449808, 0.227486, 0.731476
0.186121, 0.849728, -0.651477, 0.310118
0.189310, 0.310611, 0.307697, 0.547838
0.189687, 0.477985, 0.211474, 0.756370
0.190365, 0.661570, -0.002504, 0.811476
0.190562, 0.067297, 0.377109, 0.127731
0.191208, 0.595562, 0.095559, 0.822210
0.191307, 0.381890, 0.276015, 0.647421
0.193470, 0.825474, -0.573742, 0.372290
0.193547, 0.962368, -0.888288, 0.054925
0.194325, 0.091229, 0.380337, 0.171852
0.194703, 0.225487, 0.348032, 0.409805
0.194936, 0.022423, 0.388165, 0.042589
0.195258, 0.704732, -0.093483, 0.761891
0.195313, 0.200241, 0.356919, 0.366831
0.195507, 0.940119, -0.871951, 0.086777
0.195605, 0.571597, 0.126178, 0.810903
0.195925, 0.266223, 0.335974, 0.476399
0.196113, 0.502994, 0.196121, 0.772065
0.196920, 0.118756, 0.380426, 0.222271
0.196959, 0.173813, 0.367333, 0.320661
0.197499, 0.747958, -0.214567, 0.677099
0.197581, 1.000000, -0.906664, 0.000000
0.197957, 0.336002, 0.308927, 0.581092
0.199565, 0.637914, 0.033507, 0.805884
0.199983, 0.801083, -0.468609, 0.456164
0.200053, 0.530875, 0.172219, 0.787285
0.200299, 0.407200, 0.272227, 0.673570
0.200491, 0.146052, 0.380337, 0.270470
0.202061, 0.915417, -0.850777, 0.118662
0.204291, 0.866341, -0.755256, 0.209024
0.205201, 0.289189, 0.341189, 0.508398
0.205207, 0.459213, 0.240867, 0.725978
0.205883, 0.774188, -0.342912, 0.557677
0.206548, 0.682484, -0.056074, 0.761473
0.206908, 0.361353, 0.308085, 0.611369
0.207343, 0.046642, 0.409515, 0.087427
0.207681, 0.613008, 0.071165, 0.798388
0.207790, 0.000000, 0.412109, 0.000000
0.208785, 0.433013, 0.264324, 0.696620
0.208991, 0.555754, 0.149442, 0.789152
0.209016, 0.725261, -0.169487, 0.689593
0.209391, 0.246164, 0.365515, 0.439226
0.209501, 0.891465, -0.823892, 0.146013
0.212096, 0.981279, -0.921895, 0.020578
0.212152, 0.843172, -0.708699, 0.242201
0.213462, 0.315322, 0.341545, 0.543559
0.214727, 0.483350, 0.228730, 0.739326
0.215630, 0.219354, 0.385145, 0.392637
0.215723, 0.099156, 0.416718, 0.182875
0.215910, 0.659060, -0.014606, 0.762317
0.216037, 0.585932, 0.110862, 0.786251
0.216175, 0.385836, 0.305215, 0.637106
0.216777, 0.071238, 0.423133, 0.131793
0.216952, 0.512787, 0.201459, 0.758326
0.217278, 0.958919, -0.917463, 0.043731
0.217573, 0.193445, 0.397060, 0.348561
0.218870, 0.168444, 0.406288, 0.305029
0.219663, 0.819353, -0.649696, 0.280185
0.219994, 0.934028, -0.899363, 0.070403
0.220359, 0.023394, 0.433617, 0.043337
0.220545, 0.124631, 0.420400, 0.227802
0.221596, 0.748163, -0.279262, 0.583737
0.222433, 0.341017, 0.340622, 0.574992
0.222503, 0.703501, -0.131036, 0.689200
0.223147, 0.267641, 0.378718, 0.467719
0.223405, 0.793395, -0.541280, 0.360449
0.224190, 0.634357, 0.029006, 0.761592
0.224808, 0.410388, 0.298275, 0.659907
0.224975, 0.537782, 0.177158, 0.761966
0.225772, 0.146415, 0.424434, 0.265156
0.225978, 0.456164, 0.262364, 0.705242
0.226045, 0.870393, -0.810601, 0.149517
0.226790, 1.000000, -0.938776, 0.000000
0.228086, 0.294529, 0.373483, 0.505779
0.228298, 0.910968, -0.882162, 0.089087
0.229843, 0.768465, -0.425965, 0.443672
0.230519, 0.609641, 0.072046, 0.759937
0.231256, 0.564219, 0.143856, 0.761076
0.232056, 0.047193, 0.453103, 0.086317
0.232339, 0.680522, -0.082864, 0.697891
0.232350, 0.364513, 0.339312, 0.599716
0.232532, 0.239141, 0.405334, 0.418576
0.233459, 0.000000, 0.457348, 0.000000
0.234183, 0.498030, 0.227755, 0.729549
0.234376, 0.726215, -0.225240, 0.601518
0.234525, 0.848218, -0.773244, 0.170637
0.235359, 0.432799, 0.291624, 0.674895
0.236636, 0.086685, 0.455543, 0.156987
0.236893, 0.212658, 0.422584, 0.374061
0.237502, 0.321455, 0.372693, 0.539388
0.238464, 0.953503, -0.934410, 0.035897
0.239029, 0.890673, -0.865335, 0.098953
0.240356, 0.185926, 0.437066, 0.328221
0.240367, 0.977639, -0.946695, 0.016219
0.240414, 0.655339, -0.029332, 0.707956
0.240606, 0.109986, 0.457965, 0.197603
0.240872, 0.476434, 0.255432, 0.707171
0.241151, 0.388418, 0.333203, 0.622398
0.241409, 0.587240, 0.108279, 0.745112
0.242639, 0.521114, 0.204713, 0.731885
0.242664, 0.827510, -0.731464, 0.191406
0.244314, 0.804762, -0.665066, 0.235203
0.244469, 0.163612, 0.451533, 0.289797
0.245599, 0.023221, 0.477771, 0.041905
0.246031, 0.931077, -0.922975, 0.049248
0.246459, 0.066664, 0.475653, 0.119941
0.247191, 0.255856, 0.420872, 0.438202
0.247460, 0.278862, 0.410067, 0.472728
0.247665, 0.135763, 0.464053, 0.241005
0.248323, 0.780111, -0.578326, 0.289947
0.248851, 0.343579, 0.374260, 0.561968
0.248873, 0.701754, -0.172297, 0.608920
0.248980, 0.631843, 0.017193, 0.709136
0.249165, 0.750157, -0.410640, 0.417151
0.249365, 0.545226, 0.173556, 0.730143
0.250722, 0.454288, 0.285434, 0.679618
0.250845, 0.411037, 0.325610, 0.639234
0.251293, 0.303718, 0.402097, 0.506459
0.251725, 0.868498, -0.844118, 0.104075
0.254036, 1.000000, -0.958026, 0.000000
0.254643, 0.609994, 0.061011, 0.711419
0.256243, 0.674153, -0.100115, 0.637283
0.256551, 0.910112, -0.909928, 0.056212
0.257238, 0.725989, -0.304403, 0.486779
0.257253, 0.228241, 0.448621, 0.390682
0.257346, 0.568316, 0.137413, 0.718589
0.257748, 0.367277, 0.368531, 0.584982
0.257962, 0.202572, 0.459952, 0.349442
0.258168, 0.500090, 0.238232, 0.701381
0.259056, 0.044574, 0.499832, 0.079318
0.259307, 0.000000, 0.501813, 0.000000
0.260415, 0.955847, -0.951174, 0.022192
0.261058, 0.845569, -0.810280, 0.115649
0.262083, 0.090180, 0.498740, 0.159030
0.262290, 0.432673, 0.316648, 0.649260
0.262893, 0.116893, 0.494096, 0.204959
0.264495, 0.154956, 0.486994, 0.269122
0.265756, 0.478457, 0.269337, 0.679951
0.265812, 0.323386, 0.410040, 0.524665
0.266409, 0.649085, -0.043233, 0.645535
0.266890, 0.767218, -0.584616, 0.250704
0.266944, 0.888754, -0.891263, 0.061050
0.266955, 0.524321, 0.207932, 0.698214
0.267202, 0.820378, -0.759595, 0.138805
0.267245, 0.389905, 0.360895, 0.602682
0.267511, 0.180911, 0.483973, 0.311235
0.267542, 0.592616, 0.090009, 0.692827
0.268199, 0.796131, -0.692770, 0.178422
0.268251, 0.978363, -0.962319, 0.009107
0.268970, 0.248564, 0.457312, 0.416584
0.271093, 0.293725, 0.435692, 0.480764
0.271633, 0.932642, -0.941005, 0.028028
0.272014, 0.022053, 0.522940, 0.038704
0.272062, 0.692038, -0.195301, 0.537718
0.272066, 0.271676, 0.450013, 0.449197
0.272927, 0.066737, 0.520529, 0.116631
0.274413, 0.456410, 0.300732, 0.654835
0.274576, 0.547593, 0.171557, 0.688643
0.274587, 0.347239, 0.404062, 0.548318
0.275392, 0.622454, 0.015855, 0.652353
0.276787, 0.740812, -0.491006, 0.295278
0.276850, 0.713463, -0.313962, 0.433053
0.277480, 0.136693, 0.513497, 0.235015
0.277505, 0.865587, -0.865864, 0.064899
0.277545, 0.411715, 0.350914, 0.614761
0.278587, 0.208805, 0.490620, 0.351438
0.281569, 1.000000, -0.969640, 0.000000
0.281645, 0.571977, 0.125234, 0.670969
0.282219, 0.670004, -0.131685, 0.558622
0.282575, 0.503016, 0.243191, 0.668088
0.282837, 0.107162, 0.529575, 0.184027
0.283509, 0.910221, -0.927194, 0.028928
0.284252, 0.369850, 0.396715, 0.566301
0.284989, 0.955516, -0.960792, 0.010957
0.285054, 0.231719, 0.489724, 0.383470
0.285054, 0.839298, -0.825846, 0.076219
0.285439, 0.043929, 0.544176, 0.075856
0.285876, 0.000000, 0.546613, 0.000000
0.286379, 0.308116, 0.447034, 0.490303
0.286740, 0.163907, 0.520561, 0.277003
0.287421, 0.786447, -0.701458, 0.139509
0.288043, 0.434002, 0.336056, 0.622312
0.288871, 0.762497, -0.624990, 0.182270
0.289041, 0.598976, 0.061394, 0.638605
0.289865, 0.481418, 0.277163, 0.649116
0.290073, 0.085487, 0.545860, 0.146120
0.290418, 0.644708, -0.065279, 0.577918
0.291515, 0.813647, -0.778273, 0.091558
0.292012, 0.526249, 0.207536, 0.657008
0.292615, 0.189367, 0.520167, 0.315216
0.292776, 0.330239, 0.439067, 0.513663
0.292842, 0.257824, 0.487471, 0.417669
0.292989, 0.887326, -0.906647, 0.029642
0.294213, 0.391619, 0.386609, 0.579183
0.295490, 0.978149, -0.969963, 0.003062
0.296874, 0.457529, 0.313250, 0.627153
0.297090, 0.283838, 0.477602, 0.451141
0.297617, 0.125429, 0.549286, 0.210975
0.297626, 0.693809, -0.292199, 0.396740
0.297738, 0.932217, -0.950095, 0.010213
0.298259, 0.721911, -0.479232, 0.253806
0.298611, 0.021448, 0.567194, 0.036469
0.298750, 0.550787, 0.161232, 0.641607
0.300603, 0.860108, -0.874147, 0.034602
0.300675, 0.063938, 0.566835, 0.108207
0.300970, 0.621485, -0.010862, 0.580639
0.302113, 0.352127, 0.431668, 0.531171
0.303875, 0.147904, 0.552678, 0.245489
0.303994, 0.213993, 0.526926, 0.347990
0.304024, 0.575830, 0.104898, 0.618500
0.304125, 0.413151, 0.372361, 0.587448
0.304271, 0.745447, -0.599642, 0.166074
0.305316, 0.666707, -0.175573, 0.469025
0.308522, 0.504957, 0.244639, 0.625890
0.308881, 1.000000, -0.973459, 0.000000
0.309144, 0.794786, -0.754515, 0.073901
0.309279, 0.835188, -0.839303, 0.036434
0.309376, 0.238680, 0.521592, 0.381097
0.309697, 0.104971, 0.573762, 0.174573
0.309794, 0.308409, 0.476483, 0.473700
0.310349, 0.955749, -0.964713, 0.000389
0.310394, 0.909002, -0.934939, 0.005683
0.311251, 0.771441, -0.697220, 0.097580
0.311336, 0.172571, 0.555815, 0.281797
0.312089, 0.374032, 0.421075, 0.544166
0.312578, 0.041585, 0.588714, 0.069451
0.312902, 0.000000, 0.590866, 0.000000
0.312991, 0.480008, 0.286753, 0.612987
0.313525, 0.599034, 0.037142, 0.571916
0.313550, 0.434674, 0.352834, 0.591195
0.315339, 0.879893, -0.906624, 0.007180
0.315768, 0.641776, -0.102058, 0.492636
0.315896, 0.264645, 0.515160, 0.413179
0.316220, 0.530481, 0.196931, 0.610159
0.317572, 0.084346, 0.590825, 0.139373
0.318834, 0.331856, 0.467850, 0.493772
0.319123, 0.456344, 0.325581, 0.594845
0.319176, 0.196078, 0.557361, 0.314100
0.319313, 0.813869, -0.806041, 0.035249
0.319415, 0.709494, -0.495236, 0.192703
0.322094, 0.395993, 0.405875, 0.552545
0.322208, 0.684443, -0.358866, 0.279132
0.322436, 0.128827, 0.587872, 0.209630
0.322517, 0.978261, -0.970701, -0.002213
0.322703, 0.555069, 0.141141, 0.585903
0.323263, 0.933398, -0.953483, -0.005440
0.323589, 0.288739, 0.508467, 0.439075
0.324182, 0.734267, -0.603693, 0.120943
0.325578, 0.855542, -0.879210, 0.002463
0.326201, 0.020270, 0.611842, 0.033263
0.327357, 0.061448, 0.609961, 0.100455
0.327531, 0.618471, -0.043568, 0.496453
0.328045, 0.577966, 0.078583, 0.552843
0.328797, 0.154123, 0.588951, 0.246801
0.328872, 0.354788, 0.456619, 0.508228
0.329563, 0.221301, 0.560069, 0.345515
0.329610, 0.759076, -0.689328, 0.066076
0.330568, 0.660488, -0.238027, 0.348828
0.330960, 0.895508, -0.925125, -0.010999
0.331782, 0.418375, 0.384565, 0.556199
0.332554, 0.491868, 0.268588, 0.580494
0.333030, 0.787343, -0.763099, 0.027809
0.333260, 0.244976, 0.550764, 0.375815
0.334591, 0.515633, 0.221425, 0.574119
0.335389, 0.108056, 0.613018, 0.173384
0.335467, 0.311864, 0.503880, 0.456865
0.336197, 1.000000, -0.970655, 0.000000
0.336529, 0.956482, -0.962992, -0.009048
0.336655, 0.833828, -0.851811, -0.006244
0.337058, 0.177592, 0.592075, 0.278849
0.338176, 0.466563, 0.314683, 0.567267
0.339348, 0.377651, 0.440902, 0.517170
0.339432, 0.916104, -0.941377, -0.016340
0.340205, 0.039851, 0.632663, 0.064088
0.340243, 0.596660, 0.007438, 0.490765
0.340434, 0.270165, 0.543068, 0.403615
0.340473, 0.441724, 0.354997, 0.555321
0.340735, 0.000000, 0.635310, 0.000000
0.341799, 0.540753, 0.160913, 0.546346
0.342147, 0.082467, 0.629300, 0.131599
0.342293, 0.872772, -0.903192, -0.020446
0.342309, 0.636401, -0.143995, 0.389463
0.342832, 0.811122, -0.816045, -0.005429
0.342893, 0.698479, -0.513614, 0.126769
0.343883, 0.202711, 0.589402, 0.311729
0.344250, 0.722484, -0.601206, 0.078442
0.345212, 0.334978, 0.492574, 0.472173
0.345859, 0.136032, 0.621201, 0.213557
0.348217, 0.566793, 0.088489, 0.507374
0.349192, 0.400769, 0.418520, 0.521207
0.349260, 0.676530, -0.435911, 0.153804
0.349703, 0.978586, -0.965285, -0.006736
0.350115, 0.745691, -0.678667, 0.029707
0.350917, 0.292080, 0.538364, 0.421481
0.351546, 0.937075, -0.951380, -0.019315
0.352056, 0.771292, -0.742833, 0.001726
0.353505, 0.850094, -0.877585, -0.031110
0.354031, 0.059622, 0.651335, 0.093716
0.354601, 0.020082, 0.656401, 0.031644
0.355371, 0.358204, 0.476652, 0.482291
0.355383, 0.158701, 0.626432, 0.243508
0.355711, 0.616636, -0.090337, 0.390801
0.355885, 0.653221, -0.323770, 0.209719
0.355928, 0.475919, 0.298298, 0.534969
0.356075, 0.894388, -0.922872, -0.031919
0.356086, 0.498873, 0.250127, 0.530952
0.356248, 0.250889, 0.576598, 0.368380
0.356298, 0.228089, 0.592025, 0.339144
0.358026, 0.425025, 0.387174, 0.520499
0.359081, 0.796622, -0.798145, -0.027293
0.359294, 0.099523, 0.650945, 0.154263
0.359982, 0.522029, 0.194761, 0.511860
0.360120, 0.121538, 0.646373, 0.187062
0.361282, 0.183633, 0.623512, 0.276370
0.361597, 0.590189, -0.004822, 0.427949
0.361677, 0.314728, 0.529133, 0.435776
0.363688, 1.000000, -0.961978, 0.000000
0.363761, 0.451915, 0.343291, 0.518216
0.364139, 0.825531, -0.846161, -0.042971
0.364343, 0.958328, -0.955482, -0.017129
0.365369, 0.709599, -0.594075, 0.034228
0.366056, 0.381912, 0.454487, 0.486106
0.366379, 0.545537, 0.127319, 0.475234
0.366613, 0.916265, -0.935650, -0.033244
0.367148, 0.271372, 0.574232, 0.384644
0.367542, 0.208605, 0.618004, 0.306775
0.368239, 0.871720, -0.900514, -0.045835
0.368651, 0.040118, 0.676186, 0.061733
0.368780, 0.000000, 0.678562, 0.000000
0.369231, 0.076857, 0.671150, 0.117668
0.370599, 0.688870, -0.534743, 0.050221
0.371222, 0.730868, -0.662554, -0.007228
0.371306, 0.337778, 0.513558, 0.446822
0.372537, 0.567208, 0.052133, 0.426141
0.372549, 0.635932, -0.293209, 0.181779
0.373845, 0.755313, -0.723092, -0.032872
0.374970, 0.664781, -0.455939, 0.078826
0.374995, 0.406129, 0.423350, 0.485495
0.375176, 0.142974, 0.661243, 0.213133
0.376124, 0.779243, -0.772973, -0.049821
0.376685, 0.477892, 0.288499, 0.489533
0.377363, 0.293131, 0.566142, 0.399171
0.377614, 0.979346, -0.954069, -0.010444
0.378337, 0.848312, -0.874705, -0.059269
0.379011, 0.937657, -0.941759, -0.031022
0.379329, 0.245881, 0.608287, 0.345506
0.379478, 0.609508, -0.138747, 0.280820
0.379714, 0.503390, 0.226619, 0.471416
0.380317, 0.168284, 0.656964, 0.246137
0.381052, 0.361856, 0.491160, 0.452929
0.381352, 0.805876, -0.818642, -0.064111
0.381461, 0.894252, -0.915954, -0.050592
0.381568, 0.432431, 0.379747, 0.481354
0.382844, 0.020233, 0.698946, 0.030430
0.383175, 0.117831, 0.680912, 0.174274
0.383488, 0.096217, 0.687304, 0.143169
0.383692, 0.058841, 0.695907, 0.088110
0.385116, 0.528834, 0.153238, 0.435866
0.385401, 0.194365, 0.650002, 0.278045
0.386191, 0.223490, 0.632593, 0.314284
0.386231, 0.584648, -0.031180, 0.342871
0.387285, 0.314751, 0.553463, 0.409497
0.389156, 0.457127, 0.330837, 0.466461
0.390392, 0.709828, -0.627035, -0.035526
0.391409, 0.269875, 0.602057, 0.362435
0.391591, 1.000000, -0.947827, 0.000000
0.391961, 0.827147, -0.847506, -0.077688
0.392033, 0.958756, -0.942194, -0.024340
0.392115, 0.386842, 0.461290, 0.450825
0.392873, 0.554526, 0.062525, 0.376325
0.393360, 0.916389, -0.924617, -0.047891
0.393565, 0.871718, -0.893649, -0.068006
0.393637, 0.682449, -0.549958, -0.010533
0.393793, 0.653018, -0.451866, 0.033559
0.394154, 0.737283, -0.695845, -0.064010
0.395696, 0.337219, 0.533695, 0.417449
0.396570, 0.627385, -0.349722, 0.078282
0.396750, 0.000000, 0.719822, 0.000000
0.397559, 0.039791, 0.718701, 0.058210
0.398079, 0.762784, -0.749413, -0.083262
0.398150, 0.078802, 0.712954, 0.114524
0.398587, 0.786426, -0.789951, -0.088165
0.398646, 0.483613, 0.263619, 0.433405
0.398939, 0.413466, 0.417618, 0.446752
0.400391, 0.131087, 0.699945, 0.186857
0.400638, 0.154365, 0.690557, 0.218020
0.403099, 0.509149, 0.189779, 0.400912
0.403290, 0.291794, 0.592502, 0.372333
0.403685, 0.849858, -0.869970, -0.084611
0.404135, 0.359687, 0.508442, 0.419960
0.404294, 0.248611, 0.634295, 0.328854
0.404633, 0.601435, -0.219884, 0.139192
0.404716, 0.178907, 0.683218, 0.247598
0.405592, 0.979487, -0.937675, -0.013865
0.406279, 0.937824, -0.926966, -0.041329
0.406695, 0.438554, 0.366768, 0.430771
0.406736, 0.204823, 0.669726, 0.278008
0.406881, 0.575968, -0.048054, 0.266878
0.407157, 0.894621, -0.904537, -0.067319
0.407704, 0.103470, 0.719506, 0.146627
0.408625, 0.806147, -0.817973, -0.101251
0.409167, 0.534553, 0.100622, 0.347707
0.410522, 0.227953, 0.657520, 0.301929
0.411212, 0.020164, 0.739794, 0.028767
0.412107, 0.060089, 0.736371, 0.085219
0.412373, 0.314872, 0.573885, 0.380892
0.413063, 0.723445, -0.675630, -0.096307
0.413091, 0.697372, -0.613662, -0.079202
0.413363, 0.669127, -0.535300, -0.051087
0.413882, 0.463622, 0.305439, 0.405430
0.414439, 0.379464, 0.481555, 0.411797
0.416851, 0.643221, -0.456053, -0.025475
0.417679, 0.750760, -0.731773, -0.114880
0.417962, 0.269418, 0.628746, 0.337240
0.418575, 0.828036, -0.841637, -0.107097
0.418627, 0.401067, 0.442810, 0.407642
0.419545, 1.000000, -0.928967, 0.000000
0.419624, 0.873308, -0.882835, -0.087510
0.419693, 0.958879, -0.924129, -0.030800
0.419695, 0.558476, 0.001039, 0.263119
0.420174, 0.617057, -0.365184, 0.009720
0.420175, 0.916550, -0.908858, -0.060887
0.420730, 0.338639, 0.547936, 0.385035
0.421539, 0.778901, -0.778270, -0.122325
0.421580, 0.489463, 0.227302, 0.364003
0.422462, 0.120582, 0.733142, 0.164539
0.423813, 0.083415, 0.746963, 0.114725
0.424497, 0.143360, 0.726100, 0.192806
0.424668, 0.000000, 0.759148, 0.000000
0.425702, 0.040764, 0.757996, 0.056315
0.425819, 0.423446, 0.395570, 0.390797
0.425876, 0.166133, 0.716269, 0.220187
0.426602, 0.514790, 0.139858, 0.316185
0.427800, 0.851461, -0.860638, -0.105657
0.428126, 0.190974, 0.703802, 0.248010
0.428153, 0.587694, -0.249930, 0.046141
0.429152, 0.293717, 0.612051, 0.346030
0.430982, 0.360878, 0.518283, 0.378853
0.431577, 0.216037, 0.689570, 0.272976
0.431652, 0.242943, 0.667092, 0.299857
0.432227, 0.802884, -0.807904, -0.130605
0.432702, 0.446688, 0.336387, 0.364694
0.433550, 0.979458, -0.916815, -0.016981
0.433556, 0.938072, -0.907773, -0.050398
0.433657, 0.683302, -0.593250, -0.117644
0.433725, 0.895194, -0.888290, -0.082515
0.433996, 0.539788, 0.045095, 0.249700
0.435092, 0.710533, -0.656703, -0.135995
0.436186, 0.734697, -0.704705, -0.144209
0.437268, 0.658885, -0.531438, -0.106176
0.437322, 0.319035, 0.585333, 0.352256
0.437507, 0.102819, 0.759151, 0.136292
0.438655, 0.063350, 0.771418, 0.084570
0.438950, 0.470643, 0.264404, 0.328802
0.439008, 0.020725, 0.777762, 0.027835
0.439481, 0.384640, 0.476536, 0.367017
0.439514, 0.632871, -0.454925, -0.081958
0.440008, 0.761659, -0.749592, -0.150423
0.440731, 0.265616, 0.652778, 0.311273
0.440765, 0.606329, -0.364497, -0.044560
0.441582, 0.567788, -0.180605, 0.054000
0.442878, 0.825394, -0.828033, -0.132371
0.445284, 0.495495, 0.175540, 0.277622
0.445542, 0.407403, 0.427469, 0.350895
0.446328, 0.873502, -0.866004, -0.105670
0.446946, 0.126384, 0.761641, 0.161879
0.447114, 0.342634, 0.554270, 0.347750
0.447139, 0.917247, -0.889033, -0.072089
0.447442, 1.000000, -0.906007, 0.000000
0.447472, 0.958818, -0.901749, -0.036693
0.448419, 0.846593, -0.844028, -0.125849
0.448616, 0.784714, -0.779610, -0.156335
0.448726, 0.149697, 0.752144, 0.188607
0.449473, 0.173867, 0.738758, 0.215315
0.450455, 0.520011, 0.082930, 0.221273
0.450920, 0.285709, 0.637440, 0.314676
0.451938, 0.198658, 0.724019, 0.239776
0.452131, 0.000000, 0.795683, 0.000000
0.452217, 0.084526, 0.783352, 0.108513
0.452472, 0.430068, 0.368166, 0.322832
0.452491, 0.042744, 0.792965, 0.055339
0.453738, 0.696010, -0.631815, -0.168867
0.453797, 0.224158, 0.704781, 0.262840
0.456359, 0.545865, -0.100614, 0.065709
0.456580, 0.307258, 0.612052, 0.319433
0.456628, 0.366730, 0.513073, 0.334604
0.458169, 0.744230, -0.719632, -0.179966
0.458219, 0.590570, -0.340630, -0.080864
0.458564, 0.246783, 0.687266, 0.277863
0.458570, 0.453223, 0.296103, 0.285163
0.459319, 0.646504, -0.516224, -0.152900
0.459334, 0.672509, -0.581773, -0.170379
0.459429, 0.808224, -0.801656, -0.158118
0.460133, 0.896278, -0.868403, -0.095499
0.460217, 0.721177, -0.681173, -0.184660
0.460669, 0.618871, -0.436305, -0.127314
0.461212, 0.938129, -0.884220, -0.058697
0.461451, 0.979337, -0.892061, -0.019853
0.463791, 0.477226, 0.209461, 0.237095
0.464431, 0.107739, 0.790264, 0.132518
0.465147, 0.390484, 0.461580, 0.312520
0.465455, 0.328922, 0.582570, 0.314164
0.465654, 0.569522, -0.271035, -0.066982
0.465822, 0.021336, 0.812075, 0.026716
0.465934, 0.064714, 0.805537, 0.080443
0.466409, 0.857546, -0.839486, -0.131143
0.466828, 0.765825, -0.748018, -0.186047
0.468408, 0.268625, 0.670059, 0.282804
0.469548, 0.501732, 0.111713, 0.177169
0.470764, 0.831745, -0.816387, -0.153441
0.471495, 0.131629, 0.787648, 0.156496
0.471750, 0.155829, 0.774007, 0.182526
0.472319, 0.413284, 0.401374, 0.282668
0.472748, 0.180660, 0.758234, 0.206829
0.473540, 0.526621, -0.051225, 0.048580
0.474218, 0.351407, 0.543847, 0.301607
0.474609, 0.917343, -0.864670, -0.082632
0.474923, 0.788440, -0.771550, -0.184671
0.474940, 0.878391, -0.845789, -0.118859
0.475044, 0.205910, 0.740095, 0.228393
0.475218, 1.000000, -0.879491, 0.000000
0.475346, 0.958593, -0.875524, -0.042172
0.475384, 0.698689, -0.640769, -0.211559
0.476837, 0.291992, 0.643990, 0.284374
0.478590, 0.088368, 0.813744, 0.104954
0.478801, 0.436016, 0.329261, 0.242328
0.479001, 0.042978, 0.825469, 0.051634
0.479179, 0.000000, 0.829236, 0.000000
0.479363, 0.229091, 0.721897, 0.243317
0.479869, 0.603800, -0.410670, -0.165370
0.480166, 0.631953, -0.492167, -0.194453
0.480982, 0.551604, -0.231160, -0.090303
0.481618, 0.656525, -0.553445, -0.212308
0.481937, 0.742267, -0.710416, -0.214944
0.483381, 0.374542, 0.493614, 0.277887
0.483477, 0.679199, -0.602770, -0.223437
0.483741, 0.459888, 0.241207, 0.192134
0.484205, 0.314411, 0.611953, 0.280668
0.485437, 0.719022, -0.673757, -0.225628
0.485764, 0.810593, -0.786795, -0.181256
0.485933, 0.251645, 0.701749, 0.251911
0.486933, 0.579153, -0.339048, -0.154840
0.488332, 0.854322, -0.819079, -0.148332
0.488459, 0.483910, 0.144683, 0.135260
0.488887, 0.898045, -0.842721, -0.107151
0.489045, 0.937779, -0.856813, -0.066597
0.489233, 0.979082, -0.863933, -0.022602
0.491153, 0.113124, 0.817390, 0.127460
0.491441, 0.065395, 0.835035, 0.075045
0.491729, 0.767242, -0.737644, -0.215225
0.492078, 0.397239, 0.432269, 0.243165
0.492573, 0.021652, 0.843910, 0.024990
0.493070, 0.336711, 0.572596, 0.266307
0.493515, 0.508638, -0.029773, -0.000852
0.494316, 0.163233, 0.791381, 0.175571
0.494567, 0.275235, 0.675827, 0.252987
0.495127, 0.138780, 0.808452, 0.151509
0.495711, 0.188696, 0.772689, 0.196690
0.496890, 0.532865, -0.182130, -0.109049
0.497483, 0.832811, -0.795863, -0.173026
0.499466, 0.419246, 0.360730, 0.199587
0.499693, 0.621689, -0.477106, -0.235735
0.500567, 0.211647, 0.755354, 0.209913
0.500829, 0.788578, -0.754707, -0.210922
0.501232, 0.359036, 0.524064, 0.244614
0.501391, 0.876186, -0.819878, -0.135017
0.502380, 0.697784, -0.635797, -0.256842
0.502774, 1.000000, -0.849980, 0.000000
0.502924, 0.087909, 0.840269, 0.095987
0.503140, 0.917715, -0.835750, -0.092121
0.503155, 0.559464, -0.292829, -0.178767
0.503174, 0.298734, 0.642574, 0.246848
0.503180, 0.958013, -0.845955, -0.047561
0.503810, 0.646907, -0.538731, -0.257530
0.504011, 0.443323, 0.271253, 0.148379
0.504024, 0.595787, -0.409799, -0.226619
0.505316, 0.044017, 0.855096, 0.048387
0.505475, 0.234701, 0.733664, 0.219504
0.505703, 0.671300, -0.588146, -0.264513
0.506045, 0.000000, 0.859973, 0.000000
0.506140, 0.748970, -0.707251, -0.242399
0.506873, 0.725887, -0.676516, -0.254507
0.508855, 0.467399, 0.173563, 0.090437
0.510901, 0.381955, 0.461326, 0.206665
0.511274, 0.321385, 0.602354, 0.233784
0.511661, 0.812739, -0.767805, -0.201400
0.511905, 0.258216, 0.707045, 0.223107
0.512695, 0.491667, -0.010432, -0.050972
0.513181, 0.853991, -0.795429, -0.163660
0.515643, 0.107662, 0.844533, 0.110643
0.516265, 0.896514, -0.813618, -0.120091
0.516640, 0.174040, 0.801874, 0.168169
0.516696, 0.978970, -0.833095, -0.024985
0.517344, 0.576906, -0.366254, -0.246235
0.517354, 0.937073, -0.825529, -0.074330
0.517628, 0.066943, 0.862484, 0.069622
0.517696, 0.128821, 0.835348, 0.128959
0.517958, 0.516451, -0.156667, -0.159701
0.518850, 0.021846, 0.872522, 0.022877
0.519018, 0.539974, -0.245019, -0.202086
0.519357, 0.152168, 0.821706, 0.148361
0.520438, 0.402503, 0.390692, 0.156845
0.520538, 0.768109, -0.719119, -0.245331
0.520573, 0.282410, 0.673133, 0.216733
0.520682, 0.343768, 0.552050, 0.207149
0.520828, 0.612745, -0.464942, -0.282213
0.522242, 0.194726, 0.787137, 0.177431
0.523212, 0.710316, -0.647155, -0.283392
0.524295, 0.793404, -0.740148, -0.228564
0.524398, 0.427312, 0.298183, 0.105005
0.524548, 0.636019, -0.518343, -0.297746
0.525067, 0.832349, -0.769509, -0.192539
0.526061, 0.217570, 0.765113, 0.186800
0.526387, 0.684120, -0.606090, -0.297142
0.527564, 0.366341, 0.491342, 0.176217
0.528355, 0.875476, -0.790995, -0.149000
0.528811, 0.659953, -0.564542, -0.306176
0.529122, 0.451888, 0.192224, 0.043076
0.529234, 0.740402, -0.682522, -0.274703
0.529972, 0.305954, 0.630941, 0.199832
0.530172, 1.000000, -0.817755, 0.000000
0.530444, 0.089582, 0.866805, 0.087178
0.530663, 0.957938, -0.813928, -0.051961
0.530966, 0.240928, 0.738161, 0.191241
0.531025, 0.044225, 0.881417, 0.043750
0.531138, 0.915136, -0.803355, -0.103853
0.531803, 0.557072, -0.319315, -0.267972
0.532864, 0.000000, 0.887809, 0.000000
0.533407, 0.594211, -0.424985, -0.303312
0.533546, 0.477032, -0.017781, -0.125580
0.536373, 0.502298, -0.136407, -0.206209
0.536981, 0.264781, 0.704703, 0.189024
0.538230, 0.854778, -0.769370, -0.176722
0.538303, 0.328356, 0.581152, 0.176312
0.540596, 0.812735, -0.740218, -0.223127
0.540983, 0.171192, 0.822298, 0.145211
0.541217, 0.115604, 0.863244, 0.104611
0.541218, 0.384591, 0.422944, 0.116408
0.541692, 0.142733, 0.845966, 0.125082
0.541775, 0.529978, -0.243250, -0.267497
0.542970, 0.719541, -0.647746, -0.303838
0.543223, 0.066545, 0.886923, 0.061559
0.543728, 0.783684, -0.714053, -0.253830
0.544058, 0.978916, -0.799642, -0.027088
0.544319, 0.936346, -0.793088, -0.081320
0.544386, 0.618937, -0.484237, -0.335897
0.544405, 0.410914, 0.327723, 0.066337
0.544478, 0.892248, -0.779524, -0.135818
0.545017, 0.022048, 0.898131, 0.020509
0.545762, 0.694540, -0.613123, -0.321395
0.545839, 0.760093, -0.690445, -0.276287
0.545875, 0.197843, 0.797900, 0.155679
0.546600, 0.288838, 0.662731, 0.172376
0.546711, 0.575193, -0.382981, -0.325557
0.547346, 0.354449, 0.507986, 0.134228
0.549131, 0.643531, -0.531145, -0.343941
0.549332, 0.435896, 0.204530, -0.008490
0.550642, 0.223315, 0.768829, 0.160106
0.551303, 0.837249, -0.744618, -0.203713
0.552587, 0.668790, -0.572143, -0.342524
0.553357, 0.461337, -0.008159, -0.182763
0.554055, 0.089925, 0.886823, 0.077274
0.555678, 0.551427, -0.322282, -0.330997
0.555760, 0.248068, 0.734096, 0.158180
0.556518, 0.737666, -0.658438, -0.305908
0.556976, 0.044611, 0.905007, 0.038703
0.557066, 0.868024, -0.754159, -0.170759
0.557425, 0.914124, -0.770961, -0.112849
0.557435, 1.000000, -0.783134, 0.000000
0.557731, 0.957538, -0.779785, -0.056345
0.557736, 0.486851, -0.118567, -0.261246
0.557838, 0.308530, 0.617432, 0.141899
0.558102, 0.510995, -0.202121, -0.297844
0.558563, 0.598652, -0.442211, -0.361948
0.559743, 0.000000, 0.912483, 0.000000
0.560899, 0.332652, 0.556018, 0.119150
0.561542, 0.272798, 0.691062, 0.147916
0.561956, 0.799543, -0.708190, -0.251852
0.562817, 0.158400, 0.846774, 0.118595
0.564514, 0.132351, 0.869099, 0.101650
0.564544, 0.397143, 0.346038, 0.024126
0.564586, 0.371444, 0.434472, 0.062769
0.565526, 0.183873, 0.822572, 0.128398
0.565863, 0.110205, 0.884740, 0.086399
0.566332, 0.711527, -0.621654, -0.336946
0.567765, 0.623703, -0.491537, -0.380086
0.567923, 0.820497, -0.715680, -0.232427
0.568450, 0.687607, -0.590438, -0.355640
0.568473, 0.776947, -0.683790, -0.280424
0.568764, 0.068015, 0.907533, 0.054199
0.569613, 0.530004, -0.275196, -0.355263
0.569851, 0.891336, -0.747877, -0.146164
0.569856, 0.421279, 0.197792, -0.075573
0.570513, 0.209477, 0.793032, 0.131042
0.570903, 0.022036, 0.920345, 0.017696
0.570917, 0.935701, -0.758696, -0.087699
0.570931, 0.576434, -0.395127, -0.384037
0.571167, 0.978812, -0.764119, -0.029077
0.572583, 0.649297, -0.533128, -0.380811
0.572820, 0.754275, -0.659933, -0.306704
0.573445, 0.447111, -0.005742, -0.245460
0.573559, 0.846934, -0.723985, -0.203966
0.575279, 0.348631, 0.494151, 0.061057
0.575498, 0.234946, 0.756502, 0.127196
0.576842, 0.473882, -0.107466, -0.312140
0.576906, 0.291101, 0.648283, 0.109870
0.579125, 0.554298, -0.345539, -0.395516
0.579845, 0.261122, 0.709679, 0.116228
0.580706, 0.728253, -0.627601, -0.338271
0.580760, 0.502728, -0.206561, -0.363530
0.580808, 0.090770, 0.905944, 0.065220
0.581500, 0.318895, 0.575838, 0.079083
0.582126, 0.671044, -0.559768, -0.383647
0.582181, 0.045095, 0.924646, 0.033186
0.582444, 0.601598, -0.447994, -0.409638
0.583116, 0.870148, -0.722915, -0.178861
0.583519, 0.913429, -0.736617, -0.120846
0.584488, 0.957377, -0.743840, -0.060086
0.584542, 1.000000, -0.746455, 0.000000
0.585216, 0.144735, 0.870359, 0.092589
0.585934, 0.385724, 0.339353, -0.037511
0.586542, 0.170900, 0.844904, 0.101563
0.586920, 0.000000, 0.933829, 0.000000
0.587402, 0.798408, -0.678868, -0.270442
0.589762, 0.116787, 0.895383, 0.075180
0.589982, 0.699428, -0.589097, -0.373183
0.590021, 0.824804, -0.691882, -0.239975
0.590441, 0.628287, -0.492290, -0.416815
0.590489, 0.196152, 0.815043, 0.103012
0.591626, 0.406912, 0.180410, -0.155691
0.592312, 0.529422, -0.290666, -0.416951
0.592768, 0.773279, -0.654689, -0.303010
0.593449, 0.365837, 0.408268, -0.021098
0.593853, 0.431438, 0.009187, -0.298280
0.594337, 0.067951, 0.925143, 0.044552
0.595289, 0.579612, -0.404886, -0.436285
0.595401, 0.221323, 0.778194, 0.097097
0.596211, 0.022269, 0.938694, 0.014830
0.596258, 0.748168, -0.630662, -0.333032
0.596455, 0.891672, -0.712587, -0.154514
0.596669, 0.457263, -0.083566, -0.356661
0.597207, 0.935726, -0.722742, -0.092705
0.598001, 0.341325, 0.485745, 0.002512
0.598182, 0.978589, -0.726581, -0.031077
0.598395, 0.483636, -0.170018, -0.397855
0.598865, 0.651292, -0.521962, -0.417617
0.599101, 0.849684, -0.692798, -0.212563
0.599316, 0.273960, 0.674506, 0.071398
0.599431, 0.246787, 0.731955, 0.084384
0.600352, 0.554814, -0.354179, -0.445279
0.600428, 0.297908, 0.614609, 0.050275
0.602343, 0.721248, -0.600257, -0.365884
0.604550, 0.091539, 0.919113, 0.052895
0.604786, 0.510097, -0.250205, -0.439002
0.605306, 0.607834, -0.453826, -0.448771
0.605416, 0.677278, -0.550481, -0.407817
0.605682, 0.319872, 0.544076, 0.010114
0.607028, 0.135608, 0.887381, 0.070275
0.607446, 0.045824, 0.940751, 0.027080
0.608104, 0.160820, 0.861994, 0.075995
0.609657, 0.914401, -0.700557, -0.125968
0.609882, 0.869654, -0.686884, -0.189724
0.611189, 0.809097, -0.656368, -0.271609
0.611352, 0.956924, -0.705676, -0.063979
0.611441, 1.000000, -0.708084, 0.000000
0.611488, 0.185268, 0.831955, 0.074880
0.612333, 0.386513, 0.213097, -0.196324
0.613669, 0.786663, -0.639315, -0.301372
0.613933, 0.832889, -0.664983, -0.241744
0.614432, 0.000000, 0.951291, 0.000000
0.614921, 0.413327, 0.036452, -0.343024
0.615896, 0.111005, 0.911156, 0.054413
0.615934, 0.209662, 0.794838, 0.066698
0.615951, 0.699441, -0.565455, -0.400087
0.616073, 0.630719, -0.482925, -0.453724
0.616850, 0.439389, -0.055629, -0.398991
0.617031, 0.537665, -0.321072, -0.479252
0.617298, 0.359910, 0.367000, -0.105626
0.617701, 0.589126, -0.418551, -0.475555
0.617824, 0.763745, -0.618502, -0.332069
0.619352, 0.740887, -0.599401, -0.359952
0.619790, 0.464928, -0.140358, -0.443857
0.619947, 0.069944, 0.937859, 0.034717
0.620321, 0.234344, 0.748243, 0.050374
0.620345, 0.022632, 0.952794, 0.011876
0.620364, 0.565682, -0.376917, -0.485873
0.620906, 0.489472, -0.208974, -0.468535
0.621521, 0.260260, 0.690997, 0.031870
0.622077, 0.893355, -0.677120, -0.159856
0.622390, 0.657392, -0.513150, -0.443475
0.623276, 0.285240, 0.625061, 0.004135
0.624151, 0.935155, -0.683770, -0.098255
0.624439, 0.335966, 0.453438, -0.078922
0.624995, 0.978270, -0.687447, -0.033108
0.626661, 0.309379, 0.544944, -0.039945
0.627537, 0.515337, -0.275819, -0.498046
0.627969, 0.721016, -0.573289, -0.389221
0.629835, 0.849559, -0.650348, -0.225580
0.630038, 0.151565, 0.875669, 0.050697
0.630795, 0.128902, 0.899611, 0.046951
0.631783, 0.048435, 0.951843, 0.021138
0.632164, 0.091079, 0.930700, 0.036323
0.632191, 0.680227, -0.530050, -0.434580
0.632630, 0.610049, -0.444416, -0.489480
0.633150, 0.175457, 0.844693, 0.045931
0.633609, 0.872314, -0.653832, -0.194194
0.634998, 0.821878, -0.631492, -0.266970
0.635526, 0.398545, 0.048305, -0.394869
0.636557, 0.797640, -0.616308, -0.300727
0.636765, 0.913109, -0.660638, -0.133996
0.636941, 0.373003, 0.175029, -0.302026
0.637123, 0.199217, 0.806878, 0.035215
0.638075, 1.000000, -0.668340, 0.000000
0.638112, 0.956248, -0.665854, -0.068008
0.638306, 0.424754, -0.042579, -0.451186
0.638445, 0.638978, -0.478511, -0.477459
0.639811, 0.773752, -0.597821, -0.334158
0.640154, 0.555824, -0.356378, -0.523798
0.640804, 0.448812, -0.117901, -0.489873
0.641122, 0.584080, -0.402529, -0.515886
0.641632, 0.025280, 0.961652, 0.009846
0.641748, 0.222844, 0.759838, 0.015159
0.642132, 0.534212, -0.317157, -0.530646
0.642140, 0.748689, -0.578297, -0.367927
0.642292, 0.000000, 0.964580, 0.000000
0.643092, 0.701589, -0.539399, -0.423321
0.643406, 0.498018, -0.243440, -0.528976
0.643635, 0.474453, -0.188381, -0.518837
0.643942, 0.247998, 0.701088, -0.009156
0.644084, 0.349481, 0.305239, -0.222805
0.645155, 0.110977, 0.918571, 0.031547
0.645577, 0.272487, 0.633010, -0.040864
0.647604, 0.071203, 0.946888, 0.021691
0.647733, 0.323820, 0.444153, -0.141562
0.647881, 0.297301, 0.547804, -0.088448
0.648971, 0.663131, -0.496378, -0.468207
0.649349, 0.890390, -0.636057, -0.171770
0.649868, 0.726236, -0.552166, -0.400867
0.650754, 0.933655, -0.643480, -0.104918
0.651488, 0.977968, -0.647111, -0.035020
0.653104, 0.621451, -0.445833, -0.508808
0.653307, 0.837765, -0.612933, -0.252297
0.653651, 0.160831, 0.862233, 0.021224
0.653794, 0.136963, 0.892649, 0.024046
0.655265, 0.863834, -0.619142, -0.213994
0.656204, 0.049434, 0.959383, 0.013012
0.656837, 0.516582, -0.284882, -0.560396
0.657507, 0.384188, 0.059758, -0.447530
0.658157, 0.186630, 0.819904, 0.005131
0.658338, 0.411552, -0.031872, -0.499008
0.658655, 0.811731, -0.593089, -0.292333
0.659495, 0.568174, -0.369675, -0.550724
0.659955, 0.598956, -0.412761, -0.533967
0.660475, 0.685846, -0.506358, -0.455897
0.660614, 0.092449, 0.935315, 0.017209
0.661824, 0.787081, -0.576081, -0.328841
0.662592, 0.022956, 0.968454, 0.005296
0.662927, 0.909845, -0.620121, -0.144652
0.662975, 0.460935, -0.168487, -0.559504
0.663368, 0.210017, 0.771226, -0.019257
0.664015, 0.762080, -0.559115, -0.364718
0.664269, 0.955450, -0.625367, -0.072045
0.664350, 0.435714, -0.107660, -0.545440
0.664392, 0.645136, -0.463172, -0.501481
0.664445, 1.000000, -0.627421, 0.000000
0.664890, 0.360780, 0.137108, -0.415410
0.665713, 0.235436, 0.709338, -0.048388
0.666021, 0.541891, -0.327475, -0.572083
0.666204, 0.490628, -0.235303, -0.577728
0.668571, 0.710290, -0.517127, -0.434201
0.668717, 0.260332, 0.634003, -0.090241
0.668887, 0.738261, -0.537062, -0.399404
0.669149, 0.337062, 0.254838, -0.334316
0.669508, 0.118708, 0.911265, 0.009002
0.669649, 0.284337, 0.549256, -0.137408
0.669794, 0.310428, 0.431774, -0.205730
0.670197, 0.000000, 0.971724, 0.000000
0.673256, 0.883033, -0.597962, -0.189667
0.674570, 0.851470, -0.586188, -0.239522
0.675673, 0.170391, 0.838723, -0.015100
0.675723, 0.072259, 0.950310, 0.006288
0.676086, 0.668609, -0.473933, -0.488812
0.676101, 0.932051, -0.603665, -0.111450
0.676513, 0.622291, -0.427640, -0.535410
0.676790, 0.396875, -0.012786, -0.536766
0.676935, 0.583405, -0.381558, -0.566440
0.677119, 0.145862, 0.877269, -0.005003
0.677587, 0.977628, -0.605908, -0.036910
0.677603, 0.045830, 0.963978, 0.004262
0.678404, 0.826583, -0.570816, -0.278928
0.678831, 0.516183, -0.281641, -0.600084
0.681790, 0.472509, -0.202581, -0.606533
0.683335, 0.801357, -0.552456, -0.318880
0.683957, 0.559940, -0.346431, -0.590839
0.684249, 0.373192, 0.051032, -0.522641
0.684815, 0.195070, 0.784976, -0.049666
0.684826, 0.099337, 0.928371, -0.002559
0.685205, 0.419843, -0.086562, -0.588407
0.685876, 0.775219, -0.536311, -0.358715
0.686519, 0.907344, -0.582732, -0.153620
0.686576, 0.019419, 0.971995, 0.000492
0.686668, 0.221463, 0.719381, -0.083239
0.686694, 0.693939, -0.482622, -0.468173
0.687540, 0.448328, -0.154032, -0.611787
0.688849, 0.603351, -0.396620, -0.565664
0.688910, 0.645329, -0.438879, -0.525590
0.689243, 0.723382, -0.500273, -0.432305
0.689510, 0.750460, -0.517016, -0.395813
0.689789, 0.954669, -0.584534, -0.075893
0.690066, 0.247318, 0.636829, -0.133368
0.690553, 1.000000, -0.585560, 0.000000
0.690884, 0.323487, 0.238112, -0.408483
0.691278, 0.865503, -0.564390, -0.222543
0.691822, 0.296144, 0.415767, -0.274072
0.691969, 0.494885, -0.245091, -0.626936
0.692088, 0.537074, -0.310052, -0.614052
0.692538, 0.349000, 0.117158, -0.504888
0.693107, 0.125764, 0.897222, -0.018443
0.693957, 0.272702, 0.534445, -0.199413
0.697108, 0.170554, 0.823644, -0.052114
0.699210, 0.061468, 0.955052, -0.006929
0.699438, 0.395494, -0.037517, -0.603497
0.699594, 0.000000, 0.973180, 0.000000
0.699596, 0.841149, -0.543602, -0.264083
0.699883, 0.037794, 0.966277, -0.003736
0.699951, 0.668027, -0.446309, -0.509884
0.700112, 0.886403, -0.556196, -0.190951
0.700650, 0.931100, -0.564034, -0.116692
0.701489, 0.149854, 0.856918, -0.043853
0.701872, 0.580640, -0.360611, -0.599544
0.702350, 0.085425, 0.936589, -0.014713
0.702899, 0.624917, -0.405438, -0.559847
0.703325, 0.977333, -0.564002, -0.038658
0.703850, 0.817398, -0.528388, -0.303089
0.704625, 0.432437, -0.128232, -0.642910
0.704633, 0.470911, -0.202815, -0.651223
0.705249, 0.515305, -0.274313, -0.643188
0.706196, 0.789868, -0.513583, -0.346896
0.707906, 0.208656, 0.722673, -0.119464
0.708451, 0.711918, -0.467288, -0.460319
0.708637, 0.371081, 0.018634, -0.599924
0.708886, 0.558413, -0.329290, -0.624370
0.710218, 0.688054, -0.448677, -0.492806
0.710458, 0.111101, 0.907099, -0.032507
0.710673, 0.233471, 0.639884, -0.172932
0.711058, 0.764167, -0.493628, -0.387762
0.711196, 0.306651, 0.251871, -0.452112
0.711501, 0.186888, 0.772194, -0.099343
0.711947, 0.738872, -0.478651, -0.424925
0.712157, 0.908850, -0.541191, -0.156007
0.714421, 0.259585, 0.526148, -0.250529
0.714627, 0.412138, -0.088888, -0.654782
0.714780, 0.601743, -0.371532, -0.594699
0.714948, 0.330274, 0.138572, -0.546721
0.714959, 0.647525, -0.412116, -0.545883
0.715012, 0.954358, -0.543032, -0.078822
0.715555, 0.018916, 0.968817, -0.004688
0.715575, 0.861492, -0.524447, -0.236052
0.716467, 1.000000, -0.542816, 0.000000
0.716902, 0.452084, -0.170901, -0.673517
0.717675, 0.492175, -0.235973, -0.670048
0.718377, 0.536261, -0.296441, -0.650790
0.719293, 0.137114, 0.864048, -0.062189
0.719814, 0.351021, 0.062540, -0.603205
0.719884, 0.284934, 0.343106, -0.400890
0.722268, 0.043302, 0.958788, -0.014001
0.722745, 0.069595, 0.942271, -0.024736
0.724238, 0.884696, -0.516549, -0.199530
0.724550, 0.806352, -0.492024, -0.328824
0.724602, 0.165087, 0.806025, -0.100304
0.724803, 0.836634, -0.502243, -0.279806
0.724878, 0.388688, -0.042831, -0.662740
0.726087, 0.931777, -0.521850, -0.119045
0.727532, 0.670092, -0.413991, -0.528146
0.727672, 0.622350, -0.377071, -0.585280
0.727825, 0.095165, 0.915375, -0.042949
0.727830, 0.580101, -0.338292, -0.627982
0.728855, 0.000000, 0.966218, 0.000000
0.728964, 0.977534, -0.521124, -0.039495
0.730285, 0.779364, -0.471699, -0.373681
0.730663, 0.724034, -0.443725, -0.456929
0.730692, 0.513115, -0.260295, -0.680116
0.731112, 0.215565, 0.655033, -0.201245
0.731336, 0.432057, -0.136917, -0.698085
0.731472, 0.698105, -0.427178, -0.493661
0.731974, 0.471789, -0.202500, -0.697811
0.733413, 0.558392, -0.311283, -0.652393
0.733477, 0.242631, 0.538359, -0.282367
0.733978, 0.192498, 0.722075, -0.163860
0.734176, 0.310939, 0.163827, -0.576716
0.735611, 0.752529, -0.451297, -0.417429
0.735684, 0.121318, 0.874554, -0.073236
0.736625, 0.908222, -0.500299, -0.161523
0.737444, 0.365707, 0.000049, -0.674069
0.738468, 0.642886, -0.380842, -0.570017
0.739583, 0.267431, 0.355743, -0.437346
0.739947, 0.860809, -0.484421, -0.243874
0.740497, 0.955391, -0.500068, -0.079278
0.741010, 0.410615, -0.099787, -0.711587
0.741772, 0.600697, -0.343509, -0.620673
0.741868, 0.336001, 0.074062, -0.648187
0.742077, 0.023392, 0.957783, -0.012535
0.742176, 0.821279, -0.468552, -0.310618
0.742229, 0.052284, 0.944565, -0.028503
0.742496, 1.000000, -0.498695, 0.000000
0.742617, 0.148596, 0.817381, -0.115879
0.743239, 0.534385, -0.278029, -0.681987
0.745046, 0.492509, -0.227267, -0.709516
0.745193, 0.451181, -0.169168, -0.722278
0.746451, 0.078637, 0.919873, -0.050211
0.747653, 0.290544, 0.209223, -0.574541
0.748010, 0.884154, -0.476637, -0.205752
0.748648, 0.796489, -0.449523, -0.353772
0.748988, 0.389399, -0.061798, -0.718825
0.749732, 0.175354, 0.740128, -0.175515
0.750143, 0.661017, -0.378576, -0.555019
0.750689, 0.933003, -0.480169, -0.120093
0.751250, 0.684252, -0.391576, -0.524621
0.751639, 0.224893, 0.552549, -0.308610
0.751937, 0.732965, -0.416807, -0.454645
0.752309, 0.104883, 0.882591, -0.080795
0.753681, 0.842262, -0.456095, -0.278984
0.754004, 0.709136, -0.401628, -0.491062
0.754271, 0.622057, -0.346488, -0.606704
0.754580, 0.771324, -0.430415, -0.396834
0.754973, 0.579329, -0.311802, -0.654133
0.755194, 0.977830, -0.476184, -0.040085
0.755697, 0.000000, 0.952606, 0.000000
0.755958, 0.556294, -0.290169, -0.677188
0.757272, 0.513632, -0.245666, -0.712385
0.758332, 0.428684, -0.133548, -0.745321
0.758534, 0.248775, 0.378245, -0.460026
0.758588, 0.202113, 0.634726, -0.260054
0.758603, 0.354008, 0.007913, -0.714838
0.759084, 0.314622, 0.109268, -0.664999
0.759085, 0.472084, -0.195350, -0.736934
0.759921, 0.131180, 0.828255, -0.125703
0.760070, 0.910575, -0.460466, -0.161326
0.761920, 0.038615, 0.937942, -0.030333
0.764546, 0.375702, -0.042662, -0.744016
0.765264, 0.749166, -0.403710, -0.435860
0.765332, 0.062113, 0.919336, -0.052880
0.765711, 0.817664, -0.428689, -0.324509
0.766333, 0.271473, 0.234041, -0.595854
0.766354, 0.641882, -0.345215, -0.590663
0.766409, 0.955588, -0.455324, -0.081061
0.766694, 0.158237, 0.753301, -0.186968
0.768320, 0.863950, -0.437294, -0.245521
0.768729, 1.000000, -0.453200, 0.000000
0.768758, 0.405732, -0.098496, -0.762015
0.768782, 0.602016, -0.314878, -0.640933
0.769259, 0.535947, -0.259496, -0.707887
0.769926, 0.888519, -0.439289, -0.202340
0.769964, 0.088424, 0.885613, -0.085917
0.770969, 0.335883, 0.038486, -0.726623
0.771407, 0.450021, -0.162452, -0.761418
0.771547, 0.019615, 0.937686, -0.017077
0.772428, 0.493486, -0.214341, -0.742369
0.772549, 0.792660, -0.409236, -0.368854
0.772640, 0.668062, -0.352604, -0.559495
0.774656, 0.226560, 0.434342, -0.444410
0.774834, 0.694323, -0.363613, -0.523551
0.774972, 0.293726, 0.143271, -0.676460
0.775349, 0.183764, 0.653652, -0.270451
0.776020, 0.721525, -0.374941, -0.483724
0.776098, 0.932906, -0.435883, -0.123315
0.776977, 0.113100, 0.837066, -0.130103
0.778369, 0.561498, -0.273326, -0.692158
0.779164, 0.839364, -0.412440, -0.291331
0.780894, 0.769386, -0.386936, -0.409995
0.781744, 0.977602, -0.429804, -0.041595
0.781818, 0.584246, -0.287044, -0.670819
0.782501, 0.620985, -0.311182, -0.627799
0.783280, 0.516228, -0.229737, -0.737443
0.783366, 0.140892, 0.764226, -0.193880
0.783798, 0.386449, -0.068800, -0.783875
0.783940, 0.250477, 0.266584, -0.604602
0.784293, 0.000000, 0.927610, 0.000000
0.784435, 0.427425, -0.129318, -0.785047
0.785285, 0.471823, -0.183322, -0.769772
0.785286, 0.909519, -0.416126, -0.167150
0.785788, 0.360582, -0.024991, -0.778959
0.786368, 0.314986, 0.070088, -0.741271
0.786377, 0.069861, 0.887489, -0.081748
0.786728, 0.206525, 0.491537, -0.416700
0.787230, 0.043977, 0.910009, -0.049702
0.789204, 0.744677, -0.364178, -0.453278
0.789341, 0.647085, -0.317822, -0.597841
0.789432, 0.813778, -0.387572, -0.338554
0.791344, 0.882962, -0.400946, -0.216595
0.792201, 0.166019, 0.667039, -0.279539
0.792443, 0.954790, -0.409429, -0.084619
0.792969, 0.273350, 0.170519, -0.692521
0.793283, 0.542201, -0.243582, -0.723289
0.794120, 0.673918, -0.325184, -0.562830
0.794868, 1.000000, -0.407044, 0.000000
0.795028, 0.858972, -0.389839, -0.260731
0.795044, 0.093668, 0.842915, -0.128792
0.795756, 0.338010, 0.011809, -0.784557
0.796853, 0.406941, -0.100299, -0.805599
0.796964, 0.449151, -0.152062, -0.794194
0.797261, 0.700008, -0.332806, -0.525923
0.797768, 0.789005, -0.365724, -0.383356
0.798409, 0.122467, 0.777670, -0.190493
0.798500, 0.021641, 0.907556, -0.028005
0.798757, 0.494442, -0.197817, -0.769581
0.799598, 0.600352, -0.277224, -0.664235
0.800081, 0.722225, -0.337670, -0.492633
0.800257, 0.230229, 0.298354, -0.605993
0.801292, 0.930704, -0.390948, -0.130367
0.802492, 0.570103, -0.254459, -0.701285
0.802824, 0.294751, 0.097722, -0.756267
0.803621, 0.188766, 0.510064, -0.423906
0.804625, 0.834107, -0.366937, -0.307333
0.806001, 0.763821, -0.343743, -0.428424
0.806114, 0.627376, -0.284391, -0.633660
0.806522, 0.382500, -0.066751, -0.820225
0.806523, 0.518344, -0.211984, -0.756911
0.806692, 0.065448, 0.862047, -0.098654
0.808314, 0.976842, -0.382606, -0.044136
0.808395, 0.904492, -0.374529, -0.180190
0.808771, 0.147832, 0.679486, -0.282259
0.810404, 0.253959, 0.193137, -0.705763
0.810661, 0.472656, -0.169232, -0.796104
0.811434, 0.360165, -0.034349, -0.823753
0.811617, 0.000000, 0.893217, 0.000000
0.811660, 0.654938, -0.290682, -0.598480
0.812235, 0.426234, -0.120870, -0.821248
0.812809, 0.316305, 0.041150, -0.801954
0.814012, 0.042388, 0.873463, -0.066919
0.814182, 0.809037, -0.343484, -0.353872
0.814849, 0.878621, -0.358466, -0.229174
0.814862, 0.210602, 0.332296, -0.597538
0.815284, 0.544680, -0.223343, -0.738075
0.815553, 0.739126, -0.319121, -0.471610
0.815685, 0.682838, -0.297207, -0.559526
0.816284, 0.107283, 0.771330, -0.197864
0.817741, 0.952171, -0.363880, -0.091634
0.819498, 0.170617, 0.532093, -0.420447
0.819554, 0.085343, 0.810979, -0.152525
0.820168, 0.338002, -0.001924, -0.829371
0.820552, 1.000000, -0.360900, 0.000000
0.820790, 0.853549, -0.342862, -0.276352
0.820876, 0.448037, -0.139704, -0.820796
0.820976, 0.276914, 0.114922, -0.775893
0.822297, 0.587125, -0.241546, -0.694032
0.822362, 0.710672, -0.298014, -0.519742
0.822416, 0.783953, -0.322195, -0.399660
0.822992, 0.402583, -0.090783, -0.840683
0.823765, 0.129627, 0.692009, -0.276176
0.824830, 0.497307, -0.179624, -0.790156
0.824903, 0.925755, -0.347802, -0.142655
0.825024, 0.611160, -0.250972, -0.665184
0.826094, 0.021510, 0.865763, -0.038148
0.826749, 0.563482, -0.222574, -0.724785
0.826854, 0.233912, 0.216401, -0.711744
0.828261, 0.524378, -0.196200, -0.767518
0.829817, 0.636622, -0.256600, -0.632990
0.830232, 0.828357, -0.320119, -0.323919
0.831052, 0.299649, 0.057192, -0.823514
0.831112, 0.759357, -0.299808, -0.443474
0.831745, 0.377481, -0.059844, -0.854765
0.831922, 0.899185, -0.331126, -0.193930
0.831929, 0.061999, 0.819232, -0.122830
0.832692, 0.192125, 0.345890, -0.604823
0.834045, 0.662559, -0.261466, -0.597506
0.834124, 0.472176, -0.152975, -0.817385
0.834131, 0.973478, -0.336106, -0.051790
0.836412, 0.152052, 0.547190, -0.416468
0.837026, 0.687978, -0.266493, -0.560124
0.837238, 0.256905, 0.136818, -0.785044
0.837990, 0.352971, -0.029152, -0.861538
0.838329, 0.733668, -0.279871, -0.488355
0.838776, 0.872818, -0.314032, -0.244561
0.838828, 0.423140, -0.107137, -0.851239
0.838863, 0.000000, 0.846819, 0.000000
0.839207, 0.803338, -0.298062, -0.370589
0.840048, 0.324684, 0.009476, -0.856330
0.840848, 0.107202, 0.707398, -0.255179
0.841743, 0.946293, -0.319353, -0.105130
0.842078, 0.214317, 0.239165, -0.710131
0.842231, 0.447800, -0.127598, -0.840569
0.842256, 0.042529, 0.819718, -0.090910
0.842882, 0.083867, 0.755613, -0.194658
0.843777, 0.544029, -0.192204, -0.756924
0.844523, 1.000000, -0.317534, 0.000000
0.846086, 0.847162, -0.295618, -0.293447
0.847048, 0.514414, -0.171307, -0.790124
0.847055, 0.595756, -0.214532, -0.696449
0.847125, 0.172256, 0.376258, -0.585850
0.847506, 0.571506, -0.202270, -0.726986
0.847539, 0.711411, -0.257701, -0.526885
0.847553, 0.130549, 0.596847, -0.367943
0.847597, 0.778734, -0.276813, -0.415239
0.848020, 0.396769, -0.078571, -0.870124
0.848417, 0.919385, -0.303764, -0.157930
0.848623, 0.278202, 0.079698, -0.836511
0.850118, 0.619993, -0.221014, -0.665312
0.850690, 0.489351, -0.151852, -0.815822
0.853215, 0.020362, 0.811451, -0.047913
0.854060, 0.238619, 0.150879, -0.794660
0.854091, 0.644077, -0.224766, -0.632638
0.855494, 0.892330, -0.286496, -0.210798
0.855631, 0.753461, -0.256310, -0.460509
0.856078, 0.821706, -0.272057, -0.341891
0.856156, 0.300571, 0.037005, -0.867877
0.856990, 0.371001, -0.050852, -0.885133
0.857528, 0.667487, -0.227809, -0.598868
0.857565, 0.980656, -0.291551, -0.038549
0.859114, 0.066227, 0.746592, -0.174444
0.859874, 0.689804, -0.231169, -0.564737
0.859968, 0.464971, -0.127936, -0.842468
0.860689, 0.346178, -0.024721, -0.890186
0.861504, 0.195317, 0.243787, -0.720819
0.861896, 0.959903, -0.283215, -0.080143
0.862806, 0.438413, -0.107425, -0.863542
0.862916, 0.322249, 0.004156, -0.887506
0.862966, 0.865872, -0.267974, -0.262036
0.864377, 0.147441, 0.415822, -0.548502
0.864471, 0.729696, -0.234923, -0.502117
0.864509, 0.413805, -0.087314, -0.878658
0.864580, 0.093832, 0.665086, -0.276829
0.864968, 0.797434, -0.250439, -0.386769
0.865229, 0.531824, -0.161710, -0.781941
0.865914, 0.259125, 0.095210, -0.847211
0.866600, 0.000000, 0.784097, 0.000000
0.866834, 0.118591, 0.556302, -0.399537
0.866874, 0.219613, 0.171540, -0.788848
0.867324, 0.936365, -0.270762, -0.127262
0.867474, 0.041358, 0.758869, -0.114810
0.867733, 0.556622, -0.170530, -0.754720
0.869653, 0.171183, 0.296068, -0.671242
0.869847, 0.505383, -0.143300, -0.812307
0.870388, 0.582466, -0.178172, -0.723560
0.871115, 0.840075, -0.248122, -0.311603
0.871867, 1.000000, -0.265098, 0.000000
0.872011, 0.607045, -0.185450, -0.691497
0.872275, 0.910855, -0.257864, -0.177832
0.872382, 0.772510, -0.231682, -0.432026
0.873394, 0.387131, -0.061782, -0.897245
0.874619, 0.706767, -0.212076, -0.542110
0.875570, 0.631487, -0.188824, -0.658187
0.876260, 0.283885, 0.047547, -0.886805
0.877332, 0.481704, -0.123314, -0.839188
0.879282, 0.655818, -0.190753, -0.623237
0.879548, 0.884337, -0.239853, -0.229964
0.880910, 0.021089, 0.738783, -0.065403
0.881398, 0.747255, -0.210235, -0.476922
0.881892, 0.680464, -0.193485, -0.585902
0.882469, 0.060230, 0.681496, -0.200695
0.882967, 0.815058, -0.221207, -0.358936
0.882987, 0.360944, -0.037417, -0.912391
0.883180, 0.307216, 0.015440, -0.907654
0.883539, 0.333932, -0.012583, -0.913926
0.883993, 0.238088, 0.108553, -0.853774
0.884034, 0.977782, -0.242188, -0.045627
0.884157, 0.456123, -0.103266, -0.865098
0.885001, 0.082100, 0.620233, -0.291374
0.885247, 0.431919, -0.088457, -0.883534
0.887079, 0.209330, 0.154856, -0.814283
0.887473, 0.132363, 0.370512, -0.581955
0.887603, 0.858522, -0.220425, -0.280294
0.888133, 0.954370, -0.233374, -0.093598
0.888175, 0.521636, -0.131706, -0.803961
0.888351, 0.184911, 0.204518, -0.764870
0.888418, 0.405685, -0.069505, -0.901094
0.889039, 0.106301, 0.492942, -0.440620
0.889714, 0.157158, 0.272340, -0.690287
0.890326, 0.543765, -0.138098, -0.779337
0.890488, 0.264572, 0.063202, -0.891591
0.890648, 0.790837, -0.202652, -0.403675
0.890935, 0.723035, -0.188685, -0.519668
0.891632, 0.929136, -0.223568, -0.144663
0.891726, 0.568251, -0.145210, -0.749801
0.893826, 0.000000, 0.705701, 0.000000
0.894111, 0.593780, -0.150385, -0.717080
0.895467, 0.499512, -0.114255, -0.831110
0.895565, 0.903227, -0.212016, -0.196056
0.896084, 0.041746, 0.666604, -0.154178
0.896337, 0.834098, -0.199577, -0.326663
0.896757, 0.765312, -0.186870, -0.449106
0.896793, 0.619074, -0.154057, -0.682669
0.897790, 1.000000, -0.217337, 0.000000
0.898903, 0.381166, -0.048372, -0.919298
0.899014, 0.698146, -0.169796, -0.562013
0.900454, 0.644516, -0.155283, -0.646259
0.902063, 0.473917, -0.096619, -0.859101
0.902909, 0.670370, -0.157493, -0.607133
0.903950, 0.341863, -0.019188, -0.932008
0.904060, 0.291744, 0.023436, -0.925184
0.904074, 0.876980, -0.191706, -0.247976
0.906065, 0.423823, -0.069887, -0.901028
0.906076, 0.317278, 0.000471, -0.933359
0.907194, 0.739174, -0.163881, -0.495899
0.907446, 0.066320, 0.565548, -0.288395
0.908009, 0.221724, 0.102034, -0.869478
0.908303, 0.021864, 0.646838, -0.088444
0.909223, 0.245729, 0.069779, -0.898954
0.909335, 0.973592, -0.195232, -0.056163
0.909413, 0.447981, -0.079083, -0.884903
0.910210, 0.807475, -0.169572, -0.377492
0.910561, 0.090366, 0.440480, -0.451539
0.910840, 0.195801, 0.136030, -0.832755
0.910909, 0.169632, 0.182384, -0.777497
0.910921, 0.116991, 0.318026, -0.604015
0.911351, 0.142672, 0.240247, -0.703194
0.911796, 0.360885, -0.031259, -0.934529
0.912046, 0.946278, -0.186591, -0.113070
0.912115, 0.523603, -0.105057, -0.811256
0.913175, 0.551014, -0.112144, -0.779090
0.913241, 0.270300, 0.039989, -0.922927
0.913877, 0.855342, -0.169348, -0.289737
0.914007, 0.400595, -0.052793, -0.919470
0.914859, 0.577971, -0.117443, -0.744744
0.915080, 0.919639, -0.176383, -0.166745
0.915313, 0.781829, -0.156155, -0.423164
0.917032, 0.715786, -0.142873, -0.536819
0.917211, 0.496031, -0.090354, -0.842949
0.917496, 0.604723, -0.120390, -0.708564
0.918514, 0.830382, -0.156928, -0.336310
0.918611, 0.893746, -0.165460, -0.217675
0.920265, 0.756363, -0.143489, -0.468271
0.920448, 0.000000, 0.609527, 0.000000
0.920546, 0.631409, -0.121731, -0.670516
0.920907, 0.687902, -0.131658, -0.582902
0.921940, 0.046361, 0.551981, -0.224988
0.922011, 1.000000, -0.172351, 0.000000
0.923236, 0.658908, -0.122858, -0.629202
0.925736, 0.468729, -0.072685, -0.873261
0.927830, 0.379135, -0.035597, -0.937317
0.927843, 0.334684, -0.012507, -0.949727
0.927921, 0.425028, -0.055201, -0.910224
0.928945, 0.309093, 0.003051, -0.950207
0.932005, 0.285569, 0.018200, -0.946676
0.932291, 0.233166, 0.060057, -0.911969
0.932341, 0.208019, 0.085401, -0.881795
0.932477, 0.072390, 0.382430, -0.440704
0.932700, 0.100562, 0.268609, -0.600470
0.933226, 0.873172, -0.134190, -0.259247
0.933246, 0.154824, 0.152988, -0.781427
0.933281, 0.181426, 0.115039, -0.839417
0.933411, 0.022728, 0.542425, -0.120159
0.933481, 0.127808, 0.200443, -0.704746
0.933553, 0.956619, -0.145872, -0.094716
0.933604, 0.980178, -0.147970, -0.044050
0.934123, 0.258339, 0.036885, -0.934658
0.934556, 0.537186, -0.081977, -0.801442
0.935090, 0.734472, -0.114392, -0.508491
0.935468, 0.930351, -0.137563, -0.148689
0.935548, 0.791774, -0.120227, -0.408324
0.935701, 0.563524, -0.086241, -0.768448
0.935912, 0.512082, -0.074412, -0.831023
0.936293, 0.447862, -0.056322, -0.895276
0.936688, 0.816512, -0.121028, -0.364429
0.936868, 0.356155, -0.021365, -0.950243
0.937369, 0.845737, -0.122644, -0.310395
0.937685, 0.590212, -0.088708, -0.732886
0.937850, 0.902968, -0.128442, -0.202536
0.938551, 0.400596, -0.038896, -0.930665
0.938848, 0.705363, -0.104227, -0.557159
0.939062, 0.764726, -0.110715, -0.456219
0.939508, 0.486467, -0.064141, -0.859563
0.940187, 0.617352, -0.089717, -0.694631
0.941165, 0.675767, -0.096574, -0.605180
0.942137, 0.645520, -0.090967, -0.652724
0.946293, 0.045905, 0.407486, -0.309273
0.946582, 0.000000, 0.498590, 0.000000
0.949551, 1.000000, -0.117004, 0.000000
0.951394, 0.423620, -0.037377, -0.919320
0.951973, 0.325992, -0.005793, -0.962874
0.953980, 0.300131, 0.004812, -0.962901
0.954741, 0.377736, -0.022615, -0.948791
0.954906, 0.088508, 0.192893, -0.605533
0.955130, 0.273578, 0.016515, -0.956204
0.955227, 0.467551, -0.043942, -0.882530
0.955228, 0.194200, 0.064604, -0.883966
0.955300, 0.220408, 0.045941, -0.917592
0.955341, 0.114396, 0.148148, -0.700127
0.955571, 0.167527, 0.086287, -0.838072
0.955571, 0.140972, 0.113330, -0.777846
0.955658, 0.886034, -0.090881, -0.237561
0.955943, 0.246452, 0.029756, -0.941410
0.956012, 0.943411, -0.097317, -0.125659
0.956452, 0.971737, -0.101801, -0.066195
0.956623, 0.859363, -0.086405, -0.287407
0.956934, 0.747424, -0.077093, -0.488500
0.956988, 0.548911, -0.055866, -0.791181
0.957176, 0.064713, 0.244444, -0.490567
0.957292, 0.915272, -0.090468, -0.181352
0.957315, 0.830790, -0.082824, -0.340235
0.957618, 0.720106, -0.073590, -0.534803
0.957643, 0.522564, -0.051097, -0.823603
0.957940, 0.350625, -0.012969, -0.959823
0.958128, 0.575806, -0.057995, -0.755913
0.958361, 0.803122, -0.078772, -0.390463
0.958502, 0.776498, -0.076441, -0.437624
0.958607, 0.024143, 0.402303, -0.187285
0.959266, 0.496220, -0.044981, -0.853767
0.959511, 0.691224, -0.067907, -0.582516
0.959886, 0.603261, -0.058786, -0.717740
0.960225, 0.661484, -0.064100, -0.629991
0.960819, 0.443322, -0.034058, -0.905599
0.961131, 0.631646, -0.059885, -0.676070
0.962125, 0.402653, -0.024695, -0.936382
0.972154, 0.000000, 0.385860, 0.000000
0.974027, 1.000000, -0.067575, 0.000000
0.975577, 0.045739, 0.174100, -0.432757
0.976275, 0.313130, -0.000315, -0.970764
0.977286, 0.951897, -0.052567, -0.111479
0.977296, 0.287025, 0.005100, -0.968264
0.977382, 0.898160, -0.047382, -0.216525
0.977668, 0.099873, 0.083837, -0.675684
0.977678, 0.260395, 0.011267, -0.958683
0.977704, 0.180316, 0.037066, -0.875955
0.977706, 0.206890, 0.026990, -0.913706
0.977799, 0.126689, 0.064001, -0.759455
0.977847, 0.925588, -0.048385, -0.163877
0.977862, 0.153530, 0.048871, -0.825302
0.977899, 0.479043, -0.022941, -0.874763
0.977944, 0.366137, -0.009368, -0.959136
0.977950, 0.338238, -0.005013, -0.968133
0.977998, 0.233469, 0.018234, -0.940836
0.978068, 0.844097, -0.043201, -0.317248
0.978072, 0.871316, -0.044441, -0.266893
0.978409, 0.977288, -0.053878, -0.056752
0.978412, 0.760515, -0.039220, -0.467147
0.978698, 0.422802, -0.016351, -0.925330
0.978774, 0.732986, -0.037454, -0.514548
0.978863, 0.534687, -0.026492, -0.811461
0.978881, 0.561714, -0.028391, -0.776863
0.978882, 0.816544, -0.040508, -0.367406
0.979077, 0.073189, 0.103352, -0.573355
0.979162, 0.705106, -0.035586, -0.561265
0.979586, 0.676259, -0.033609, -0.608167
0.979630, 0.788570, -0.038045, -0.417609
0.979705, 0.589304, -0.028994, -0.739226
0.979773, 0.507321, -0.023281, -0.844047
0.979952, 0.647194, -0.031665, -0.653757
0.980192, 0.452276, -0.018070, -0.900640
0.980223, 0.392586, -0.012018, -0.946075
0.980489, 0.617849, -0.029415, -0.698080
0.982486, 0.020013, 0.222593, -0.264239
1.000000, 0.000000, 0.000000, 0.000000
1.000000, 0.030936, 0.000000, -0.404889
1.000000, 0.057655, 0.000000, -0.517512
1.000000, 0.085657, 0.000000, -0.634501
1.000000, 0.112697, 0.000000, -0.726261
1.000000, 0.139670, 0.000000, -0.799561
1.000000, 0.166581, 0.000000, -0.856850
1.000000, 0.193337, 0.000000, -0.900207
1.000000, 0.220045, 0.000000, -0.931990
1.000000, 0.246890, 0.000000, -0.953967
1.000000, 0.273566, 0.000000, -0.967146
1.000000, 0.300022, 0.000000, -0.972899
1.000000, 0.325974, 0.000000, -0.972377
1.000000, 0.352860, 0.000000, -0.966051
1.000000, 0.379982, 0.000000, -0.954417
1.000000, 0.408530, 0.000000, -0.936813
1.000000, 0.436563, 0.000000, -0.915521
1.000000, 0.465138, 0.000000, -0.889368
1.000000, 0.492364, 0.000000, -0.861703
1.000000, 0.520472, 0.000000, -0.829378
1.000000, 0.548014, 0.000000, -0.795447
1.000000, 0.575635, 0.000000, -0.758897
1.000000, 0.603888, 0.000000, -0.719073
1.000000, 0.632815, 0.000000, -0.676166
1.000000, 0.661550, 0.000000, -0.631997
1.000000, 0.690101, 0.000000, -0.586369
1.000000, 0.718336, 0.000000, -0.539746
1.000000, 0.746211, 0.000000, -0.492404
1.000000, 0.773780, 0.000000, -0.444495
1.000000, 0.801847, 0.000000, -0.394241
1.000000, 0.829313, 0.000000, -0.344768
1.000000, 0.856088, 0.000000, -0.295902
1.000000, 0.882475, 0.000000, -0.246890
1.000000, 0.907977, 0.000000, -0.199025
1.000000, 0.932670, 0.000000, -0.151350
1.000000, 0.955843, 0.000000, -0.104950
1.000000, 0.978099, 0.000000, -0.055225
1.000000, 1.000000, 0.000000, 0.000000
