0.000000, 0.000000, 0.000000, 0.000000
0.000000, 0.029021, 0.000000, 0.041642
0.000000, 0.056003, 0.000000, 0.075110
0.000000, 0.082472, 0.000000, 0.104508
0.000000, 0.109014, 0.000000, 0.132130
0.000000, 0.136105, 0.000000, 0.159189
0.000000, 0.164611, 0.000000, 0.187186
0.000000, 0.194376, 0.000000, 0.216813
0.000000, 0.222208, 0.000000, 0.243199
0.000000, 0.251923, 0.000000, 0.271622
0.000000, 0.281839, 0.000000, 0.300375
0.000000, 0.310797, 0.000000, 0.328418
0.000000, 0.337786, 0.000000, 0.353735
0.000000, 0.365748, 0.000000, 0.380174
0.000000, 0.393541, 0.000000, 0.405697
0.000000, 0.422563, 0.000000, 0.433029
0.000000, 0.450038, 0.000000, 0.458423
0.000000, 0.477148, 0.000000, 0.483279
0.000000, 0.504111, 0.000000, 0.507715
0.000000, 0.531347, 0.000000, 0.532296
0.000000, 0.558609, 0.000000, 0.556926
0.000000, 0.584626, 0.000000, 0.579861
0.000000, 0.610989, 0.000000, 0.603064
0.000000, 0.636910, 0.000000, 0.625674
0.000000, 0.662307, 0.000000, 0.647209
0.000000, 0.688824, 0.000000, 0.669539
0.000000, 0.715827, 0.000000, 0.691952
0.000000, 0.742847, 0.000000, 0.714067
0.000000, 0.769486, 0.000000, 0.735420
0.000000, 0.795477, 0.000000, 0.755719
0.000000, 0.820995, 0.000000, 0.775040
0.000000, 0.846479, 0.000000, 0.793715
0.000000, 0.872229, 0.000000, 0.811904
0.000000, 0.898064, 0.000000, 0.828290
0.000000, 0.923541, 0.000000, 0.847276
0.000000, 0.948427, 0.000000, 0.963216
0.000000, 0.973004, 0.000000, 1.171058
0.000000, 1.000000, 0.000000, 0.000000
0.018189, 0.178444, 0.020259, 0.200732
0.018281, 0.267328, 0.019231, 0.286281
0.018734, 0.236793, 0.020040, 0.257030
0.018896, 0.409359, 0.018710, 0.420466
0.019293, 0.984915, -0.680060, 0.205890
0.019452, 0.297296, 0.020195, 0.315188
0.019654, 0.019337, 0.028047, 0.027582
0.019874, 0.149502, 0.022773, 0.172290
0.020665, 0.544990, 0.019312, 0.544523
0.020922, 0.517765, 0.019795, 0.520037
0.021053, 0.350280, 0.021316, 0.365350
0.021135, 0.436918, 0.020685, 0.446119
0.021183, 0.729813, 0.017735, 0.703330
0.021238, 0.702259, 0.018147, 0.680635
0.021523, 0.463839, 0.020835, 0.470962
0.021614, 0.490545, 0.020686, 0.495361
0.021764, 0.379852, 0.021777, 0.392941
0.021802, 0.756596, 0.017831, 0.724913
0.021824, 0.597310, 0.019870, 0.590873
0.021913, 0.674763, 0.019074, 0.657671
0.022110, 0.121583, 0.026159, 0.144498
0.022149, 0.208174, 0.024162, 0.229842
0.022371, 0.885957, 0.015689, 0.820787
0.022583, 0.624419, 0.020281, 0.614635
0.022661, 0.912242, 0.023918, 0.843697
0.022725, 0.572255, 0.020973, 0.568905
0.022739, 0.044448, 0.030888, 0.060476
0.022768, 0.859830, 0.016695, 0.803133
0.022816, 0.783577, 0.018186, 0.746208
0.022823, 0.324628, 0.023412, 0.341356
0.023006, 0.095475, 0.028290, 0.117730
0.023281, 0.069970, 0.029991, 0.090266
0.023377, 0.937588, 0.116679, 0.934689
0.023454, 0.834113, 0.017685, 0.784529
0.023533, 0.808963, 0.018249, 0.765725
0.023741, 0.648317, 0.021002, 0.635189
0.023811, 0.961293, -0.029782, 0.785488
0.027795, 0.000000, 0.040015, 0.000000
0.032728, 1.000000, -0.958995, 0.000000
0.036759, 0.253549, 0.038905, 0.272775
0.037405, 0.282760, 0.039055, 0.300995
0.038200, 0.186654, 0.042156, 0.208001
0.038341, 0.400010, 0.038062, 0.411599
0.039483, 0.361481, 0.039807, 0.375555
0.040004, 0.161515, 0.045071, 0.183241
0.041235, 0.227539, 0.044324, 0.247891
0.041866, 0.557627, 0.038879, 0.555552
0.041888, 0.135269, 0.048454, 0.157251
0.041922, 0.716834, 0.035441, 0.692311
0.041932, 0.610503, 0.037905, 0.602028
0.042067, 0.531238, 0.039560, 0.532036
0.042143, 0.425026, 0.041440, 0.435076
0.042220, 0.688823, 0.036408, 0.668996
0.042281, 0.504629, 0.040232, 0.508043
0.042649, 0.309370, 0.043979, 0.326387
0.043108, 0.026966, 0.058386, 0.036653
0.043299, 0.451109, 0.042134, 0.459209
0.043413, 0.770163, 0.035068, 0.735143
0.043564, 0.743133, 0.036041, 0.713605
0.043582, 0.477199, 0.041944, 0.483061
0.044124, 0.660426, 0.038756, 0.645104
0.044142, 0.900916, 0.038759, 0.840346
0.044823, 0.874262, 0.030329, 0.811109
0.045194, 0.928399, 0.110913, 0.927891
0.045648, 0.978298, -0.951991, -0.111428
0.045654, 0.054995, 0.058983, 0.071226
0.045720, 0.107484, 0.054576, 0.128772
0.045957, 0.848114, 0.033838, 0.793758
0.046430, 0.585445, 0.042528, 0.580015
0.046816, 0.081883, 0.057936, 0.101570
0.046856, 0.797383, 0.036889, 0.756261
0.047154, 0.335929, 0.048030, 0.351244
0.047368, 0.954749, -0.485323, 0.338881
0.047404, 0.822351, 0.036350, 0.775130
0.049148, 0.633976, 0.043861, 0.622579
0.049440, 0.204381, 0.053859, 0.225131
0.050685, 0.382642, 0.050657, 0.395097
0.051706, 0.000000, 0.069194, 0.000000
0.056084, 0.268467, 0.058833, 0.286561
0.059642, 1.000000, -0.854867, 0.000000
0.061108, 0.176389, 0.067665, 0.196912
0.061181, 0.245439, 0.064899, 0.264193
0.062059, 0.291743, 0.064421, 0.309004
0.062131, 0.409234, 0.061427, 0.419822
0.062153, 0.704678, 0.052958, 0.681556
0.062621, 0.676033, 0.054405, 0.657451
0.062828, 0.357928, 0.063345, 0.371420
0.063155, 0.566832, 0.058332, 0.562922
0.063188, 0.150920, 0.071465, 0.171736
0.063369, 0.491674, 0.060565, 0.495515
0.063456, 0.124141, 0.073519, 0.144492
0.063850, 0.607850, 0.057770, 0.599265
0.064253, 0.517996, 0.060714, 0.519288
0.064449, 0.542662, 0.060214, 0.541312
0.064835, 0.436996, 0.063391, 0.445533
0.065005, 0.916045, 0.061260, 0.850425
0.065082, 0.756590, 0.053119, 0.723530
0.065652, 0.729700, 0.054832, 0.701869
0.065684, 0.782337, 0.052211, 0.743514
0.065933, 0.463256, 0.063742, 0.469492
0.066168, 0.020295, 0.085448, 0.026298
0.066303, 0.889203, 0.068136, 0.843846
0.066808, 0.316489, 0.068600, 0.332619
0.066952, 0.221048, 0.071954, 0.240503
0.067097, 0.945212, -0.774400, 0.030979
0.067411, 0.043396, 0.085626, 0.055083
0.067822, 0.863042, 0.044989, 0.799707
0.068497, 0.650547, 0.060473, 0.635787
0.069047, 0.069167, 0.085052, 0.085247
0.069561, 0.837080, 0.049224, 0.781839
0.070399, 0.974915, -0.904263, -0.072028
0.070706, 0.095641, 0.084105, 0.113962
0.071761, 0.811158, 0.054781, 0.764811
0.072791, 0.195719, 0.079363, 0.215414
0.073150, 0.382082, 0.072977, 0.393648
0.074854, 0.585490, 0.068511, 0.579403
0.075997, 0.338155, 0.077264, 0.352714
0.077068, 0.627354, 0.068947, 0.615575
0.078350, 0.000000, 0.099685, 0.000000
0.079247, 0.268443, 0.082987, 0.285890
0.080655, 0.692213, 0.069217, 0.669999
0.083434, 0.480335, 0.080053, 0.484473
0.084089, 0.240144, 0.089206, 0.258249
0.084248, 0.402840, 0.083349, 0.412796
0.084316, 0.116180, 0.097444, 0.134593
0.085003, 0.929408, -0.839589, -0.056015
0.085197, 0.167845, 0.094361, 0.187101
0.085231, 0.141670, 0.096449, 0.161017
0.085237, 0.295351, 0.088142, 0.311509
0.085256, 1.000000, -0.827279, 0.000000
0.085453, 0.507308, 0.081060, 0.509003
0.085658, 0.426167, 0.084028, 0.434823
0.086042, 0.791631, 0.067620, 0.748938
0.086299, 0.558616, 0.079962, 0.554924
0.086780, 0.743334, 0.071559, 0.711487
0.087220, 0.668316, 0.076049, 0.649696
0.087519, 0.533456, 0.082070, 0.532579
0.087707, 0.903879, -0.112339, 0.645431
0.087801, 0.958216, -0.824069, -0.014150
0.088073, 0.715702, 0.074257, 0.689176
0.088291, 0.361273, 0.088831, 0.374023
0.089060, 0.451182, 0.086444, 0.457602
0.089299, 0.766739, 0.072002, 0.729552
0.089659, 0.878833, 0.150680, 0.897860
0.090262, 0.026085, 0.111631, 0.032275
0.090291, 0.603964, 0.081784, 0.594931
0.091002, 0.052791, 0.110663, 0.064156
0.091324, 0.215954, 0.098134, 0.234494
0.091484, 0.853920, 0.087102, 0.815632
0.092624, 0.079184, 0.109971, 0.094000
0.093492, 0.318899, 0.095643, 0.333603
0.093687, 0.829323, 0.070375, 0.776820
0.094440, 0.190778, 0.102863, 0.209408
0.095224, 0.645736, 0.084178, 0.630360
0.098998, 0.979956, -0.840748, -0.022147
0.099553, 0.577985, 0.091337, 0.571652
0.099717, 0.383591, 0.099359, 0.394419
0.100205, 0.254105, 0.105366, 0.271021
0.100937, 0.101106, 0.116864, 0.117074
0.101784, 0.807777, 0.078432, 0.760033
0.102186, 0.000000, 0.124167, 0.000000
0.102939, 0.690997, 0.088249, 0.667872
0.103137, 0.470945, 0.099259, 0.475286
0.103346, 0.341842, 0.104669, 0.354963
0.103482, 0.278518, 0.107648, 0.294636
0.104642, 0.942015, -0.818291, -0.032783
0.104760, 0.623694, 0.093765, 0.611155
0.105945, 0.496374, 0.100914, 0.498610
0.106334, 0.733476, 0.088148, 0.702006
0.107110, 0.127287, 0.121299, 0.144391
0.107576, 0.408672, 0.106093, 0.417537
0.107918, 0.152880, 0.120052, 0.170705
0.108476, 0.522705, 0.102159, 0.522454
0.109381, 0.918435, -0.900294, -0.137821
0.109556, 0.781986, 0.086702, 0.739753
0.109949, 0.432631, 0.107428, 0.439788
0.110044, 0.550254, 0.102299, 0.546876
0.111218, 0.231120, 0.118022, 0.247911
0.111936, 0.301134, 0.115241, 0.316016
0.111937, 0.894895, -0.573838, 0.156748
0.112044, 0.667361, 0.097561, 0.647711
0.112213, 0.176882, 0.122691, 0.194427
0.113718, 0.870985, 0.019958, 0.733116
0.113750, 1.000000, -0.818044, 0.000000
0.114168, 0.041166, 0.135743, 0.048746
0.114243, 0.756364, 0.092701, 0.719806
0.114591, 0.066130, 0.134427, 0.077361
0.114752, 0.019568, 0.136955, 0.023360
0.114869, 0.205076, 0.123651, 0.222496
0.115000, 0.599703, 0.104215, 0.589807
0.115051, 0.364628, 0.115393, 0.375981
0.115169, 0.711023, 0.097147, 0.683294
0.115887, 0.847067, 0.143562, 0.844584
0.116363, 0.961905, -0.817415, -0.025177
0.118244, 0.454013, 0.114483, 0.458957
0.120696, 0.323939, 0.123015, 0.337366
0.121138, 0.824318, 0.099552, 0.778419
0.121320, 0.644923, 0.107075, 0.628281
0.121363, 0.088597, 0.139710, 0.101798
0.121810, 0.258654, 0.127539, 0.274424
0.122916, 0.575286, 0.112742, 0.567996
0.124460, 0.389249, 0.123573, 0.398697
0.126015, 0.479781, 0.120674, 0.482225
0.126935, 0.112600, 0.143543, 0.127194
0.127419, 0.800214, 0.099515, 0.752521
0.127969, 0.688095, 0.109625, 0.663675
0.128623, 0.937858, -0.803423, -0.038474
0.128893, 0.505329, 0.122089, 0.505320
0.129048, 0.980522, -0.811967, -0.014695
0.129259, 0.000000, 0.152322, 0.000000
0.129632, 0.281273, 0.134306, 0.295944
0.130009, 0.732648, 0.107480, 0.699388
0.130339, 0.622313, 0.116495, 0.608360
0.130460, 0.138032, 0.145130, 0.153647
0.130920, 0.346487, 0.132148, 0.358267
0.131275, 0.530757, 0.122940, 0.528109
0.131453, 0.414123, 0.129212, 0.421617
0.132835, 0.162678, 0.145560, 0.178728
0.133330, 0.775470, 0.105802, 0.732289
0.133821, 0.913635, -0.827313, -0.084952
0.134123, 0.238932, 0.141388, 0.254355
0.134215, 0.189175, 0.144859, 0.205159
0.135111, 0.553930, 0.125121, 0.548375
0.135848, 0.889483, -0.883575, -0.168136
0.136232, 0.216628, 0.145027, 0.232305
0.136239, 0.051190, 0.157390, 0.058891
0.136873, 0.436869, 0.133293, 0.442346
0.137908, 0.865374, -0.416176, 0.269462
0.138029, 0.304760, 0.141538, 0.318126
0.138058, 0.665693, 0.119999, 0.644375
0.139276, 0.599672, 0.125969, 0.588230
0.139360, 0.023814, 0.161981, 0.027527
0.140847, 0.370509, 0.140753, 0.380449
0.141233, 0.709119, 0.118769, 0.679478
0.141711, 0.841753, 0.095986, 0.762808
0.141833, 0.752422, 0.114854, 0.713507
0.142091, 0.074626, 0.161996, 0.084746
0.142478, 1.000000, -0.800893, 0.000000
0.143226, 0.461362, 0.138054, 0.464470
0.143248, 0.957777, -0.800035, -0.030730
0.146795, 0.817700, 0.140836, 0.790978
0.147203, 0.259793, 0.153552, 0.274119
0.147362, 0.578257, 0.134697, 0.568924
0.147385, 0.643264, 0.129845, 0.624775
0.147559, 0.327733, 0.149825, 0.339571
0.147866, 0.098596, 0.166299, 0.110514
0.149061, 0.487043, 0.142084, 0.487487
0.149406, 0.395309, 0.147801, 0.403258
0.152054, 0.123487, 0.168722, 0.136702
0.152146, 0.512346, 0.143405, 0.510053
0.153058, 0.794155, 0.121226, 0.746124
0.153157, 0.933408, -0.789342, -0.047005
0.153806, 0.686809, 0.131426, 0.660307
0.154374, 0.000000, 0.177100, 0.000000
0.154565, 0.284341, 0.159522, 0.297544
0.154592, 0.148773, 0.169308, 0.162857
0.154916, 0.203442, 0.165143, 0.217882
0.155045, 0.175062, 0.167620, 0.189613
0.155486, 0.728855, 0.127873, 0.693110
0.156231, 0.620802, 0.139385, 0.604973
0.156663, 0.977459, -0.791264, -0.016823
0.156822, 0.535408, 0.146196, 0.530200
0.156903, 0.040269, 0.178778, 0.045559
0.157089, 0.351505, 0.157930, 0.361624
0.157297, 0.419433, 0.154081, 0.425276
0.157862, 0.907760, -0.785698, -0.067619
0.158213, 0.234305, 0.166386, 0.248295
0.158701, 0.771257, 0.124929, 0.724902
0.159409, 0.557252, 0.147054, 0.549427
0.159795, 0.883527, -0.814576, -0.118578
0.161802, 0.443399, 0.156921, 0.447041
0.162704, 0.859238, -0.849232, -0.182519
0.163799, 0.062289, 0.184784, 0.069771
0.164030, 0.307781, 0.167574, 0.319551
0.164039, 0.664131, 0.142263, 0.640647
0.165368, 0.598345, 0.149287, 0.584923
0.166162, 0.376264, 0.165375, 0.384459
0.166794, 0.834148, -0.333448, 0.301362
0.167355, 0.469039, 0.160561, 0.470149
0.168037, 0.020230, 0.190374, 0.022786
0.168453, 0.707116, 0.141516, 0.675150
0.168707, 0.747832, 0.134958, 0.705027
0.169114, 0.084688, 0.188765, 0.093930
0.169357, 1.000000, -0.782150, 0.000000
0.169743, 0.262462, 0.176252, 0.275228
0.169941, 0.953452, -0.780834, -0.035189
0.171976, 0.496101, 0.163084, 0.494454
0.173134, 0.810865, 0.159332, 0.773099
0.173351, 0.331656, 0.175331, 0.341802
0.173410, 0.575564, 0.158328, 0.564483
0.173457, 0.108841, 0.191635, 0.119611
0.173461, 0.641540, 0.152463, 0.620893
0.173762, 0.215554, 0.183479, 0.228566
0.174938, 0.401037, 0.172363, 0.407114
0.175051, 0.187624, 0.187078, 0.200754
0.176626, 0.134592, 0.192945, 0.146475
0.176642, 0.926067, -0.773402, -0.055731
0.177243, 0.160210, 0.191547, 0.172851
0.177436, 0.521517, 0.166282, 0.516797
0.179718, 0.286545, 0.184644, 0.297954
0.179840, 0.788246, 0.149688, 0.744836
0.180105, 0.684417, 0.153647, 0.655462
0.181667, 0.000000, 0.204198, 0.000000
0.181678, 0.243509, 0.189565, 0.255731
0.182138, 0.618750, 0.162190, 0.600857
0.182157, 0.043438, 0.203921, 0.048191
0.182172, 0.979942, -0.772322, -0.015434
0.182258, 0.356618, 0.182487, 0.364942
0.182281, 0.548326, 0.168513, 0.539707
0.182675, 0.900313, -0.766619, -0.075249
0.182893, 0.727404, 0.152230, 0.690705
0.183020, 0.425690, 0.178511, 0.429475
0.183489, 0.766221, 0.147148, 0.720070
0.183900, 0.876784, -0.768144, -0.098180
0.185307, 0.449808, 0.178898, 0.451277
0.186121, 0.849728, -0.759976, -0.115948
0.189310, 0.310611, 0.192547, 0.320503
0.189687, 0.477985, 0.181005, 0.476744
0.190365, 0.661570, 0.164507, 0.635409
0.190562, 0.067297, 0.211252, 0.073910
0.191208, 0.595562, 0.172350, 0.580181
0.191307, 0.381890, 0.189621, 0.388185
0.193470, 0.825474, -0.835639, -0.225310
0.193547, 0.962368, -0.763036, -0.029236
0.194325, 0.091229, 0.213542, 0.099402
0.194703, 0.225487, 0.203943, 0.236958
0.194936, 0.022423, 0.216881, 0.024707
0.195258, 0.704732, 0.163765, 0.669852
0.195313, 0.200241, 0.206451, 0.211750
0.195507, 0.940119, -0.760594, -0.046503
0.195605, 0.571597, 0.178474, 0.558882
0.195925, 0.266223, 0.202373, 0.277163
0.196113, 0.502994, 0.184993, 0.498728
0.196920, 0.118756, 0.214442, 0.128451
0.196959, 0.173813, 0.210214, 0.185097
0.197499, 0.747958, 0.171856, 0.714684
0.197581, 1.000000, -0.760701, 0.000000
0.197957, 0.336002, 0.199315, 0.344193
0.199565, 0.637914, 0.175166, 0.615031
0.199983, 0.801083, -0.300785, 0.275326
0.200053, 0.530875, 0.186274, 0.523284
0.200299, 0.407200, 0.196502, 0.411212
0.200491, 0.146052, 0.215787, 0.156395
0.202061, 0.915417, -0.753969, -0.065924
0.204291, 0.866341, -0.747131, -0.103754
0.205201, 0.289189, 0.209846, 0.298699
0.205207, 0.459213, 0.197006, 0.458300
0.205883, 0.774188, 0.265877, 0.818926
0.206548, 0.682484, 0.174099, 0.649067
0.206908, 0.361353, 0.206257, 0.367621
0.207343, 0.046642, 0.228623, 0.050849
0.207681, 0.613008, 0.184901, 0.593275
0.207790, 0.000000, 0.229733, 0.000000
0.208785, 0.433013, 0.202512, 0.434130
0.208991, 0.555754, 0.192021, 0.544082
0.209016, 0.725261, 0.170861, 0.682639
0.209391, 0.246164, 0.217392, 0.256616
0.209501, 0.891465, -0.746304, -0.085014
0.212096, 0.981279, -0.749145, -0.014881
0.212152, 0.843172, -0.740875, -0.124789
0.213462, 0.315322, 0.216068, 0.323249
0.214727, 0.483350, 0.203900, 0.479398
0.215630, 0.219354, 0.225402, 0.229389
0.215723, 0.099156, 0.233960, 0.106476
0.215910, 0.659060, 0.186595, 0.630633
0.216037, 0.585932, 0.195163, 0.569485
0.216175, 0.385836, 0.213376, 0.389940
0.216777, 0.071238, 0.236588, 0.076824
0.216952, 0.512787, 0.203311, 0.505529
0.217278, 0.958919, -0.744621, -0.032760
0.217573, 0.193445, 0.229321, 0.203356
0.218870, 0.168444, 0.232312, 0.177869
0.219663, 0.819353, -0.740513, -0.152165
0.219994, 0.934028, -0.741519, -0.052615
0.220359, 0.023394, 0.241647, 0.025327
0.220545, 0.124631, 0.237173, 0.132835
0.221596, 0.748163, 0.179729, 0.699384
0.222433, 0.341017, 0.222925, 0.347133
0.222503, 0.703501, 0.177514, 0.657127
0.223147, 0.267641, 0.229397, 0.276595
0.223405, 0.793395, -0.811029, -0.257345
0.224190, 0.634357, 0.196325, 0.608872
0.224808, 0.410388, 0.219698, 0.412159
0.224975, 0.537782, 0.208153, 0.526767
0.225772, 0.146415, 0.240895, 0.155017
0.225978, 0.456164, 0.216784, 0.453872
0.226045, 0.870393, -0.730533, -0.102412
0.226790, 1.000000, -0.737986, 0.000000
0.228086, 0.294529, 0.231971, 0.302024
0.228298, 0.910968, -0.733648, -0.071379
0.229843, 0.768465, -0.222488, 0.296673
0.230519, 0.609641, 0.204828, 0.587483
0.231256, 0.564219, 0.210894, 0.548930
0.232056, 0.047193, 0.252590, 0.050650
0.232339, 0.680522, 0.201067, 0.649597
0.232350, 0.364513, 0.230662, 0.368550
0.232532, 0.239141, 0.240771, 0.247798
0.233459, 0.000000, 0.254513, 0.000000
0.234183, 0.498030, 0.220441, 0.490607
0.234376, 0.726215, 0.173568, 0.663180
0.234525, 0.848218, -0.720723, -0.119808
0.235359, 0.432799, 0.227722, 0.431756
0.236636, 0.086685, 0.255150, 0.092239
0.236893, 0.212658, 0.247029, 0.221169
0.237502, 0.321455, 0.239138, 0.327238
0.238464, 0.953503, -0.727645, -0.037839
0.239029, 0.890673, -0.723772, -0.088358
0.240356, 0.185926, 0.252176, 0.193923
0.240367, 0.977639, -0.727256, -0.018252
0.240414, 0.655339, 0.206256, 0.622938
0.240606, 0.109986, 0.257673, 0.116355
0.240872, 0.476434, 0.228625, 0.470431
0.241151, 0.388418, 0.237109, 0.390207
0.241409, 0.587240, 0.216993, 0.567150
0.242639, 0.521114, 0.225822, 0.510336
0.242664, 0.827510, -0.713615, -0.138561
0.244314, 0.804762, -0.726218, -0.174766
0.244469, 0.163612, 0.258107, 0.171310
0.245599, 0.023221, 0.265994, 0.024753
0.246031, 0.931077, -0.720905, -0.056342
0.246459, 0.066664, 0.265657, 0.070791
0.247191, 0.255856, 0.253754, 0.262925
0.247460, 0.278862, 0.252095, 0.285216
0.247665, 0.135763, 0.262850, 0.142509
0.248323, 0.780111, -0.706326, -0.181692
0.248851, 0.343579, 0.248318, 0.347359
0.248873, 0.701754, 0.251871, 0.704209
0.248980, 0.631843, 0.216901, 0.602808
0.249165, 0.750157, -0.258075, 0.226588
0.249365, 0.545226, 0.229152, 0.530661
0.250722, 0.454288, 0.240019, 0.449742
0.250845, 0.411037, 0.244308, 0.410321
0.251293, 0.303718, 0.253863, 0.308941
0.251725, 0.868498, -0.711287, -0.107134
0.254036, 1.000000, -0.716779, 0.000000
0.254643, 0.609994, 0.225244, 0.584308
0.256243, 0.674153, 0.212665, 0.631520
0.256551, 0.910112, -0.711345, -0.073993
0.257238, 0.725989, 0.351064, 0.812380
0.257253, 0.228241, 0.265671, 0.234899
0.257346, 0.568316, 0.233321, 0.549417
0.257748, 0.367277, 0.254810, 0.368917
0.257962, 0.202572, 0.268298, 0.209378
0.258168, 0.500090, 0.242037, 0.489850
0.259056, 0.044574, 0.278598, 0.047143
0.259307, 0.000000, 0.279228, 0.000000
0.260415, 0.955847, -0.710132, -0.036620
0.261058, 0.845569, -0.701222, -0.126161
0.262083, 0.090180, 0.279688, 0.094707
0.262290, 0.432673, 0.252964, 0.428994
0.262893, 0.116893, 0.278811, 0.122232
0.264495, 0.154956, 0.278104, 0.161082
0.265756, 0.478457, 0.251326, 0.469784
0.265812, 0.323386, 0.266512, 0.326836
0.266409, 0.649085, 0.227490, 0.612832
0.266890, 0.767218, -0.640990, -0.144332
0.266944, 0.888754, -0.701552, -0.092182
0.266955, 0.524321, 0.247128, 0.510114
0.267202, 0.820378, -0.693762, -0.147398
0.267245, 0.389905, 0.261761, 0.389140
0.267511, 0.180911, 0.279502, 0.187209
0.267542, 0.592616, 0.238797, 0.568331
0.268199, 0.796131, -0.695667, -0.173191
0.268251, 0.978363, -0.705107, -0.018072
0.268970, 0.248564, 0.275586, 0.254020
0.271093, 0.293725, 0.273866, 0.297622
0.271633, 0.932642, -0.700638, -0.056280
0.272014, 0.022053, 0.291283, 0.023186
0.272062, 0.692038, 0.197445, 0.616454
0.272066, 0.271676, 0.276935, 0.276505
0.272927, 0.066737, 0.291060, 0.069896
0.274413, 0.456410, 0.261659, 0.449096
0.274576, 0.547593, 0.250828, 0.529137
0.274587, 0.347239, 0.272735, 0.348555
0.275392, 0.622454, 0.242261, 0.593271
0.276787, 0.740812, -0.801606, -0.345748
0.276850, 0.713463, 0.068124, 0.494458
0.277480, 0.136693, 0.291812, 0.141708
0.277505, 0.865587, -0.690834, -0.112012
0.277545, 0.411715, 0.269309, 0.408235
0.278587, 0.208805, 0.288331, 0.214327
0.281569, 1.000000, -0.694258, 0.000000
0.281645, 0.571977, 0.253247, 0.548432
0.282219, 0.670004, 0.227738, 0.617021
0.282575, 0.503016, 0.263745, 0.489702
0.282837, 0.107162, 0.298622, 0.111188
0.283509, 0.910221, -0.689831, -0.075583
0.284252, 0.369850, 0.279757, 0.368788
0.284989, 0.955516, -0.690376, -0.037616
0.285054, 0.231719, 0.292568, 0.236258
0.285054, 0.839298, -0.681960, -0.134072
0.285439, 0.043929, 0.303764, 0.045833
0.285876, 0.000000, 0.304557, 0.000000
0.286379, 0.308116, 0.287465, 0.310218
0.286740, 0.163907, 0.299295, 0.168800
0.287421, 0.786447, -0.671132, -0.175196
0.288043, 0.434002, 0.276685, 0.427376
0.288871, 0.762497, -0.663102, -0.191213
0.289041, 0.598976, 0.253288, 0.567597
0.289865, 0.481418, 0.272913, 0.469712
0.290073, 0.085487, 0.306603, 0.088626
0.290418, 0.644708, 0.254612, 0.612294
0.291515, 0.813647, -0.674135, -0.156131
0.292012, 0.526249, 0.269073, 0.508581
0.292615, 0.189367, 0.303107, 0.193818
0.292776, 0.330239, 0.291754, 0.330890
0.292842, 0.257824, 0.298129, 0.261282
0.292989, 0.887326, -0.680420, -0.095346
0.294213, 0.391619, 0.286916, 0.387922
0.295490, 0.978149, -0.682716, -0.018640
0.296874, 0.457529, 0.281983, 0.447339
0.297090, 0.283838, 0.300076, 0.286162
0.297617, 0.125429, 0.311929, 0.129117
0.297626, 0.693809, 0.125275, 0.513516
0.297738, 0.932217, -0.679357, -0.057784
0.298259, 0.721911, -0.653549, -0.234800
0.298611, 0.021448, 0.316549, 0.022249
0.298750, 0.550787, 0.271534, 0.528559
0.300603, 0.860108, -0.671850, -0.118658
0.300675, 0.063938, 0.317655, 0.066128
0.300970, 0.621485, 0.252378, 0.576688
0.302113, 0.352127, 0.298549, 0.350652
0.303875, 0.147904, 0.316711, 0.151533
0.303994, 0.213993, 0.312555, 0.217592
0.304024, 0.575830, 0.273001, 0.549443
0.304125, 0.413151, 0.293785, 0.406522
0.304271, 0.745447, -0.668508, -0.227797
0.305316, 0.666707, 0.279961, 0.644072
0.308522, 0.504957, 0.286512, 0.487948
0.308881, 1.000000, -0.671606, 0.000000
0.309144, 0.794786, -0.656588, -0.172846
0.309279, 0.835188, -0.662184, -0.140156
0.309376, 0.238680, 0.315480, 0.241170
0.309697, 0.104971, 0.324538, 0.107737
0.309794, 0.308409, 0.309983, 0.308531
0.310349, 0.955749, -0.669582, -0.038119
0.310394, 0.909002, -0.667871, -0.078163
0.311251, 0.771441, -0.648952, -0.189544
0.311336, 0.172571, 0.322421, 0.175868
0.312089, 0.374032, 0.305675, 0.370021
0.312578, 0.041585, 0.329518, 0.042838
0.312902, 0.000000, 0.330110, 0.000000
0.312991, 0.480008, 0.293789, 0.465385
0.313525, 0.599034, 0.281192, 0.570903
0.313550, 0.434674, 0.299890, 0.424789
0.315339, 0.879893, -0.661448, -0.103239
0.315768, 0.641776, 0.234730, 0.563062
0.315896, 0.264645, 0.319675, 0.265947
0.316220, 0.530481, 0.289315, 0.508378
0.317572, 0.084346, 0.333022, 0.086467
0.318834, 0.331856, 0.316292, 0.329863
0.319123, 0.456344, 0.302227, 0.443411
0.319176, 0.196078, 0.328141, 0.198582
0.319313, 0.813869, -0.651530, -0.158961
0.319415, 0.709494, -0.682800, -0.292247
0.322094, 0.395993, 0.312537, 0.389098
0.322208, 0.684443, -0.340924, 0.014045
0.322436, 0.128827, 0.335665, 0.131313
0.322517, 0.978261, -0.660063, -0.018896
0.322703, 0.555069, 0.290485, 0.527403
0.323263, 0.933398, -0.658175, -0.057815
0.323589, 0.288739, 0.324847, 0.288413
0.324182, 0.734267, -0.629929, -0.218880
0.325578, 0.855542, -0.650978, -0.124708
0.326201, 0.020270, 0.342626, 0.020762
0.327357, 0.061448, 0.342997, 0.062814
0.327531, 0.618471, 0.307192, 0.601654
0.328045, 0.577966, 0.289956, 0.544231
0.328797, 0.154123, 0.340162, 0.156284
0.328872, 0.354788, 0.323382, 0.350328
0.329563, 0.221301, 0.336509, 0.222815
0.329610, 0.759076, -0.636916, -0.206531
0.330568, 0.660488, 0.142282, 0.466477
0.330960, 0.895508, -0.649331, -0.090897
0.331782, 0.418375, 0.318744, 0.408230
0.332554, 0.491868, 0.309409, 0.472917
0.333030, 0.787343, -0.636161, -0.181942
0.333260, 0.244976, 0.337718, 0.245305
0.334591, 0.515633, 0.307544, 0.493007
0.335389, 0.108056, 0.348625, 0.109660
0.335467, 0.311864, 0.333955, 0.309353
0.336197, 1.000000, -0.648564, 0.000000
0.336529, 0.956482, -0.647642, -0.038145
0.336655, 0.833828, -0.639622, -0.144136
0.337058, 0.177592, 0.346610, 0.179136
0.338176, 0.466563, 0.317897, 0.449852
0.339348, 0.377651, 0.330614, 0.370340
0.339432, 0.916104, -0.643651, -0.073500
0.340205, 0.039851, 0.355583, 0.040552
0.340243, 0.596660, 0.293443, 0.554113
0.340434, 0.270165, 0.342447, 0.269061
0.340473, 0.441724, 0.323582, 0.427957
0.340735, 0.000000, 0.356422, 0.000000
0.341799, 0.540753, 0.309387, 0.512793
0.342147, 0.082467, 0.356144, 0.083626
0.342293, 0.872772, -0.638316, -0.111265
0.342309, 0.636401, 0.383661, 0.678847
0.342832, 0.811122, -0.632010, -0.163931
0.342893, 0.698479, -0.573116, -0.215819
0.343883, 0.202711, 0.351077, 0.203266
0.344250, 0.722484, -0.626859, -0.246240
0.345212, 0.334978, 0.340729, 0.330091
0.345859, 0.136032, 0.357481, 0.137300
0.348217, 0.566793, 0.309340, 0.532041
0.349192, 0.400769, 0.336880, 0.390253
0.349260, 0.676530, -0.677735, -0.346891
0.349703, 0.978586, -0.636917, -0.018936
0.350115, 0.745691, -0.614999, -0.217273
0.350917, 0.292080, 0.350335, 0.289033
0.351546, 0.937075, -0.634240, -0.055614
0.352056, 0.771292, -0.619835, -0.198717
0.353505, 0.850094, -0.627308, -0.131752
0.354031, 0.059622, 0.367995, 0.060233
0.354601, 0.020082, 0.369403, 0.020324
0.355371, 0.358204, 0.347602, 0.350548
0.355383, 0.158701, 0.365137, 0.159248
0.355711, 0.616636, 0.284731, 0.549145
0.355885, 0.653221, -0.492951, -0.200218
0.355928, 0.475919, 0.332154, 0.455377
0.356075, 0.894388, -0.628069, -0.093343
0.356086, 0.498873, 0.328701, 0.475171
0.356248, 0.250889, 0.359027, 0.249111
0.356298, 0.228089, 0.361094, 0.227152
0.358026, 0.425025, 0.341691, 0.410866
0.359081, 0.796622, -0.616694, -0.177911
0.359294, 0.099523, 0.371293, 0.100037
0.359982, 0.522029, 0.327695, 0.493609
0.360120, 0.121538, 0.371392, 0.122028
0.361282, 0.183633, 0.369041, 0.183410
0.361597, 0.590189, 0.307960, 0.539754
0.361677, 0.314728, 0.358182, 0.309382
0.363688, 1.000000, -0.625010, 0.000000
0.363761, 0.451915, 0.342778, 0.433509
0.364139, 0.825531, -0.615900, -0.153911
0.364343, 0.958328, -0.623882, -0.037143
0.365369, 0.709599, -0.590773, -0.243406
0.366056, 0.381912, 0.354600, 0.371020
0.366379, 0.545537, 0.326736, 0.509830
0.366613, 0.916265, -0.620533, -0.074597
0.367148, 0.271372, 0.367605, 0.267861
0.367542, 0.208605, 0.372922, 0.207227
0.368239, 0.871720, -0.616399, -0.114005
0.368651, 0.040118, 0.382276, 0.040333
0.368780, 0.000000, 0.382815, 0.000000
0.369231, 0.076857, 0.381686, 0.077089
0.370599, 0.688870, -0.608372, -0.286249
0.371222, 0.730868, -0.598367, -0.235442
0.371306, 0.337778, 0.364605, 0.329836
0.372537, 0.567208, 0.322037, 0.520683
0.372549, 0.635932, -0.416927, -0.157148
0.373845, 0.755313, -0.598597, -0.214096
0.374970, 0.664781, -0.568886, -0.276488
0.374995, 0.406129, 0.359496, 0.391670
0.375176, 0.142974, 0.384862, 0.142629
0.376124, 0.779243, -0.600787, -0.194897
0.376685, 0.477892, 0.349890, 0.453881
0.377363, 0.293131, 0.375021, 0.287476
0.377614, 0.979346, -0.612795, -0.018558
0.378337, 0.848312, -0.606341, -0.135368
0.379011, 0.937657, -0.610653, -0.055992
0.379329, 0.245881, 0.381259, 0.242400
0.379478, 0.609508, 0.236063, 0.463083
0.379714, 0.503390, 0.348141, 0.474996
0.380317, 0.168284, 0.388014, 0.167143
0.381052, 0.361856, 0.370679, 0.350828
0.381352, 0.805876, -0.599379, -0.172532
0.381461, 0.894252, -0.606489, -0.094874
0.381568, 0.432431, 0.361556, 0.414014
0.382844, 0.020233, 0.395860, 0.020235
0.383175, 0.117831, 0.393326, 0.117289
0.383488, 0.096217, 0.394275, 0.095845
0.383692, 0.058841, 0.395918, 0.058755
0.385116, 0.528834, 0.349482, 0.496583
0.385401, 0.194365, 0.391051, 0.192254
0.386191, 0.223490, 0.389379, 0.220245
0.386231, 0.584648, 0.306548, 0.508856
0.387285, 0.314751, 0.381863, 0.306635
0.389156, 0.457127, 0.364106, 0.434017
0.390392, 0.709828, -0.578023, -0.254571
0.391409, 0.269875, 0.390325, 0.264142
0.391591, 1.000000, -0.600709, 0.000000
0.391961, 0.827147, -0.592638, -0.155071
0.392033, 0.958756, -0.599892, -0.037334
0.392115, 0.386842, 0.377295, 0.371881
0.392873, 0.554526, 0.368373, 0.533297
0.393360, 0.916389, -0.597447, -0.075617
0.393565, 0.871718, -0.594722, -0.115682
0.393637, 0.682449, -0.571130, -0.278383
0.393793, 0.653018, -0.540324, -0.277723
0.394154, 0.737283, -0.580141, -0.232895
0.395696, 0.337219, 0.386917, 0.326385
0.396570, 0.627385, -0.623776, -0.389565
0.396750, 0.000000, 0.408929, 0.000000
0.397559, 0.039791, 0.409332, 0.039545
0.398079, 0.762784, -0.579959, -0.211397
0.398150, 0.078802, 0.408931, 0.078184
0.398587, 0.786426, -0.582675, -0.191282
0.398646, 0.483613, 0.367398, 0.454662
0.398939, 0.413466, 0.379548, 0.394557
0.400391, 0.131087, 0.408700, 0.129507
0.400638, 0.154365, 0.407778, 0.152277
0.403099, 0.509149, 0.365744, 0.474449
0.403290, 0.291794, 0.399100, 0.283558
0.403685, 0.849858, -0.584623, -0.135929
0.404135, 0.359687, 0.391662, 0.345745
0.404294, 0.248611, 0.404492, 0.242920
0.404633, 0.601435, -0.186149, 0.008132
0.404716, 0.178907, 0.410112, 0.175901
0.405592, 0.979487, -0.588346, -0.018709
0.406279, 0.937824, -0.586913, -0.056669
0.406695, 0.438554, 0.382319, 0.415153
0.406736, 0.204823, 0.410018, 0.200694
0.406881, 0.575968, 0.459296, 0.629704
0.407157, 0.894621, -0.584316, -0.095885
0.407704, 0.103470, 0.416782, 0.102093
0.408625, 0.806147, -0.576138, -0.175036
0.409167, 0.534553, 0.362703, 0.490708
0.410522, 0.227953, 0.411696, 0.222545
0.411212, 0.020164, 0.422306, 0.019940
0.412107, 0.060089, 0.422543, 0.059350
0.412373, 0.314872, 0.404850, 0.303965
0.413063, 0.723445, -0.562070, -0.246990
0.413091, 0.697372, -0.558220, -0.269515
0.413363, 0.669127, -0.546046, -0.285985
0.413882, 0.463622, 0.383916, 0.435044
0.414439, 0.379464, 0.398228, 0.362147
0.416851, 0.643221, -0.564123, -0.333600
0.417679, 0.750760, -0.562177, -0.224459
0.417962, 0.269418, 0.414891, 0.261142
0.418575, 0.828036, -0.569736, -0.156547
0.418627, 0.401067, 0.398743, 0.380648
0.419545, 1.000000, -0.576137, 0.000000
0.419624, 0.873308, -0.572132, -0.115853
0.419693, 0.958879, -0.575630, -0.037761
0.419695, 0.558476, 0.368797, 0.507883
0.420174, 0.617057, -0.457358, -0.257482
0.420175, 0.916550, -0.573991, -0.076535
0.420730, 0.338639, 0.409460, 0.324653
0.421539, 0.778901, -0.562207, -0.200339
0.421580, 0.489463, 0.385559, 0.455239
0.422462, 0.120582, 0.429761, 0.118196
0.423813, 0.083415, 0.432603, 0.081885
0.424497, 0.143360, 0.430473, 0.140197
0.424668, 0.000000, 0.434924, 0.000000
0.425702, 0.040764, 0.435569, 0.040070
0.425819, 0.423446, 0.401327, 0.398898
0.425876, 0.166133, 0.430509, 0.162149
0.426602, 0.514790, 0.388903, 0.479269
0.427800, 0.851461, -0.563605, -0.136191
0.428126, 0.190974, 0.430934, 0.185864
0.428153, 0.587694, -0.566360, -0.406757
0.429152, 0.293717, 0.422213, 0.282394
0.430982, 0.360878, 0.415546, 0.343245
0.431577, 0.216037, 0.432190, 0.209501
0.431652, 0.242943, 0.429973, 0.234945
0.432227, 0.802884, -0.555691, -0.180230
0.432702, 0.446688, 0.402912, 0.417316
0.433550, 0.979458, -0.563652, -0.018999
0.433556, 0.938072, -0.562887, -0.057223
0.433657, 0.683302, -0.536675, -0.282385
0.433725, 0.895194, -0.561038, -0.096658
0.433996, 0.539788, 0.432163, 0.539989
0.435092, 0.710533, -0.541780, -0.261504
0.436186, 0.734697, -0.544355, -0.240687
0.437268, 0.658885, -0.536035, -0.310016
0.437322, 0.319035, 0.426614, 0.304654
0.437507, 0.102819, 0.444624, 0.100324
0.438655, 0.063350, 0.447057, 0.061893
0.438950, 0.470643, 0.403142, 0.435696
0.439008, 0.020725, 0.448119, 0.020272
0.439481, 0.384640, 0.419538, 0.363043
0.439514, 0.632871, -0.508721, -0.311516
0.440008, 0.761659, -0.544535, -0.217644
0.440731, 0.265616, 0.435855, 0.255184
0.440765, 0.606329, -0.525408, -0.356993
0.441582, 0.567788, -0.282605, -0.156972
0.442878, 0.825394, -0.548401, -0.160902
0.445284, 0.495495, 0.403367, 0.454862
0.445542, 0.407403, 0.420976, 0.381727
0.446328, 0.873502, -0.548668, -0.117221
0.446946, 0.126384, 0.452303, 0.122693
0.447114, 0.342634, 0.432265, 0.324674
0.447139, 0.917247, -0.550151, -0.076906
0.447442, 1.000000, -0.551375, 0.000000
0.447472, 0.958818, -0.550982, -0.038328
0.448419, 0.846593, -0.544725, -0.141970
0.448616, 0.784714, -0.539695, -0.198091
0.448726, 0.149697, 0.452498, 0.144954
0.449473, 0.173867, 0.451707, 0.168014
0.450455, 0.520011, 0.409870, 0.480974
0.450920, 0.285709, 0.442920, 0.272675
0.451938, 0.198658, 0.452198, 0.191391
0.452131, 0.000000, 0.460356, 0.000000
0.452217, 0.084526, 0.458878, 0.082061
0.452472, 0.430068, 0.422663, 0.399634
0.452491, 0.042744, 0.460291, 0.041560
0.453738, 0.696010, -0.523018, -0.275963
0.453797, 0.224158, 0.451757, 0.215250
0.456359, 0.545865, -0.196186, -0.107474
0.456580, 0.307258, 0.445320, 0.291587
0.456628, 0.366730, 0.437111, 0.344625
0.458169, 0.744230, -0.526616, -0.235090
0.458219, 0.590570, -0.489196, -0.353867
0.458564, 0.246783, 0.453941, 0.235923
0.458570, 0.453223, 0.423110, 0.417631
0.459319, 0.646504, -0.506603, -0.315330
0.459334, 0.672509, -0.516598, -0.298781
0.459429, 0.808224, -0.532276, -0.177833
0.460133, 0.896278, -0.537665, -0.096882
0.460217, 0.721177, -0.521881, -0.255658
0.460669, 0.618871, -0.507688, -0.346083
0.461212, 0.938129, -0.538235, -0.057919
0.461451, 0.979337, -0.538765, -0.019362
0.463791, 0.477226, 0.422779, 0.436568
0.464431, 0.107739, 0.469296, 0.103982
0.465147, 0.390484, 0.440603, 0.363848
0.465455, 0.328922, 0.450373, 0.309942
0.465654, 0.569522, -0.476825, -0.370697
0.465822, 0.021336, 0.472805, 0.020639
0.465934, 0.064714, 0.472183, 0.062541
0.466409, 0.857546, -0.529533, -0.133059
0.466828, 0.765825, -0.521640, -0.216850
0.468408, 0.268625, 0.460512, 0.255069
0.469548, 0.501732, 0.432233, 0.465162
0.470764, 0.831745, -0.524107, -0.157196
0.471495, 0.131629, 0.474705, 0.126513
0.471750, 0.155829, 0.473209, 0.149431
0.472319, 0.413284, 0.442400, 0.381756
0.472748, 0.180660, 0.472462, 0.172836
0.473540, 0.526621, -0.129901, -0.077417
0.474218, 0.351407, 0.454701, 0.328516
0.474609, 0.917343, -0.525565, -0.077790
0.474923, 0.788440, -0.517022, -0.197266
0.474940, 0.878391, -0.523290, -0.114195
0.475044, 0.205910, 0.472555, 0.196345
0.475218, 1.000000, -0.526486, 0.000000
0.475346, 0.958593, -0.526004, -0.039031
0.475384, 0.698689, -0.505228, -0.277108
0.476837, 0.291992, 0.465381, 0.275412
0.478590, 0.088368, 0.483036, 0.084881
0.478801, 0.436016, 0.443279, 0.399366
0.479001, 0.042978, 0.484596, 0.041333
0.479179, 0.000000, 0.485190, 0.000000
0.479363, 0.229091, 0.474425, 0.217545
0.479869, 0.603800, -0.482877, -0.355861
0.480166, 0.631953, -0.491802, -0.336438
0.480982, 0.551604, -0.465156, -0.392967
0.481618, 0.656525, -0.492735, -0.313664
0.481937, 0.742267, -0.505621, -0.239601
0.483381, 0.374542, 0.458775, 0.347030
0.483477, 0.679199, -0.495854, -0.295588
0.483741, 0.459888, 0.444625, 0.420169
0.484205, 0.314411, 0.468797, 0.294470
0.485437, 0.719022, -0.499588, -0.260703
0.485764, 0.810593, -0.509233, -0.177861
0.485933, 0.251645, 0.477963, 0.237632
0.486933, 0.579153, -0.473513, -0.379068
0.488332, 0.854322, -0.509782, -0.137409
0.488459, 0.483910, 0.452626, 0.447974
0.488887, 0.898045, -0.511806, -0.096454
0.489045, 0.937779, -0.513186, -0.058974
0.489233, 0.979082, -0.513757, -0.019844
0.491153, 0.113124, 0.493123, 0.107890
0.491441, 0.065395, 0.495422, 0.062520
0.491729, 0.767242, -0.499990, -0.218182
0.492078, 0.397239, 0.461847, 0.364530
0.492573, 0.021652, 0.497268, 0.020714
0.493070, 0.336711, 0.473295, 0.312862
0.493515, 0.508638, -0.167553, -0.152598
0.494316, 0.163233, 0.493092, 0.154953
0.494567, 0.275235, 0.482994, 0.258120
0.495127, 0.138780, 0.495778, 0.132018
0.495711, 0.188696, 0.492473, 0.178619
0.496890, 0.532865, -0.431649, -0.394919
0.497483, 0.832811, -0.500453, -0.158138
0.499466, 0.419246, 0.462902, 0.380642
0.499693, 0.621689, -0.472003, -0.346852
0.500567, 0.211647, 0.494955, 0.199479
0.500829, 0.788578, -0.493998, -0.199484
0.501232, 0.359036, 0.476447, 0.330680
0.501391, 0.876186, -0.499536, -0.117659
0.502380, 0.697784, -0.482140, -0.281838
0.502774, 1.000000, -0.501586, 0.000000
0.502924, 0.087909, 0.504985, 0.083535
0.503140, 0.917715, -0.499747, -0.078401
0.503155, 0.559464, -0.455827, -0.398126
0.503174, 0.298734, 0.487633, 0.278102
0.503180, 0.958013, -0.500834, -0.040060
0.503810, 0.646907, -0.473500, -0.326755
0.504011, 0.443323, 0.463187, 0.401077
0.504024, 0.595787, -0.463773, -0.369662
0.505316, 0.044017, 0.508544, 0.041863
0.505475, 0.234701, 0.497145, 0.220170
0.505703, 0.671300, -0.475414, -0.305548
0.506045, 0.000000, 0.509676, 0.000000
0.506140, 0.748970, -0.485059, -0.236210
0.506873, 0.725887, -0.481633, -0.257147
0.508855, 0.467399, 0.490457, 0.448164
0.510901, 0.381955, 0.480314, 0.348181
0.511274, 0.321385, 0.491194, 0.296749
0.511661, 0.812739, -0.486174, -0.177911
0.511905, 0.258216, 0.500151, 0.240751
0.512695, 0.491667, -0.137927, -0.158802
0.513181, 0.853991, -0.487516, -0.139231
0.515643, 0.107662, 0.515616, 0.101648
0.516265, 0.896514, -0.487035, -0.099072
0.516640, 0.174040, 0.512292, 0.163436
0.516696, 0.978970, -0.488824, -0.020189
0.517344, 0.576906, -0.448803, -0.387692
0.517354, 0.937073, -0.487445, -0.060361
0.517628, 0.066943, 0.519127, 0.063281
0.517696, 0.128821, 0.516616, 0.121387
0.517958, 0.516451, -0.420641, -0.422187
0.518850, 0.021846, 0.521079, 0.020661
0.519018, 0.539974, -0.435926, -0.414457
0.519357, 0.152168, 0.516792, 0.143088
0.520438, 0.402503, 0.482792, 0.362037
0.520538, 0.768109, -0.474304, -0.220135
0.520573, 0.282410, 0.504796, 0.261316
0.520682, 0.343768, 0.495752, 0.314651
0.520828, 0.612745, -0.452896, -0.358540
0.522242, 0.194726, 0.515809, 0.182072
0.523212, 0.710316, -0.465546, -0.273281
0.524295, 0.793404, -0.473162, -0.196973
0.524398, 0.427312, 0.476849, 0.377621
0.524548, 0.636019, -0.453761, -0.339220
0.525067, 0.832349, -0.475407, -0.160418
0.526061, 0.217570, 0.517149, 0.202578
0.526387, 0.684120, -0.459407, -0.297218
0.527564, 0.366341, 0.496568, 0.331635
0.528355, 0.875476, -0.474890, -0.119662
0.528811, 0.659953, -0.453945, -0.319094
0.529122, 0.451888, 0.487520, 0.409625
0.529234, 0.740402, -0.463400, -0.246426
0.529972, 0.305954, 0.509736, 0.280713
0.530172, 1.000000, -0.476601, 0.000000
0.530444, 0.089582, 0.529841, 0.084127
0.530663, 0.957938, -0.475782, -0.040600
0.530966, 0.240928, 0.518943, 0.223141
0.531025, 0.044225, 0.531716, 0.041581
0.531138, 0.915136, -0.474198, -0.081809
0.531803, 0.557072, -0.432102, -0.406180
0.532864, 0.000000, 0.533943, 0.000000
0.533407, 0.594211, -0.438848, -0.376412
0.533546, 0.477032, -0.240330, -0.296683
0.536373, 0.502298, -0.403102, -0.437965
0.536981, 0.264781, 0.521098, 0.243600
0.538230, 0.854778, -0.464806, -0.139945
0.538303, 0.328356, 0.512743, 0.298289
0.540596, 0.812735, -0.459763, -0.180025
0.540983, 0.171192, 0.534808, 0.159148
0.541217, 0.115604, 0.538208, 0.107855
0.541218, 0.384591, 0.502545, 0.342247
0.541692, 0.142733, 0.537277, 0.132919
0.541775, 0.529978, -0.418336, -0.430432
0.542970, 0.719541, -0.448817, -0.267052
0.543223, 0.066545, 0.542118, 0.062183
0.543728, 0.783684, -0.454711, -0.207699
0.544058, 0.978916, -0.463764, -0.020471
0.544319, 0.936346, -0.462806, -0.061753
0.544386, 0.618937, -0.433891, -0.357231
0.544405, 0.410914, 0.491389, 0.355245
0.544478, 0.892248, -0.461079, -0.104336
0.545017, 0.022048, 0.544565, 0.020606
0.545762, 0.694540, -0.443508, -0.290262
0.545839, 0.760093, -0.450833, -0.230016
0.545875, 0.197843, 0.536468, 0.182905
0.546600, 0.288838, 0.526130, 0.263383
0.546711, 0.575193, -0.424074, -0.394803
0.547346, 0.354449, 0.517462, 0.320417
0.549131, 0.643531, -0.433738, -0.336516
0.549332, 0.435896, 0.456577, 0.342598
0.550642, 0.223315, 0.538024, 0.205299
0.551303, 0.837249, -0.451635, -0.157448
0.552587, 0.668790, -0.434420, -0.314592
0.553357, 0.461337, -0.282507, -0.374371
0.554055, 0.089925, 0.550781, 0.083495
0.555678, 0.551427, -0.412279, -0.416646
0.555760, 0.248068, 0.539501, 0.226637
0.556518, 0.737666, -0.438532, -0.251755
0.556976, 0.044611, 0.554935, 0.041447
0.557066, 0.868024, -0.448026, -0.128211
0.557425, 0.914124, -0.450095, -0.083690
0.557435, 1.000000, -0.451541, 0.000000
0.557731, 0.957538, -0.450911, -0.041445
0.557736, 0.486851, -0.386184, -0.458658
0.557838, 0.308530, 0.532753, 0.278635
0.558102, 0.510995, -0.399761, -0.448040
0.558563, 0.598652, -0.418388, -0.377135
0.559743, 0.000000, 0.558042, 0.000000
0.560899, 0.332652, 0.530169, 0.297493
0.561542, 0.272798, 0.540915, 0.247363
0.561956, 0.799543, -0.439395, -0.194191
0.562817, 0.158400, 0.554803, 0.145811
0.564514, 0.132351, 0.558009, 0.121963
0.564544, 0.397143, 0.507703, 0.336835
0.564586, 0.371444, 0.532933, 0.336002
0.565526, 0.183873, 0.555102, 0.168615
0.565863, 0.110205, 0.560292, 0.101643
0.566332, 0.711527, -0.426925, -0.277051
0.567765, 0.623703, -0.414390, -0.356749
0.567923, 0.820497, -0.435381, -0.174593
0.568450, 0.687607, -0.422328, -0.299332
0.568473, 0.776947, -0.431452, -0.216096
0.568764, 0.068015, 0.564820, 0.062785
0.569613, 0.530004, -0.396009, -0.436640
0.569851, 0.891336, -0.437776, -0.106326
0.569856, 0.421279, 0.391175, 0.244218
0.570513, 0.209477, 0.556762, 0.190978
0.570903, 0.022036, 0.567536, 0.020342
0.570917, 0.935701, -0.438279, -0.063055
0.570931, 0.576434, -0.404116, -0.398441
0.571167, 0.978812, -0.438769, -0.020802
0.572583, 0.649297, -0.413832, -0.334670
0.572820, 0.754275, -0.425314, -0.237806
0.573445, 0.447111, -0.374830, -0.501552
0.573559, 0.846934, -0.431976, -0.149541
0.575279, 0.348631, 0.537561, 0.306583
0.575498, 0.234946, 0.558089, 0.212813
0.576842, 0.473882, -0.374214, -0.479463
0.576906, 0.291101, 0.551580, 0.260941
0.579125, 0.554298, -0.393102, -0.418615
0.579845, 0.261122, 0.558360, 0.234934
0.580706, 0.728253, -0.415689, -0.263065
0.580760, 0.502728, -0.381079, -0.461113
0.580808, 0.090770, 0.574498, 0.083208
0.581500, 0.318895, 0.550468, 0.283457
0.582126, 0.671044, -0.408143, -0.316235
0.582181, 0.045095, 0.577224, 0.041379
0.582444, 0.601598, -0.398277, -0.378525
0.583116, 0.870148, -0.424532, -0.127595
0.583519, 0.913429, -0.425935, -0.085251
0.584488, 0.957377, -0.426162, -0.042056
0.584542, 1.000000, -0.426459, 0.000000
0.585216, 0.144735, 0.575067, 0.131825
0.585934, 0.385724, 0.575578, 0.372026
0.586542, 0.170900, 0.574335, 0.155195
0.586920, 0.000000, 0.582220, 0.000000
0.587402, 0.798408, -0.415802, -0.197191
0.589762, 0.116787, 0.581111, 0.106399
0.589982, 0.699428, -0.404152, -0.290904
0.590021, 0.824804, -0.415350, -0.171987
0.590441, 0.628287, -0.395089, -0.356004
0.590489, 0.196152, 0.575356, 0.177218
0.591626, 0.406912, 0.013684, -0.168002
0.592312, 0.529422, -0.377471, -0.442086
0.592768, 0.773279, -0.408708, -0.221607
0.593449, 0.365837, 0.537978, 0.306624
0.593853, 0.431438, -0.392456, -0.557740
0.594337, 0.067951, 0.587374, 0.061926
0.595289, 0.579612, -0.383617, -0.399762
0.595401, 0.221323, 0.576687, 0.198681
0.596211, 0.022269, 0.589701, 0.020293
0.596258, 0.748168, -0.403220, -0.245754
0.596455, 0.891672, -0.412973, -0.107086
0.596669, 0.457263, -0.362050, -0.504418
0.597207, 0.935726, -0.413875, -0.063701
0.598001, 0.341325, 0.573643, 0.312834
0.598182, 0.978589, -0.413698, -0.021251
0.598395, 0.483636, -0.363119, -0.480683
0.598865, 0.651292, -0.390624, -0.336375
0.599101, 0.849684, -0.408374, -0.148351
0.599316, 0.273960, 0.572648, 0.243045
0.599431, 0.246787, 0.576749, 0.219974
0.600352, 0.554814, -0.375041, -0.421870
0.600428, 0.297908, 0.569714, 0.262966
0.602343, 0.721248, -0.395211, -0.271884
0.604550, 0.091539, 0.595097, 0.082847
0.604786, 0.510097, -0.363364, -0.460541
0.605306, 0.607834, -0.378967, -0.376355
0.605416, 0.677278, -0.387801, -0.313316
0.605682, 0.319872, 0.562321, 0.272566
0.607028, 0.135608, 0.594461, 0.122158
0.607446, 0.045824, 0.599297, 0.041499
0.608104, 0.160820, 0.593556, 0.144435
0.609657, 0.914401, -0.401570, -0.085170
0.609882, 0.869654, -0.399578, -0.129417
0.611189, 0.809097, -0.394570, -0.188659
0.611352, 0.956924, -0.401134, -0.042963
0.611441, 1.000000, -0.401435, 0.000000
0.611488, 0.185268, 0.594287, 0.165608
0.612333, 0.386513, 0.051896, -0.170717
0.613669, 0.786663, -0.390454, -0.210487
0.613933, 0.832889, -0.393360, -0.165588
0.614432, 0.000000, 0.606361, 0.000000
0.614921, 0.413327, -0.320212, -0.525348
0.615896, 0.111005, 0.603770, 0.099722
0.615934, 0.209662, 0.595377, 0.186277
0.615951, 0.699441, -0.380457, -0.293779
0.616073, 0.630719, -0.372403, -0.357247
0.616850, 0.439389, -0.340440, -0.521670
0.617031, 0.537665, -0.357912, -0.439518
0.617298, 0.359910, 0.680810, 0.420464
0.617701, 0.589126, -0.365246, -0.394720
0.617824, 0.763745, -0.384606, -0.232819
0.619352, 0.740887, -0.381188, -0.254826
0.619790, 0.464928, -0.342467, -0.500895
0.619947, 0.069944, 0.609600, 0.062858
0.620321, 0.234344, 0.595912, 0.206727
0.620345, 0.022632, 0.610657, 0.020361
0.620364, 0.565682, -0.359295, -0.415588
0.620906, 0.489472, -0.346088, -0.480795
0.621521, 0.260260, 0.592570, 0.227824
0.622077, 0.893355, -0.389018, -0.106489
0.622390, 0.657392, -0.369927, -0.333637
0.623276, 0.285240, 0.590825, 0.249162
0.624151, 0.935155, -0.388649, -0.064954
0.624439, 0.335966, 0.532724, 0.241599
0.624995, 0.978270, -0.388679, -0.021805
0.626661, 0.309379, 0.592774, 0.271708
0.627537, 0.515337, -0.345163, -0.460355
0.627969, 0.721016, -0.371425, -0.274625
0.629835, 0.849559, -0.379215, -0.150081
0.630038, 0.151565, 0.612861, 0.134500
0.630795, 0.128902, 0.615343, 0.114622
0.631783, 0.048435, 0.620119, 0.043271
0.632164, 0.091079, 0.619008, 0.081178
0.632191, 0.680227, -0.363389, -0.313485
0.632630, 0.610049, -0.354774, -0.378134
0.633150, 0.175457, 0.613602, 0.154981
0.633609, 0.872314, -0.377152, -0.127890
0.634998, 0.821878, -0.373080, -0.177829
0.635526, 0.398545, -0.312593, -0.553029
0.636557, 0.797640, -0.369740, -0.201553
0.636765, 0.913109, -0.376046, -0.087368
0.636941, 0.373003, -0.215024, -0.475581
0.637123, 0.199217, 0.614275, 0.174898
0.638075, 1.000000, -0.376525, 0.000000
0.638112, 0.956248, -0.376064, -0.044114
0.638306, 0.424754, -0.318214, -0.535867
0.638445, 0.638978, -0.352974, -0.352423
0.639811, 0.773752, -0.364826, -0.225009
0.640154, 0.555824, -0.340520, -0.427377
0.640804, 0.448812, -0.321720, -0.517875
0.641122, 0.584080, -0.343440, -0.402284
0.641632, 0.025280, 0.629128, 0.022491
0.641748, 0.222844, 0.615267, 0.194405
0.642132, 0.534212, -0.335508, -0.446458
0.642140, 0.748689, -0.360350, -0.249265
0.642292, 0.000000, 0.630212, 0.000000
0.643092, 0.701589, -0.355294, -0.294408
0.643406, 0.498018, -0.328548, -0.477573
0.643635, 0.474453, -0.324293, -0.497441
0.643942, 0.247998, 0.612903, 0.214462
0.644084, 0.349481, 0.363342, 0.073927
0.645155, 0.110977, 0.628935, 0.098029
0.645577, 0.272487, 0.608431, 0.232670
0.647604, 0.071203, 0.633355, 0.062970
0.647733, 0.323820, 0.599371, 0.272730
0.647881, 0.297301, 0.616060, 0.262879
0.648971, 0.663131, -0.345979, -0.331266
0.649349, 0.890390, -0.363117, -0.110577
0.649868, 0.726236, -0.351251, -0.271611
0.650754, 0.933655, -0.363608, -0.067174
0.651488, 0.977968, -0.363818, -0.022354
0.653104, 0.621451, -0.337316, -0.370101
0.653307, 0.837765, -0.356986, -0.163401
0.653651, 0.160831, 0.631846, 0.140477
0.653794, 0.136963, 0.634412, 0.120000
0.655265, 0.863834, -0.356265, -0.137450
0.656204, 0.049434, 0.640937, 0.043530
0.656837, 0.516582, -0.319882, -0.463839
0.657507, 0.384188, -0.285224, -0.561656
0.658157, 0.186630, 0.633107, 0.161852
0.658338, 0.411552, -0.299682, -0.550686
0.658655, 0.811731, -0.349913, -0.189361
0.659495, 0.568174, -0.325023, -0.419273
0.659955, 0.598956, -0.328462, -0.391550
0.660475, 0.685846, -0.337539, -0.311110
0.660614, 0.092449, 0.643307, 0.080995
0.661824, 0.787081, -0.345116, -0.213788
0.662592, 0.022956, 0.647407, 0.020168
0.662927, 0.909845, -0.351221, -0.091589
0.662975, 0.460935, -0.305706, -0.512226
0.663368, 0.210017, 0.634483, 0.180689
0.664015, 0.762080, -0.341265, -0.238475
0.664269, 0.955450, -0.351425, -0.045417
0.664350, 0.435714, -0.299963, -0.533064
0.664392, 0.645136, -0.329560, -0.349551
0.664445, 1.000000, -0.351724, 0.000000
0.664890, 0.360780, -0.295586, -0.602687
0.665713, 0.235436, 0.633532, 0.202248
0.666021, 0.541891, -0.315445, -0.443179
0.666204, 0.490628, -0.307871, -0.487772
0.668571, 0.710290, -0.332161, -0.288593
0.668717, 0.260332, 0.629064, 0.218863
0.668887, 0.738261, -0.334366, -0.261777
0.669149, 0.337062, -0.057643, -0.384278
0.669508, 0.118708, 0.649007, 0.103168
0.669649, 0.284337, 0.622874, 0.236632
0.669794, 0.310428, 0.662373, 0.304426
0.670197, 0.000000, 0.653322, 0.000000
0.673256, 0.883033, -0.340366, -0.119156
0.674570, 0.851470, -0.337469, -0.150982
0.675673, 0.170391, 0.649013, 0.146418
0.675723, 0.072259, 0.657057, 0.062781
0.676086, 0.668609, -0.321159, -0.328941
0.676101, 0.932051, -0.339617, -0.069535
0.676513, 0.622291, -0.315892, -0.372146
0.676790, 0.396875, -0.281363, -0.565356
0.676935, 0.583405, -0.310808, -0.407416
0.677119, 0.145862, 0.652788, 0.125654
0.677587, 0.977628, -0.339194, -0.022959
0.677603, 0.045830, 0.659097, 0.039804
0.678404, 0.826583, -0.332183, -0.176023
0.678831, 0.516183, -0.300665, -0.467794
0.681790, 0.472509, -0.291507, -0.505429
0.683335, 0.801357, -0.325713, -0.201374
0.683957, 0.559940, -0.301745, -0.429684
0.684249, 0.373192, -0.275285, -0.590096
0.684815, 0.195070, 0.653207, 0.165361
0.684826, 0.099337, 0.663114, 0.085595
0.685205, 0.419843, -0.279787, -0.549686
0.685876, 0.775219, -0.321594, -0.227495
0.686519, 0.907344, -0.328871, -0.095096
0.686576, 0.019419, 0.667413, 0.016776
0.686668, 0.221463, 0.651765, 0.187180
0.686694, 0.693939, -0.313727, -0.306150
0.687540, 0.448328, -0.282949, -0.527083
0.688849, 0.603351, -0.302050, -0.390539
0.688910, 0.645329, -0.306838, -0.352197
0.689243, 0.723382, -0.313753, -0.277971
0.689510, 0.750460, -0.315862, -0.251819
0.689789, 0.954669, -0.327260, -0.046737
0.690066, 0.247318, 0.656353, 0.213993
0.690553, 1.000000, -0.327057, 0.000000
0.690884, 0.323487, -0.205977, -0.567477
0.691278, 0.865503, -0.322112, -0.137722
0.691822, 0.296144, 0.643048, 0.255608
0.691969, 0.494885, -0.285925, -0.487779
0.692088, 0.537074, -0.291631, -0.451280
0.692538, 0.349000, -0.250340, -0.595822
0.693107, 0.125764, 0.667851, 0.107430
0.693957, 0.272702, 0.639470, 0.217342
0.697108, 0.170554, 0.666515, 0.144291
0.699210, 0.061468, 0.676791, 0.052549
0.699438, 0.395494, -0.264498, -0.572544
0.699594, 0.000000, 0.677954, 0.000000
0.699596, 0.841149, -0.312717, -0.162775
0.699883, 0.037794, 0.677987, 0.032340
0.699951, 0.668027, -0.298653, -0.331986
0.700112, 0.886403, -0.314855, -0.117009
0.700650, 0.931100, -0.316292, -0.071282
0.701489, 0.149854, 0.672293, 0.126610
0.701872, 0.580640, -0.287741, -0.413106
0.702350, 0.085425, 0.678412, 0.072757
0.702899, 0.624917, -0.291281, -0.372254
0.703325, 0.977333, -0.314786, -0.023541
0.703850, 0.817398, -0.307181, -0.186909
0.704625, 0.432437, -0.265797, -0.542660
0.704633, 0.470911, -0.271602, -0.510506
0.705249, 0.515305, -0.276842, -0.471817
0.706196, 0.789868, -0.303210, -0.214650
0.707906, 0.208656, 0.667823, 0.171548
0.708451, 0.711918, -0.294506, -0.290847
0.708637, 0.371081, -0.250823, -0.591728
0.708886, 0.558413, -0.278776, -0.434049
0.710218, 0.688054, -0.290547, -0.313741
0.710458, 0.111101, 0.683250, 0.093799
0.710673, 0.233471, 0.676977, 0.201916
0.711058, 0.764167, -0.296348, -0.240267
0.711196, 0.306651, -0.328432, -0.731975
0.711501, 0.186888, 0.677313, 0.157254
0.711947, 0.738872, -0.293324, -0.264964
0.712157, 0.908850, -0.304311, -0.094559
0.714421, 0.259585, 0.712976, 0.262836
0.714627, 0.412138, -0.254432, -0.561418
0.714780, 0.601743, -0.278024, -0.395266
0.714948, 0.330274, -0.260487, -0.647116
0.714959, 0.647525, -0.282155, -0.352418
0.715012, 0.954358, -0.303252, -0.047615
0.715555, 0.018916, 0.691693, 0.016017
0.715575, 0.861492, -0.298559, -0.143188
0.716467, 1.000000, -0.302463, 0.000000
0.716902, 0.452084, -0.258217, -0.528031
0.717675, 0.492175, -0.262961, -0.493976
0.718377, 0.536261, -0.267440, -0.454802
0.719293, 0.137114, 0.688233, 0.114744
0.719814, 0.351021, -0.246012, -0.617544
0.719884, 0.284934, 0.003999, -0.420701
0.722268, 0.043302, 0.696520, 0.036435
0.722745, 0.069595, 0.695711, 0.058420
0.724238, 0.884696, -0.291690, -0.120042
0.724550, 0.806352, -0.286554, -0.199552
0.724602, 0.165087, 0.687741, 0.134972
0.724803, 0.836634, -0.288229, -0.169026
0.724878, 0.388688, -0.241717, -0.581864
0.726087, 0.931777, -0.291930, -0.071405
0.727532, 0.670092, -0.272285, -0.332365
0.727672, 0.622350, -0.267888, -0.377449
0.727825, 0.095165, 0.698426, 0.079395
0.727830, 0.580101, -0.263453, -0.416249
0.728855, 0.000000, 0.702905, 0.000000
0.728964, 0.977534, -0.290340, -0.023635
0.730285, 0.779364, -0.278916, -0.226842
0.730663, 0.724034, -0.274141, -0.281124
0.730692, 0.513115, -0.253726, -0.477082
0.731112, 0.215565, 0.688431, 0.177390
0.731336, 0.432057, -0.243022, -0.547092
0.731472, 0.698105, -0.270920, -0.305965
0.731974, 0.471789, -0.247631, -0.513283
0.733413, 0.558392, -0.255953, -0.436473
0.733477, 0.242631, 0.751230, 0.268208
0.733978, 0.192498, 0.700057, 0.164312
0.734176, 0.310939, -0.199130, -0.622913
0.735611, 0.752529, -0.271639, -0.253717
0.735684, 0.121318, 0.702684, 0.100232
0.736625, 0.908222, -0.280779, -0.096296
0.737444, 0.365707, -0.229201, -0.604008
0.738468, 0.642886, -0.259414, -0.359118
0.739583, 0.267431, -0.062574, -0.521619
0.739947, 0.860809, -0.275055, -0.145419
0.740497, 0.955391, -0.278859, -0.047137
0.741010, 0.410615, -0.231775, -0.566568
0.741772, 0.600697, -0.252367, -0.398738
0.741868, 0.336001, -0.213679, -0.621588
0.742077, 0.023392, 0.713190, 0.019378
0.742176, 0.821279, -0.270110, -0.185601
0.742229, 0.052284, 0.712282, 0.043285
0.742496, 1.000000, -0.277590, 0.000000
0.742617, 0.148596, 0.705092, 0.121249
0.743239, 0.534385, -0.244517, -0.459399
0.745046, 0.492509, -0.238372, -0.496793
0.745193, 0.451181, -0.233423, -0.532705
0.746451, 0.078637, 0.714240, 0.064634
0.747653, 0.290544, -0.208977, -0.664188
0.748010, 0.884154, -0.268705, -0.121928
0.748648, 0.796489, -0.262182, -0.211131
0.748988, 0.389399, -0.222251, -0.585452
0.749732, 0.175354, 0.703535, 0.137509
0.750143, 0.661017, -0.249597, -0.342781
0.750689, 0.933003, -0.268295, -0.071005
0.751250, 0.684252, -0.250537, -0.320828
0.751639, 0.224893, 0.775568, 0.257931
0.751937, 0.732965, -0.253903, -0.273959
0.752309, 0.104883, 0.717286, 0.085726
0.753681, 0.842262, -0.260290, -0.165121
0.754004, 0.709136, -0.249974, -0.297270
0.754271, 0.622057, -0.242353, -0.379952
0.754580, 0.771324, -0.254661, -0.236823
0.754973, 0.579329, -0.237761, -0.419379
0.755194, 0.977830, -0.265189, -0.023657
0.755697, 0.000000, 0.724118, 0.000000
0.755958, 0.556294, -0.234792, -0.440696
0.757272, 0.513632, -0.229458, -0.479363
0.758332, 0.428684, -0.219240, -0.553832
0.758534, 0.248775, -0.102169, -0.595308
0.758588, 0.202113, 0.760138, 0.210905
0.758603, 0.354008, -0.208135, -0.614864
0.759084, 0.314622, -0.204044, -0.648568
0.759085, 0.472084, -0.223463, -0.516213
0.759921, 0.131180, 0.720259, 0.105445
0.760070, 0.910575, -0.258096, -0.094921
0.761920, 0.038615, 0.728594, 0.031424
0.764546, 0.375702, -0.206809, -0.598537
0.765264, 0.749166, -0.241993, -0.259081
0.765332, 0.062113, 0.730071, 0.050309
0.765711, 0.817664, -0.246831, -0.191033
0.766333, 0.271473, -0.198138, -0.689018
0.766354, 0.641882, -0.232396, -0.362360
0.766409, 0.955588, -0.253915, -0.047601
0.766694, 0.158237, 0.720956, 0.124481
0.768320, 0.863950, -0.247596, -0.144014
0.768729, 1.000000, -0.252384, 0.000000
0.768758, 0.405732, -0.207362, -0.574274
0.768782, 0.602016, -0.226751, -0.399850
0.769259, 0.535947, -0.220492, -0.460417
0.769926, 0.888519, -0.247249, -0.118505
0.769964, 0.088424, 0.731975, 0.070950
0.770969, 0.335883, -0.197238, -0.633336
0.771407, 0.450021, -0.210152, -0.537074
0.771547, 0.019615, 0.736669, 0.015878
0.772428, 0.493486, -0.213564, -0.498740
0.772549, 0.792660, -0.238390, -0.216838
0.772640, 0.668062, -0.228335, -0.337967
0.774656, 0.226560, 0.281332, -0.246931
0.774834, 0.694323, -0.228353, -0.313155
0.774972, 0.293726, -0.188873, -0.668209
0.775349, 0.183764, 0.740708, 0.159519
0.776020, 0.721525, -0.229380, -0.287103
0.776098, 0.932906, -0.243641, -0.072085
0.776977, 0.113100, 0.736213, 0.090735
0.778369, 0.561498, -0.214162, -0.437926
0.779164, 0.839364, -0.235204, -0.170031
0.780894, 0.769386, -0.228184, -0.240487
0.781744, 0.977602, -0.239636, -0.024297
0.781818, 0.584246, -0.212882, -0.417510
0.782501, 0.620985, -0.215192, -0.383471
0.783280, 0.516228, -0.205667, -0.479436
0.783366, 0.140892, 0.734329, 0.107783
0.783798, 0.386449, -0.192156, -0.592508
0.783940, 0.250477, -0.149371, -0.677126
0.784293, 0.000000, 0.747000, 0.000000
0.784435, 0.427425, -0.196202, -0.558048
0.785285, 0.471823, -0.199893, -0.519496
0.785286, 0.909519, -0.233378, -0.097288
0.785788, 0.360582, -0.187563, -0.614604
0.786368, 0.314986, -0.181211, -0.651697
0.786377, 0.069861, 0.745975, 0.055387
0.786728, 0.206525, 0.547172, -0.010546
0.787230, 0.043977, 0.748434, 0.034923
0.789204, 0.744677, -0.218126, -0.265558
0.789341, 0.647085, -0.210536, -0.359369
0.789432, 0.813778, -0.223122, -0.196831
0.791344, 0.882962, -0.225939, -0.125696
0.792201, 0.166019, 0.753775, 0.141980
0.792443, 0.954790, -0.228706, -0.049243
0.792969, 0.273350, -0.163286, -0.678929
0.793283, 0.542201, -0.198459, -0.456627
0.794120, 0.673918, -0.207827, -0.334172
0.794868, 1.000000, -0.227171, 0.000000
0.795028, 0.858972, -0.220901, -0.151041
0.795044, 0.093668, 0.750403, 0.072963
0.795756, 0.338010, -0.176214, -0.634118
0.796853, 0.406941, -0.183114, -0.576774
0.796964, 0.449151, -0.187200, -0.540612
0.797261, 0.700008, -0.206717, -0.309472
0.797768, 0.789005, -0.212888, -0.222338
0.798409, 0.122467, 0.752238, 0.096709
0.798500, 0.021641, 0.757562, 0.017003
0.798757, 0.494442, -0.189630, -0.500751
0.799598, 0.600352, -0.197031, -0.403870
0.800081, 0.722225, -0.205419, -0.287999
0.800257, 0.230229, -0.217194, -0.776190
0.801292, 0.930704, -0.218967, -0.075577
0.802492, 0.570103, -0.191927, -0.431875
0.802824, 0.294751, -0.162999, -0.668157
0.803621, 0.188766, 0.603590, 0.014136
0.804625, 0.834107, -0.209478, -0.177339
0.806001, 0.763821, -0.202802, -0.248056
0.806114, 0.627376, -0.192755, -0.379247
0.806522, 0.382500, -0.172158, -0.598492
0.806523, 0.518344, -0.184349, -0.479928
0.806692, 0.065448, 0.762169, 0.050817
0.808314, 0.976842, -0.213957, -0.025610
0.808395, 0.904492, -0.210493, -0.104071
0.808771, 0.147832, 0.753743, 0.111424
0.810404, 0.253959, -0.165220, -0.714072
0.810661, 0.472656, -0.176809, -0.521042
0.811434, 0.360165, -0.165541, -0.617657
0.811617, 0.000000, 0.767954, 0.000000
0.811660, 0.654938, -0.189179, -0.353461
0.812235, 0.426234, -0.171372, -0.561793
0.812809, 0.316305, -0.158976, -0.653564
0.814012, 0.042388, 0.768697, 0.032633
0.814182, 0.809037, -0.197891, -0.203488
0.814849, 0.878621, -0.202369, -0.131910
0.814862, 0.210602, -0.208668, -0.796253
0.815284, 0.544680, -0.178050, -0.456525
0.815553, 0.739126, -0.191145, -0.272664
0.815685, 0.682838, -0.187072, -0.327070
0.816284, 0.107283, 0.763758, 0.080145
0.817741, 0.952171, -0.203957, -0.053019
0.819498, 0.170617, 0.712940, 0.092691
0.819554, 0.085343, 0.769115, 0.064533
0.820168, 0.338002, -0.155655, -0.636903
0.820552, 1.000000, -0.202228, 0.000000
0.820790, 0.853549, -0.194658, -0.158577
0.820876, 0.448037, -0.165431, -0.543495
0.820976, 0.276914, -0.150640, -0.688747
0.822297, 0.587125, -0.174238, -0.417819
0.822362, 0.710672, -0.182394, -0.300870
0.822416, 0.783953, -0.187692, -0.229277
0.822992, 0.402583, -0.159717, -0.583321
0.823765, 0.129627, 0.786051, 0.114881
0.824830, 0.497307, -0.165650, -0.500231
0.824903, 0.925755, -0.195458, -0.082235
0.825024, 0.611160, -0.173220, -0.395702
0.826094, 0.021510, 0.778302, 0.016320
0.826749, 0.563482, -0.168399, -0.440041
0.826854, 0.233912, -0.140823, -0.723021
0.828261, 0.524378, -0.164279, -0.475776
0.829817, 0.636622, -0.170151, -0.372070
0.830232, 0.828357, -0.183096, -0.185154
0.831052, 0.299649, -0.143261, -0.670162
0.831112, 0.759357, -0.176933, -0.254028
0.831745, 0.377481, -0.149788, -0.605491
0.831922, 0.899185, -0.186685, -0.111337
0.831929, 0.061999, 0.781519, 0.047101
0.832692, 0.192125, -0.233536, -0.852700
0.834045, 0.662559, -0.167584, -0.347727
0.834124, 0.472176, -0.155138, -0.523019
0.834131, 0.973478, -0.188878, -0.029959
0.836412, 0.152052, 0.720681, 0.069217
0.837026, 0.687978, -0.166134, -0.323508
0.837238, 0.256905, -0.131745, -0.703214
0.837990, 0.352971, -0.142138, -0.626554
0.838329, 0.733668, -0.167886, -0.279681
0.838776, 0.872818, -0.177800, -0.139831
0.838828, 0.423140, -0.147318, -0.567050
0.838863, 0.000000, 0.788246, 0.000000
0.839207, 0.803338, -0.172006, -0.211137
0.840048, 0.324684, -0.137908, -0.650424
0.840848, 0.107202, 0.781285, 0.077090
0.841743, 0.946293, -0.179878, -0.060623
0.842078, 0.214317, -0.136933, -0.750175
0.842231, 0.447800, -0.145944, -0.545130
0.842256, 0.042529, 0.789738, 0.031591
0.842882, 0.083867, 0.784687, 0.059780
0.843777, 0.544029, -0.150796, -0.458773
0.844523, 1.000000, -0.178895, 0.000000
0.846086, 0.847162, -0.168316, -0.167134
0.847048, 0.514414, -0.145925, -0.486103
0.847055, 0.595756, -0.150821, -0.411547
0.847125, 0.172256, -0.235900, -0.883922
0.847506, 0.571506, -0.148886, -0.433872
0.847539, 0.711411, -0.157035, -0.301598
0.847553, 0.130549, 0.849726, 0.162762
0.847597, 0.778734, -0.161508, -0.236122
0.848020, 0.396769, -0.137044, -0.590348
0.848417, 0.919385, -0.171466, -0.090684
0.848623, 0.278202, -0.125398, -0.688324
0.850118, 0.619993, -0.149217, -0.389056
0.850690, 0.489351, -0.140923, -0.508889
0.853215, 0.020362, 0.797688, 0.014557
0.854060, 0.238619, -0.117382, -0.720306
0.854091, 0.644077, -0.146616, -0.366507
0.855494, 0.892330, -0.162181, -0.120458
0.855631, 0.753461, -0.151568, -0.261528
0.856078, 0.821706, -0.156012, -0.193903
0.856156, 0.300571, -0.121763, -0.671410
0.856990, 0.371001, -0.127163, -0.613053
0.857528, 0.667487, -0.144438, -0.344351
0.857565, 0.980656, -0.165022, -0.022312
0.859114, 0.066227, 0.802089, 0.050072
0.859874, 0.689804, -0.143220, -0.322908
0.859968, 0.464971, -0.130796, -0.531263
0.860689, 0.346178, -0.121996, -0.633964
0.861504, 0.195317, -0.097472, -0.745337
0.861896, 0.959903, -0.160340, -0.046273
0.862806, 0.438413, -0.126595, -0.555081
0.862916, 0.322249, -0.118092, -0.654074
0.862966, 0.865872, -0.152291, -0.149029
0.864377, 0.147441, -0.007470, -0.686686
0.864471, 0.729696, -0.140945, -0.284972
0.864509, 0.413805, -0.123472, -0.576772
0.864580, 0.093832, 0.787583, 0.052696
0.864968, 0.797434, -0.144903, -0.218777
0.865229, 0.531824, -0.129632, -0.471215
0.865914, 0.259125, -0.109971, -0.705651
0.866600, 0.000000, 0.808834, 0.000000
0.866834, 0.118591, 0.853397, 0.146073
0.866874, 0.219613, -0.101727, -0.732784
0.867324, 0.936365, -0.153470, -0.073211
0.867474, 0.041358, 0.808592, 0.030467
0.867733, 0.556622, -0.128555, -0.448738
0.869653, 0.171183, -0.065034, -0.738927
0.869847, 0.505383, -0.123865, -0.495575
0.870388, 0.582466, -0.127282, -0.424965
0.871115, 0.840075, -0.141739, -0.176401
0.871867, 1.000000, -0.150723, 0.000000
0.872011, 0.607045, -0.126933, -0.402202
0.872275, 0.910855, -0.146337, -0.101806
0.872382, 0.772510, -0.135522, -0.243922
0.873394, 0.387131, -0.113814, -0.600582
0.874619, 0.706767, -0.129239, -0.307516
0.875570, 0.631487, -0.124581, -0.379353
0.876260, 0.283885, -0.103892, -0.686989
0.877332, 0.481704, -0.115593, -0.517380
0.879282, 0.655818, -0.122011, -0.356440
0.879548, 0.884337, -0.136426, -0.130936
0.880910, 0.021089, 0.815153, 0.012834
0.881398, 0.747255, -0.124599, -0.268956
0.881892, 0.680464, -0.120538, -0.333044
0.882469, 0.060230, 0.820998, 0.046681
0.882967, 0.815058, -0.127318, -0.202413
0.882987, 0.360944, -0.103680, -0.623540
0.883180, 0.307216, -0.099909, -0.668495
0.883539, 0.333932, -0.101429, -0.646245
0.883993, 0.238088, -0.093427, -0.723392
0.884034, 0.977782, -0.138246, -0.026453
0.884157, 0.456123, -0.107949, -0.540673
0.885001, 0.082100, 0.832347, 0.072946
0.885247, 0.431919, -0.105703, -0.562041
0.887079, 0.209330, -0.089477, -0.746774
0.887473, 0.132363, -0.135314, -0.849547
0.887603, 0.858522, -0.125768, -0.158708
0.888133, 0.954370, -0.133200, -0.054095
0.888175, 0.521636, -0.107245, -0.481603
0.888351, 0.184911, -0.087653, -0.766343
0.888418, 0.405685, -0.101426, -0.585284
0.889039, 0.106301, 0.594698, -0.135250
0.889714, 0.157158, -0.099342, -0.802161
0.890326, 0.543765, -0.106122, -0.461343
0.890488, 0.264572, -0.090566, -0.703544
0.890648, 0.790837, -0.117618, -0.227013
0.890935, 0.723035, -0.113471, -0.292898
0.891632, 0.929136, -0.127583, -0.083166
0.891726, 0.568251, -0.105841, -0.439006
0.893826, 0.000000, 0.828479, 0.000000
0.894111, 0.593780, -0.104592, -0.415523
0.895467, 0.499512, -0.099382, -0.502271
0.895565, 0.903227, -0.120999, -0.112048
0.896084, 0.041746, 0.839197, 0.039507
0.896337, 0.834098, -0.114469, -0.184215
0.896757, 0.765312, -0.109651, -0.252236
0.896793, 0.619074, -0.102993, -0.392055
0.897790, 1.000000, -0.124671, 0.000000
0.898903, 0.381166, -0.090742, -0.607149
0.899014, 0.698146, -0.104002, -0.317084
0.900454, 0.644516, -0.100355, -0.368224
0.902063, 0.473917, -0.092103, -0.525663
0.902909, 0.670370, -0.098901, -0.343778
0.903950, 0.341863, -0.084215, -0.640775
0.904060, 0.291744, -0.081271, -0.682610
0.904074, 0.876980, -0.109574, -0.140805
0.906065, 0.423823, -0.086267, -0.570134
0.906076, 0.317278, -0.081053, -0.661793
0.907194, 0.739174, -0.097482, -0.278209
0.907446, 0.066320, 0.865116, 0.079250
0.908009, 0.221724, -0.073195, -0.738754
0.908303, 0.021864, 0.829314, 0.010755
0.909223, 0.245729, -0.074040, -0.720210
0.909335, 0.973592, -0.112379, -0.032651
0.909413, 0.447981, -0.084172, -0.548804
0.910210, 0.807475, -0.097980, -0.211893
0.910561, 0.090366, 0.322938, -0.435940
0.910840, 0.195801, -0.068879, -0.758550
0.910909, 0.169632, -0.066992, -0.778277
0.910921, 0.116991, -0.142596, -0.893582
0.911351, 0.142672, -0.074545, -0.808320
0.911796, 0.360885, -0.078279, -0.624866
0.912046, 0.946278, -0.107302, -0.065386
0.912115, 0.523603, -0.084445, -0.480903
0.913175, 0.551014, -0.084430, -0.456150
0.913241, 0.270300, -0.072319, -0.700615
0.913877, 0.855342, -0.097066, -0.163744
0.914007, 0.400595, -0.078067, -0.590970
0.914859, 0.577971, -0.083700, -0.431272
0.915080, 0.919639, -0.101322, -0.095805
0.915313, 0.781829, -0.090992, -0.237020
0.917032, 0.715786, -0.086286, -0.301141
0.917211, 0.496031, -0.078626, -0.505957
0.917496, 0.604723, -0.081973, -0.406387
0.918514, 0.830382, -0.090289, -0.189234
0.918611, 0.893746, -0.094949, -0.124198
0.920265, 0.756363, -0.084552, -0.262042
0.920448, 0.000000, 0.847401, 0.000000
0.920546, 0.631409, -0.079792, -0.381434
0.920907, 0.687902, -0.081261, -0.327850
0.921940, 0.046361, 0.934437, 0.119857
0.922011, 1.000000, -0.099574, 0.000000
0.923236, 0.658908, -0.077951, -0.355511
0.925736, 0.468729, -0.069739, -0.531105
0.927830, 0.379135, -0.064793, -0.610010
0.927843, 0.334684, -0.063100, -0.648156
0.927921, 0.425028, -0.066273, -0.569717
0.928945, 0.309093, -0.061101, -0.669808
0.932005, 0.285569, -0.057450, -0.689116
0.932291, 0.233166, -0.054712, -0.731332
0.932341, 0.208019, -0.053221, -0.750722
0.932477, 0.072390, 0.217766, -0.571274
0.932700, 0.100562, -0.083639, -0.865534
0.933226, 0.873172, -0.077160, -0.147099
0.933246, 0.154824, -0.047536, -0.788718
0.933281, 0.181426, -0.050594, -0.770553
0.933411, 0.022728, 0.879245, 0.057106
0.933481, 0.127808, -0.044565, -0.807342
0.933553, 0.956619, -0.084477, -0.054971
0.933604, 0.980178, -0.085823, -0.025640
0.934123, 0.258339, -0.054482, -0.711395
0.934556, 0.537186, -0.063305, -0.469259
0.935090, 0.734472, -0.068261, -0.284127
0.935468, 0.930351, -0.079603, -0.085832
0.935548, 0.791774, -0.069889, -0.228383
0.935701, 0.563524, -0.062872, -0.445096
0.935912, 0.512082, -0.061325, -0.492005
0.936293, 0.447862, -0.059256, -0.549882
0.936688, 0.816512, -0.069908, -0.204353
0.936868, 0.356155, -0.055950, -0.630275
0.937369, 0.845737, -0.070591, -0.175009
0.937685, 0.590212, -0.061593, -0.420415
0.937850, 0.902968, -0.074156, -0.116037
0.938551, 0.400596, -0.055828, -0.591709
0.938848, 0.705363, -0.063396, -0.311863
0.939062, 0.764726, -0.065029, -0.254758
0.939508, 0.486467, -0.057259, -0.515327
0.940187, 0.617352, -0.059768, -0.395132
0.941165, 0.675767, -0.060191, -0.339953
0.942137, 0.645520, -0.058480, -0.368676
0.946293, 0.045905, 0.652153, -0.168772
0.946582, 0.000000, 0.928107, 0.000000
0.949551, 1.000000, -0.067729, 0.000000
0.951394, 0.423620, -0.044719, -0.571861
0.951973, 0.325992, -0.041832, -0.656842
0.953980, 0.300131, -0.039369, -0.678331
0.954741, 0.377736, -0.040654, -0.612306
0.954906, 0.088508, -0.069169, -0.877377
0.955130, 0.273578, -0.037619, -0.700077
0.955227, 0.467551, -0.042045, -0.532803
0.955228, 0.194200, -0.034886, -0.762623
0.955300, 0.220408, -0.035765, -0.742464
0.955341, 0.114396, -0.032999, -0.822204
0.955571, 0.167527, -0.033698, -0.782696
0.955571, 0.140972, -0.032724, -0.802043
0.955658, 0.886034, -0.052535, -0.135470
0.955943, 0.246452, -0.036121, -0.721971
0.956012, 0.943411, -0.056661, -0.072812
0.956452, 0.971737, -0.058878, -0.038194
0.956623, 0.859363, -0.049853, -0.162616
0.956934, 0.747424, -0.045672, -0.272358
0.956988, 0.548911, -0.041837, -0.459068
0.957176, 0.064713, -0.044367, -0.867089
0.957292, 0.915272, -0.052576, -0.104469
0.957315, 0.830790, -0.047832, -0.191184
0.957618, 0.720106, -0.044303, -0.298448
0.957643, 0.522564, -0.040745, -0.483145
0.957940, 0.350625, -0.037176, -0.635603
0.958128, 0.575806, -0.041174, -0.434243
0.958361, 0.803122, -0.045703, -0.218399
0.958502, 0.776498, -0.044711, -0.244174
0.958607, 0.024143, 0.865298, 0.055970
0.959266, 0.496220, -0.038734, -0.507061
0.959511, 0.691224, -0.041748, -0.325879
0.959886, 0.603261, -0.039882, -0.408714
0.960225, 0.661484, -0.040479, -0.353964
0.960819, 0.443322, -0.036385, -0.554569
0.961131, 0.631646, -0.039085, -0.382128
0.962125, 0.402653, -0.034477, -0.590546
0.972154, 0.000000, 1.161082, 0.000000
0.974027, 1.000000, -0.037759, 0.000000
0.975577, 0.045739, -0.132450, -0.972440
0.976275, 0.313130, -0.020477, -0.667875
0.977286, 0.951897, -0.030556, -0.064366
0.977296, 0.287025, -0.019237, -0.689573
0.977382, 0.898160, -0.027529, -0.124140
0.977668, 0.099873, -0.013161, -0.829621
0.977678, 0.260395, -0.018517, -0.711277
0.977704, 0.180316, -0.017010, -0.773723
0.977706, 0.206890, -0.017571, -0.753550
0.977799, 0.126689, -0.015173, -0.812205
0.977847, 0.925588, -0.028228, -0.094712
0.977862, 0.153530, -0.016210, -0.793410
0.977899, 0.479043, -0.020885, -0.523183
0.977944, 0.366137, -0.019682, -0.622689
0.977950, 0.338238, -0.019364, -0.646667
0.977998, 0.233469, -0.017824, -0.732806
0.978068, 0.844097, -0.024973, -0.178845
0.978072, 0.871316, -0.025723, -0.151656
0.978409, 0.977288, -0.030616, -0.031932
0.978412, 0.760515, -0.023096, -0.260254
0.978698, 0.422802, -0.019589, -0.573160
0.978774, 0.732986, -0.022365, -0.286642
0.978863, 0.534687, -0.020446, -0.472415
0.978881, 0.561714, -0.020658, -0.447557
0.978882, 0.816544, -0.023470, -0.205888
0.979077, 0.073189, -0.029185, -0.863686
0.979162, 0.705106, -0.021645, -0.313166
0.979586, 0.676259, -0.020925, -0.340448
0.979630, 0.788570, -0.022178, -0.233102
0.979705, 0.589304, -0.020073, -0.421956
0.979773, 0.507321, -0.019337, -0.497406
0.979952, 0.647194, -0.020291, -0.367770
0.980192, 0.452276, -0.018467, -0.546957
0.980223, 0.392586, -0.017942, -0.599839
0.980489, 0.617849, -0.019519, -0.395289
0.982486, 0.020013, 0.256933, -0.638345
1.000000, 0.000000, 0.000000, 0.000000
1.000000, 0.030936, 0.000000, -0.941427
1.000000, 0.057655, 0.000000, -0.847101
1.000000, 0.085657, 0.000000, -0.834830
1.000000, 0.112697, 0.000000, -0.821799
1.000000, 0.139670, 0.000000, -0.803685
1.000000, 0.166581, 0.000000, -0.784231
1.000000, 0.193337, 0.000000, -0.764196
1.000000, 0.220045, 0.000000, -0.743591
1.000000, 0.246890, 0.000000, -0.722319
1.000000, 0.273566, 0.000000, -0.700797
1.000000, 0.300022, 0.000000, -0.679050
1.000000, 0.325974, 0.000000, -0.657469
1.000000, 0.352860, 0.000000, -0.634433
1.000000, 0.379982, 0.000000, -0.611119
1.000000, 0.408530, 0.000000, -0.585781
1.000000, 0.436563, 0.000000, -0.561275
1.000000, 0.465138, 0.000000, -0.535496
1.000000, 0.492364, 0.000000, -0.511226
1.000000, 0.520472, 0.000000, -0.485408
1.000000, 0.548014, 0.000000, -0.460265
1.000000, 0.575635, 0.000000, -0.434797
1.000000, 0.603888, 0.000000, -0.408460
1.000000, 0.632815, 0.000000, -0.381329
1.000000, 0.661550, 0.000000, -0.354433
1.000000, 0.690101, 0.000000, -0.327526
1.000000, 0.718336, 0.000000, -0.300753
1.000000, 0.746211, 0.000000, -0.274159
1.000000, 0.773780, 0.000000, -0.247722
1.000000, 0.801847, 0.000000, -0.220390
1.000000, 0.829313, 0.000000, -0.193687
1.000000, 0.856088, 0.000000, -0.167377
1.000000, 0.882475, 0.000000, -0.140851
1.000000, 0.907977, 0.000000, -0.114506
1.000000, 0.932670, 0.000000, -0.087497
1.000000, 0.955843, 0.000000, -0.060180
1.000000, 0.978099, 0.000000, -0.030854
1.000000, 1.000000, 0.000000, 0.000000
