0.000000, 0.000000, 0.000000, 0.000000
0.000000, 0.029021, 0.000000, 0.037853
0.000000, 0.056003, 0.000000, 0.068800
0.000000, 0.082472, 0.000000, 0.096057
0.000000, 0.109014, 0.000000, 0.121606
0.000000, 0.136105, 0.000000, 0.146561
0.000000, 0.164611, 0.000000, 0.172312
0.000000, 0.194376, 0.000000, 0.199490
0.000000, 0.222208, 0.000000, 0.223681
0.000000, 0.251923, 0.000000, 0.249723
0.000000, 0.281839, 0.000000, 0.276067
0.000000, 0.310797, 0.000000, 0.301766
0.000000, 0.337786, 0.000000, 0.324988
0.000000, 0.365748, 0.000000, 0.349254
0.000000, 0.393541, 0.000000, 0.372718
0.000000, 0.422563, 0.000000, 0.397873
0.000000, 0.450038, 0.000000, 0.421286
0.000000, 0.477148, 0.000000, 0.444244
0.000000, 0.504111, 0.000000, 0.466860
0.000000, 0.531347, 0.000000, 0.489658
0.000000, 0.558609, 0.000000, 0.512556
0.000000, 0.584626, 0.000000, 0.533938
0.000000, 0.610989, 0.000000, 0.555632
0.000000, 0.636910, 0.000000, 0.576845
0.000000, 0.662307, 0.000000, 0.597128
0.000000, 0.688824, 0.000000, 0.618249
0.000000, 0.715827, 0.000000, 0.639557
0.000000, 0.742847, 0.000000, 0.660708
0.000000, 0.769486, 0.000000, 0.681275
0.000000, 0.795477, 0.000000, 0.700990
0.000000, 0.820995, 0.000000, 0.719940
0.000000, 0.846479, 0.000000, 0.738465
0.000000, 0.872229, 0.000000, 0.756762
0.000000, 0.898064, 0.000000, 0.773838
0.000000, 0.923541, 0.000000, 0.794538
0.000000, 0.948427, 0.000000, 0.903841
0.000000, 0.973004, 0.000000, 1.091896
0.000000, 1.000000, 0.000000, 0.000000
0.018189, 0.178444, 0.018680, 0.184740
0.018281, 0.267328, 0.017741, 0.263155
0.018734, 0.236793, 0.018482, 0.236352
0.018896, 0.409359, 0.017326, 0.386318
0.019293, 0.984915, -0.635481, 0.195797
0.019452, 0.297296, 0.018639, 0.289645
0.019654, 0.019337, 0.025494, 0.025086
0.019874, 0.149502, 0.020993, 0.158609
0.020665, 0.544990, 0.018047, 0.501034
0.020922, 0.517765, 0.018456, 0.478297
0.021053, 0.350280, 0.019700, 0.335653
0.021135, 0.436918, 0.019183, 0.409956
0.021183, 0.729813, 0.017043, 0.650464
0.021238, 0.702259, 0.017334, 0.628819
0.021523, 0.463839, 0.019352, 0.432882
0.021614, 0.490545, 0.019247, 0.455438
0.021764, 0.379852, 0.020144, 0.360997
0.021802, 0.756596, 0.017259, 0.671192
0.021824, 0.597310, 0.018671, 0.544246
0.021913, 0.674763, 0.018127, 0.607044
0.022110, 0.121583, 0.024104, 0.133020
0.022149, 0.208174, 0.022280, 0.211434
0.022371, 0.885957, 0.016282, 0.766091
0.022583, 0.624419, 0.019121, 0.566507
0.022661, 0.912242, 0.024707, 0.789711
0.022725, 0.572255, 0.019651, 0.523735
0.022739, 0.044448, 0.028254, 0.055322
0.022768, 0.859830, 0.016855, 0.747992
0.022816, 0.783577, 0.017752, 0.691806
0.022823, 0.324628, 0.021621, 0.313633
0.023006, 0.095475, 0.026041, 0.108310
0.023281, 0.069970, 0.027548, 0.082895
0.023377, 0.937588, 0.109361, 0.874980
0.023454, 0.834113, 0.017624, 0.729417
0.023533, 0.808963, 0.017987, 0.710869
0.023741, 0.648317, 0.019874, 0.585832
0.023811, 0.961293, -0.030578, 0.734653
0.027795, 0.000000, 0.036337, 0.000000
0.032728, 1.000000, -0.901874, 0.000000
0.036759, 0.253549, 0.035884, 0.250779
0.037405, 0.282760, 0.036036, 0.276638
0.038200, 0.186654, 0.038869, 0.191418
0.038341, 0.400010, 0.035237, 0.378174
0.039483, 0.361481, 0.036798, 0.345037
0.040004, 0.161515, 0.041552, 0.168685
0.041235, 0.227539, 0.040873, 0.227977
0.041866, 0.557627, 0.036377, 0.511336
0.041888, 0.135269, 0.044659, 0.144781
0.041922, 0.716834, 0.033961, 0.640054
0.041932, 0.610503, 0.035678, 0.554755
0.042067, 0.531238, 0.036924, 0.489464
0.042143, 0.425026, 0.038408, 0.399793
0.042220, 0.688823, 0.034687, 0.617867
0.042281, 0.504629, 0.037471, 0.467207
0.042649, 0.309370, 0.040600, 0.299920
0.043108, 0.026966, 0.053404, 0.033542
0.043299, 0.451109, 0.039106, 0.422051
0.043413, 0.770163, 0.034087, 0.681243
0.043564, 0.743133, 0.034763, 0.660465
0.043582, 0.477199, 0.038993, 0.444086
0.044124, 0.660426, 0.036742, 0.595267
0.044142, 0.900916, 0.039672, 0.785704
0.044823, 0.874262, 0.031333, 0.756804
0.045194, 0.928399, 0.104349, 0.865640
0.045648, 0.978298, -0.890059, -0.103144
0.045654, 0.054995, 0.054158, 0.065402
0.045720, 0.107484, 0.050273, 0.118544
0.045957, 0.848114, 0.033973, 0.738941
0.046430, 0.585445, 0.039908, 0.534172
0.046816, 0.081883, 0.053312, 0.093436
0.046856, 0.797383, 0.036183, 0.701833
0.047154, 0.335929, 0.044367, 0.322727
0.047368, 0.954749, -0.453152, 0.315661
0.047404, 0.822351, 0.036002, 0.720384
0.049148, 0.633976, 0.041419, 0.574074
0.049440, 0.204381, 0.049659, 0.207124
0.050685, 0.382642, 0.046863, 0.363011
0.051706, 0.000000, 0.063340, 0.000000
0.056084, 0.268467, 0.054273, 0.263426
0.059642, 1.000000, -0.803643, 0.000000
0.061108, 0.176389, 0.062380, 0.181238
0.061181, 0.245439, 0.059851, 0.242929
0.062059, 0.291743, 0.059447, 0.283998
0.062131, 0.409234, 0.056890, 0.385786
0.062153, 0.704678, 0.050632, 0.629992
0.062621, 0.676033, 0.051725, 0.607091
0.062828, 0.357928, 0.058551, 0.341276
0.063155, 0.566832, 0.054635, 0.518318
0.063188, 0.150920, 0.065874, 0.158110
0.063369, 0.491674, 0.056359, 0.455681
0.063456, 0.124141, 0.067752, 0.133053
0.063850, 0.607850, 0.054367, 0.552292
0.064253, 0.517996, 0.056611, 0.477725
0.064449, 0.542662, 0.056264, 0.498192
0.064835, 0.436996, 0.058791, 0.409493
0.065005, 0.916045, 0.058413, 0.792139
0.065082, 0.756590, 0.051460, 0.670303
0.065652, 0.729700, 0.052737, 0.649458
0.065684, 0.782337, 0.051013, 0.689722
0.065933, 0.463256, 0.059208, 0.431619
0.066168, 0.020295, 0.078433, 0.024150
0.066303, 0.889203, 0.067736, 0.788061
0.066808, 0.316489, 0.063335, 0.305653
0.066952, 0.221048, 0.066344, 0.221220
0.067097, 0.945212, -0.721823, 0.028181
0.067411, 0.043396, 0.078673, 0.050641
0.067822, 0.863042, 0.046634, 0.746439
0.068497, 0.650547, 0.057255, 0.586667
0.069047, 0.069167, 0.078253, 0.078445
0.069561, 0.837080, 0.049688, 0.728054
0.070399, 0.974915, -0.846447, -0.069205
0.070706, 0.095641, 0.077463, 0.104938
0.071761, 0.811158, 0.054206, 0.710814
0.072791, 0.195719, 0.073163, 0.198215
0.073150, 0.382082, 0.067512, 0.361732
0.074854, 0.585490, 0.064308, 0.533780
0.075997, 0.338155, 0.071372, 0.324109
0.077068, 0.627354, 0.065062, 0.567713
0.078350, 0.000000, 0.091579, 0.000000
0.079247, 0.268443, 0.076547, 0.262823
0.080655, 0.692213, 0.066036, 0.619230
0.083434, 0.480335, 0.074442, 0.445550
0.084089, 0.240144, 0.082253, 0.237487
0.084248, 0.402840, 0.077176, 0.379389
0.084316, 0.116180, 0.089776, 0.123954
0.085003, 0.929408, -0.781509, -0.053328
0.085197, 0.167845, 0.086970, 0.172227
0.085231, 0.141670, 0.088879, 0.148257
0.085237, 0.295351, 0.081338, 0.286324
0.085256, 1.000000, -0.774883, 0.000000
0.085453, 0.507308, 0.075529, 0.468296
0.085658, 0.426167, 0.077893, 0.399689
0.086042, 0.791631, 0.066355, 0.695529
0.086299, 0.558616, 0.074850, 0.511012
0.086780, 0.743334, 0.069103, 0.659063
0.087220, 0.668316, 0.072237, 0.600032
0.087519, 0.533456, 0.076641, 0.490208
0.087707, 0.903879, -0.103515, 0.599345
0.087801, 0.958216, -0.771490, -0.016998
0.088073, 0.715702, 0.071221, 0.637641
0.088291, 0.361273, 0.082116, 0.343713
0.089060, 0.451182, 0.080241, 0.420726
0.089299, 0.766739, 0.070036, 0.676636
0.089659, 0.878833, 0.143771, 0.836145
0.090262, 0.026085, 0.102670, 0.029708
0.090291, 0.603964, 0.076953, 0.548452
0.091002, 0.052791, 0.101831, 0.059073
0.091324, 0.215954, 0.090462, 0.215709
0.091484, 0.853920, 0.086200, 0.760511
0.092624, 0.079184, 0.101254, 0.086574
0.093492, 0.318899, 0.088305, 0.306612
0.093687, 0.829323, 0.070557, 0.723688
0.094440, 0.190778, 0.094805, 0.192700
0.095224, 0.645736, 0.079677, 0.581846
0.098998, 0.979956, -0.785289, -0.022050
0.099553, 0.577985, 0.085690, 0.526739
0.099717, 0.383591, 0.091927, 0.362510
0.100205, 0.254105, 0.097158, 0.249210
0.100937, 0.101106, 0.107640, 0.107844
0.101784, 0.807777, 0.077654, 0.707054
0.102186, 0.000000, 0.114250, 0.000000
0.102939, 0.690997, 0.084239, 0.617555
0.103137, 0.470945, 0.092260, 0.437153
0.103346, 0.341842, 0.096698, 0.326250
0.103482, 0.278518, 0.099298, 0.270868
0.104642, 0.942015, -0.765032, -0.034947
0.104760, 0.623694, 0.088481, 0.563860
0.105945, 0.496374, 0.093972, 0.458777
0.106334, 0.733476, 0.084998, 0.650373
0.107110, 0.127287, 0.111741, 0.132980
0.107576, 0.408672, 0.098270, 0.383840
0.107918, 0.152880, 0.110606, 0.157162
0.108476, 0.522705, 0.095338, 0.480937
0.109381, 0.918435, -0.838332, -0.131034
0.109556, 0.781986, 0.084931, 0.687221
0.109949, 0.432631, 0.099629, 0.404378
0.110044, 0.550254, 0.095711, 0.503691
0.111218, 0.231120, 0.108791, 0.228024
0.111936, 0.301134, 0.106346, 0.290498
0.111937, 0.894895, -0.532940, 0.143540
0.112044, 0.667361, 0.092731, 0.598528
0.112213, 0.176882, 0.113047, 0.178951
0.113718, 0.870985, 0.021912, 0.681541
0.113750, 1.000000, -0.763552, 0.000000
0.114168, 0.041166, 0.124949, 0.044920
0.114243, 0.756364, 0.090037, 0.667833
0.114591, 0.066130, 0.123762, 0.071281
0.114752, 0.019568, 0.126062, 0.021522
0.114869, 0.205076, 0.113945, 0.204707
0.115000, 0.599703, 0.098052, 0.543922
0.115051, 0.364628, 0.106688, 0.345611
0.115169, 0.711023, 0.093184, 0.632561
0.115887, 0.847067, 0.138760, 0.786615
0.116363, 0.961905, -0.762863, -0.026010
0.118244, 0.454013, 0.106306, 0.422141
0.120696, 0.323939, 0.113584, 0.310124
0.121138, 0.824318, 0.098752, 0.725465
0.121320, 0.644923, 0.101417, 0.580272
0.121363, 0.088597, 0.128647, 0.093791
0.121810, 0.258654, 0.117597, 0.252356
0.122916, 0.575286, 0.105779, 0.523569
0.124460, 0.389249, 0.114367, 0.366562
0.126015, 0.479781, 0.112256, 0.443745
0.126935, 0.112600, 0.132191, 0.117171
0.127419, 0.800214, 0.098413, 0.700617
0.127969, 0.688095, 0.104689, 0.614067
0.128623, 0.937858, -0.750165, -0.040335
0.128893, 0.505329, 0.113797, 0.465203
0.129048, 0.980522, -0.756728, -0.014884
0.129259, 0.000000, 0.140211, 0.000000
0.129632, 0.281273, 0.123881, 0.272118
0.130009, 0.732648, 0.103763, 0.648486
0.130339, 0.622313, 0.109987, 0.561607
0.130460, 0.138032, 0.133663, 0.141497
0.130920, 0.346487, 0.122101, 0.329370
0.131275, 0.530757, 0.114845, 0.486428
0.131453, 0.414123, 0.119731, 0.387732
0.132835, 0.162678, 0.134071, 0.164539
0.133330, 0.775470, 0.103613, 0.680795
0.133821, 0.913635, -0.771744, -0.084059
0.134123, 0.238932, 0.130313, 0.233959
0.134215, 0.189175, 0.133448, 0.188814
0.135111, 0.553930, 0.117149, 0.505379
0.135848, 0.889483, -0.822459, -0.160698
0.136232, 0.216628, 0.133630, 0.213726
0.136239, 0.051190, 0.144899, 0.054287
0.136873, 0.436869, 0.123667, 0.406912
0.137908, 0.865374, -0.385815, 0.247537
0.138029, 0.304760, 0.130617, 0.292507
0.138058, 0.665693, 0.114144, 0.595890
0.139276, 0.599672, 0.118589, 0.542795
0.139360, 0.023814, 0.149112, 0.025375
0.140847, 0.370509, 0.130169, 0.349828
0.141233, 0.709119, 0.114047, 0.629593
0.141711, 0.841753, 0.093394, 0.708751
0.141833, 0.752422, 0.111644, 0.662664
0.142091, 0.074626, 0.149141, 0.078106
0.142478, 1.000000, -0.745711, 0.000000
0.143226, 0.461362, 0.128284, 0.427434
0.143248, 0.957777, -0.745124, -0.030965
0.146795, 0.817700, 0.136965, 0.736388
0.147203, 0.259793, 0.141558, 0.252120
0.147362, 0.578257, 0.126489, 0.524795
0.147385, 0.643264, 0.123064, 0.577470
0.147559, 0.327733, 0.138351, 0.312249
0.147866, 0.098596, 0.153100, 0.101829
0.149061, 0.487043, 0.132278, 0.448837
0.149406, 0.395309, 0.136841, 0.370900
0.152054, 0.123487, 0.155337, 0.125926
0.152146, 0.512346, 0.133784, 0.469855
0.153058, 0.794155, 0.119766, 0.695385
0.153157, 0.933408, -0.735397, -0.047601
0.153806, 0.686809, 0.125663, 0.611551
0.154374, 0.000000, 0.163013, 0.000000
0.154565, 0.284341, 0.147129, 0.273649
0.154592, 0.148773, 0.155889, 0.149970
0.154916, 0.203442, 0.152119, 0.200513
0.155045, 0.175062, 0.154358, 0.174548
0.155486, 0.728855, 0.123599, 0.643340
0.156231, 0.620802, 0.131675, 0.558905
0.156663, 0.977459, -0.736079, -0.016846
0.156822, 0.535408, 0.136683, 0.488699
0.156903, 0.040269, 0.164560, 0.042005
0.157089, 0.351505, 0.145954, 0.332583
0.157297, 0.419433, 0.142837, 0.391283
0.157862, 0.907760, -0.732782, -0.068504
0.158213, 0.234305, 0.153315, 0.228437
0.158701, 0.771257, 0.122632, 0.674859
0.159409, 0.557252, 0.137804, 0.506717
0.159795, 0.883527, -0.758733, -0.115690
0.161802, 0.443399, 0.145677, 0.411453
0.162704, 0.859238, -0.790269, -0.175013
0.163799, 0.062289, 0.170078, 0.064320
0.164030, 0.307781, 0.154644, 0.293908
0.164039, 0.664131, 0.135450, 0.593010
0.165368, 0.598345, 0.140619, 0.540165
0.166162, 0.376264, 0.152991, 0.353676
0.166794, 0.834148, -0.308771, 0.276387
0.167355, 0.469039, 0.149320, 0.432928
0.168037, 0.020230, 0.175213, 0.021008
0.168453, 0.707116, 0.136128, 0.626401
0.168707, 0.747832, 0.131543, 0.655769
0.169114, 0.084688, 0.173738, 0.086575
0.169357, 1.000000, -0.726961, 0.000000
0.169743, 0.262462, 0.162475, 0.253201
0.169941, 0.953452, -0.726029, -0.035001
0.171976, 0.496101, 0.151992, 0.455569
0.173134, 0.810865, 0.152074, 0.717295
0.173351, 0.331656, 0.161923, 0.314421
0.173410, 0.575564, 0.148734, 0.521078
0.173457, 0.108841, 0.176372, 0.110211
0.173461, 0.641540, 0.144623, 0.574429
0.173762, 0.215554, 0.169002, 0.210353
0.174938, 0.401037, 0.159651, 0.374649
0.175051, 0.187624, 0.172254, 0.184803
0.176626, 0.134592, 0.177588, 0.134925
0.176642, 0.926067, -0.719392, -0.055437
0.177243, 0.160210, 0.176324, 0.159171
0.177436, 0.521517, 0.155333, 0.476471
0.179718, 0.286545, 0.170298, 0.274122
0.179840, 0.788246, 0.145190, 0.692808
0.180105, 0.684417, 0.147052, 0.607754
0.181667, 0.000000, 0.187893, 0.000000
0.181678, 0.243509, 0.174674, 0.235327
0.182138, 0.618750, 0.153335, 0.555623
0.182157, 0.043438, 0.187642, 0.044435
0.182172, 0.979942, -0.717314, -0.015255
0.182258, 0.356618, 0.168692, 0.335789
0.182281, 0.548326, 0.157845, 0.497979
0.182675, 0.900313, -0.713703, -0.074994
0.182893, 0.727404, 0.147470, 0.642218
0.183020, 0.425690, 0.165581, 0.395397
0.183489, 0.766221, 0.144613, 0.671444
0.183900, 0.876784, -0.716085, -0.097805
0.185307, 0.449808, 0.166192, 0.415620
0.186121, 0.849728, -0.707177, -0.113533
0.189310, 0.310611, 0.177706, 0.294909
0.189687, 0.477985, 0.168500, 0.439327
0.190365, 0.661570, 0.156785, 0.588832
0.190562, 0.067297, 0.194369, 0.068139
0.191208, 0.595562, 0.162443, 0.536268
0.191307, 0.381890, 0.175491, 0.357302
0.193470, 0.825474, -0.776773, -0.214746
0.193547, 0.962368, -0.708369, -0.028786
0.194325, 0.091229, 0.196477, 0.091622
0.194703, 0.225487, 0.187848, 0.218114
0.194936, 0.022423, 0.199536, 0.022782
0.195258, 0.704732, 0.157656, 0.622291
0.195313, 0.200241, 0.190084, 0.194945
0.195507, 0.940119, -0.706338, -0.045799
0.195605, 0.571597, 0.167702, 0.516268
0.195925, 0.266223, 0.186551, 0.255075
0.196113, 0.502994, 0.172591, 0.459900
0.196920, 0.118756, 0.197307, 0.118358
0.196959, 0.173813, 0.193488, 0.170451
0.197499, 0.747958, 0.167297, 0.666074
0.197581, 1.000000, -0.705847, 0.000000
0.197957, 0.336002, 0.184112, 0.316778
0.199565, 0.637914, 0.166295, 0.569635
0.199983, 0.801083, -0.277957, 0.252099
0.200053, 0.530875, 0.174262, 0.482918
0.200299, 0.407200, 0.182110, 0.378671
0.200491, 0.146052, 0.198572, 0.144072
0.202061, 0.915417, -0.700439, -0.064870
0.204291, 0.866341, -0.695483, -0.102359
0.205201, 0.289189, 0.193548, 0.274929
0.205207, 0.459213, 0.183183, 0.422394
0.205883, 0.774188, 0.252143, 0.760520
0.206548, 0.682484, 0.166930, 0.602699
0.206908, 0.361353, 0.190727, 0.338453
0.207343, 0.046642, 0.210294, 0.046887
0.207681, 0.613008, 0.174859, 0.549128
0.207790, 0.000000, 0.211310, 0.000000
0.208785, 0.433013, 0.187982, 0.399998
0.208991, 0.555754, 0.180169, 0.502624
0.209016, 0.725261, 0.165609, 0.635496
0.209391, 0.246164, 0.200295, 0.236233
0.209501, 0.891465, -0.693692, -0.083599
0.212096, 0.981279, -0.694626, -0.014532
0.212152, 0.843172, -0.690717, -0.123392
0.213462, 0.315322, 0.199448, 0.297584
0.214727, 0.483350, 0.189977, 0.442171
0.215630, 0.219354, 0.207565, 0.211220
0.215723, 0.099156, 0.215212, 0.098148
0.215910, 0.659060, 0.178131, 0.585277
0.216037, 0.585932, 0.183892, 0.526785
0.216175, 0.385836, 0.197552, 0.359160
0.216777, 0.071238, 0.217606, 0.070832
0.216952, 0.512787, 0.189937, 0.466622
0.217278, 0.958919, -0.690419, -0.031964
0.217573, 0.193445, 0.211085, 0.187282
0.218870, 0.168444, 0.213783, 0.163854
0.219663, 0.819353, -0.688837, -0.147594
0.219994, 0.934028, -0.687787, -0.051351
0.220359, 0.023394, 0.222239, 0.023357
0.220545, 0.124631, 0.218174, 0.122416
0.221596, 0.748163, 0.172852, 0.649997
0.222433, 0.341017, 0.205981, 0.319675
0.222503, 0.703501, 0.171753, 0.611765
0.223147, 0.267641, 0.211449, 0.254674
0.223405, 0.793395, -0.754039, -0.245035
0.224190, 0.634357, 0.186532, 0.564601
0.224808, 0.410388, 0.203699, 0.379826
0.224975, 0.537782, 0.195012, 0.486716
0.225772, 0.146415, 0.221616, 0.142836
0.225978, 0.456164, 0.201608, 0.418581
0.226045, 0.870393, -0.678923, -0.100167
0.226790, 1.000000, -0.683758, 0.000000
0.228086, 0.294529, 0.213983, 0.278122
0.228298, 0.910968, -0.680630, -0.069565
0.229843, 0.768465, -0.202620, 0.274333
0.230519, 0.609641, 0.193836, 0.544361
0.231256, 0.564219, 0.198253, 0.507769
0.232056, 0.047193, 0.232261, 0.046708
0.232339, 0.680522, 0.193269, 0.604517
0.232350, 0.364513, 0.213361, 0.339549
0.232532, 0.239141, 0.221784, 0.228221
0.233459, 0.000000, 0.234022, 0.000000
0.234183, 0.498030, 0.205749, 0.453004
0.234376, 0.726215, 0.168452, 0.617635
0.234525, 0.848218, -0.670712, -0.117580
0.235359, 0.432799, 0.211462, 0.398154
0.236636, 0.086685, 0.234633, 0.085048
0.236893, 0.212658, 0.227429, 0.203734
0.237502, 0.321455, 0.220805, 0.301440
0.238464, 0.953503, -0.674041, -0.036673
0.239029, 0.890673, -0.671566, -0.085922
0.240356, 0.185926, 0.232080, 0.178681
0.240367, 0.977639, -0.673442, -0.017673
0.240414, 0.655339, 0.197073, 0.578912
0.240606, 0.109986, 0.236971, 0.107270
0.240872, 0.476434, 0.213016, 0.434274
0.241151, 0.388418, 0.219610, 0.359691
0.241409, 0.587240, 0.204736, 0.525362
0.242639, 0.521114, 0.211313, 0.471691
0.242664, 0.827510, -0.663965, -0.135098
0.244314, 0.804762, -0.677168, -0.170352
0.244469, 0.163612, 0.237452, 0.157871
0.245599, 0.023221, 0.244549, 0.022832
0.246031, 0.931077, -0.667841, -0.054547
0.246459, 0.066664, 0.244249, 0.065284
0.247191, 0.255856, 0.233827, 0.242224
0.247460, 0.278862, 0.232443, 0.262763
0.247665, 0.135763, 0.241757, 0.131367
0.248323, 0.780111, -0.657421, -0.175665
0.248851, 0.343579, 0.229502, 0.320128
0.248873, 0.701754, 0.241476, 0.656208
0.248980, 0.631843, 0.206402, 0.559877
0.249165, 0.750157, -0.234691, 0.210220
0.249365, 0.545226, 0.215077, 0.491016
0.250722, 0.454288, 0.223287, 0.415146
0.250845, 0.411037, 0.226604, 0.378475
0.251293, 0.303718, 0.234263, 0.284672
0.251725, 0.868498, -0.660092, -0.103874
0.254036, 1.000000, -0.663320, 0.000000
0.254643, 0.609994, 0.213503, 0.542283
0.256243, 0.674153, 0.204398, 0.588214
0.256551, 0.910112, -0.659015, -0.071493
0.257238, 0.725989, 0.330500, 0.753755
0.257253, 0.228241, 0.244657, 0.216470
0.257346, 0.568316, 0.219732, 0.509032
0.257748, 0.367277, 0.235782, 0.340170
0.257962, 0.202572, 0.246960, 0.192974
0.258168, 0.500090, 0.226117, 0.452831
0.259056, 0.044574, 0.256096, 0.043485
0.259307, 0.000000, 0.256671, 0.000000
0.260415, 0.955847, -0.657149, -0.035278
0.261058, 0.845569, -0.651214, -0.122287
0.262083, 0.090180, 0.257133, 0.087346
0.262290, 0.432673, 0.235012, 0.396021
0.262893, 0.116893, 0.256374, 0.112717
0.264495, 0.154956, 0.255804, 0.148511
0.265756, 0.478457, 0.234359, 0.434178
0.265812, 0.323386, 0.246134, 0.301325
0.266409, 0.649085, 0.217627, 0.570540
0.266890, 0.767218, -0.597463, -0.141715
0.266944, 0.888754, -0.650065, -0.088910
0.266955, 0.524321, 0.231548, 0.472137
0.267202, 0.820378, -0.645177, -0.143089
0.267245, 0.389905, 0.242539, 0.359047
0.267511, 0.180911, 0.257163, 0.172585
0.267542, 0.592616, 0.225845, 0.527456
0.268199, 0.796131, -0.647493, -0.167660
0.268251, 0.978363, -0.652172, -0.017379
0.268970, 0.248564, 0.253907, 0.234159
0.271093, 0.293725, 0.252657, 0.274396
0.271633, 0.932642, -0.648315, -0.054120
0.272014, 0.022053, 0.267722, 0.021392
0.272062, 0.692038, 0.191617, 0.575565
0.272066, 0.271676, 0.255308, 0.254912
0.272927, 0.066737, 0.267536, 0.064480
0.274413, 0.456410, 0.243591, 0.415008
0.274576, 0.547593, 0.235777, 0.490388
0.274587, 0.347239, 0.252162, 0.321514
0.275392, 0.622454, 0.230510, 0.551822
0.276787, 0.740812, -0.741457, -0.323420
0.276850, 0.713463, 0.069817, 0.460752
0.277480, 0.136693, 0.268348, 0.130697
0.277505, 0.865587, -0.640351, -0.107859
0.277545, 0.411715, 0.249909, 0.376956
0.278587, 0.208805, 0.265412, 0.197627
0.281569, 1.000000, -0.641772, 0.000000
0.281645, 0.571977, 0.238992, 0.509056
0.282219, 0.670004, 0.219334, 0.575846
0.282575, 0.503016, 0.246687, 0.453326
0.282837, 0.107162, 0.274531, 0.102574
0.283509, 0.910221, -0.638321, -0.072531
0.284252, 0.369850, 0.258978, 0.340399
0.284989, 0.955516, -0.638250, -0.036034
0.285054, 0.231719, 0.269447, 0.217885
0.285054, 0.839298, -0.632682, -0.129120
0.285439, 0.043929, 0.279164, 0.042292
0.285876, 0.000000, 0.279885, 0.000000
0.286379, 0.308116, 0.265368, 0.286183
0.286740, 0.163907, 0.275300, 0.155696
0.287421, 0.786447, -0.624320, -0.169132
0.288043, 0.434002, 0.257209, 0.394995
0.288871, 0.762497, -0.619086, -0.186286
0.289041, 0.598976, 0.240313, 0.527899
0.289865, 0.481418, 0.254756, 0.434703
0.290073, 0.085487, 0.281815, 0.081777
0.290418, 0.644708, 0.243501, 0.570912
0.291515, 0.813647, -0.626127, -0.150428
0.292012, 0.526249, 0.252450, 0.471473
0.292615, 0.189367, 0.278912, 0.178788
0.292776, 0.330239, 0.269588, 0.305383
0.292842, 0.257824, 0.274761, 0.241033
0.292989, 0.887326, -0.629771, -0.091371
0.294213, 0.391619, 0.265978, 0.358335
0.295490, 0.978149, -0.630812, -0.017815
0.296874, 0.457529, 0.262687, 0.413867
0.297090, 0.283838, 0.276781, 0.264047
0.297617, 0.125429, 0.286789, 0.119141
0.297626, 0.693809, 0.121272, 0.477025
0.297738, 0.932217, -0.627985, -0.055240
0.298259, 0.721911, -0.607342, -0.223606
0.298611, 0.021448, 0.290882, 0.020536
0.298750, 0.550787, 0.255700, 0.490749
0.300603, 0.860108, -0.622222, -0.113662
0.300675, 0.063938, 0.291921, 0.061033
0.300970, 0.621485, 0.240970, 0.537707
0.302113, 0.352127, 0.276183, 0.323826
0.303875, 0.147904, 0.291256, 0.139841
0.303994, 0.213993, 0.287739, 0.200781
0.304024, 0.575830, 0.258229, 0.511055
0.304125, 0.413151, 0.272784, 0.375850
0.304271, 0.745447, -0.623245, -0.219282
0.305316, 0.666707, 0.266887, 0.600147
0.308522, 0.504957, 0.268329, 0.452472
0.308881, 1.000000, -0.620226, 0.000000
0.309144, 0.794786, -0.609816, -0.165913
0.309279, 0.835188, -0.613695, -0.134194
0.309376, 0.238680, 0.290617, 0.222592
0.309697, 0.104971, 0.298314, 0.099448
0.309794, 0.308409, 0.286215, 0.284885
0.310349, 0.955749, -0.618465, -0.036327
0.310394, 0.909002, -0.617367, -0.074577
0.311251, 0.771441, -0.604111, -0.182792
0.311336, 0.172571, 0.296600, 0.162320
0.312089, 0.374032, 0.283157, 0.341983
0.312578, 0.041585, 0.302782, 0.039549
0.312902, 0.000000, 0.303317, 0.000000
0.312991, 0.480008, 0.274428, 0.431282
0.313525, 0.599034, 0.267428, 0.532394
0.313550, 0.434674, 0.278963, 0.393134
0.315339, 0.879893, -0.611792, -0.098487
0.315768, 0.641776, 0.225763, 0.526172
0.315896, 0.264645, 0.294714, 0.245546
0.316220, 0.530481, 0.271922, 0.472180
0.317572, 0.084346, 0.306052, 0.079831
0.318834, 0.331856, 0.292372, 0.304780
0.319123, 0.456344, 0.281706, 0.410754
0.319176, 0.196078, 0.301995, 0.183332
0.319313, 0.813869, -0.604175, -0.152062
0.319415, 0.709494, -0.634788, -0.277119
0.322094, 0.395993, 0.289970, 0.359950
0.322208, 0.684443, -0.315877, 0.009225
0.322436, 0.128827, 0.308599, 0.121244
0.322517, 0.978261, -0.609324, -0.017965
0.322703, 0.555069, 0.274091, 0.490678
0.323263, 0.933398, -0.607845, -0.054990
0.323589, 0.288739, 0.299746, 0.266414
0.324182, 0.734267, -0.587794, -0.211213
0.325578, 0.855542, -0.602349, -0.118852
0.326201, 0.020270, 0.314801, 0.019176
0.327357, 0.061448, 0.315171, 0.058010
0.327531, 0.618471, 0.293150, 0.562444
0.328045, 0.577966, 0.274640, 0.507108
0.328797, 0.154123, 0.312843, 0.144328
0.328872, 0.354788, 0.299322, 0.323954
0.329563, 0.221301, 0.309868, 0.205785
0.329610, 0.759076, -0.592525, -0.198046
0.330568, 0.660488, 0.132408, 0.429205
0.330960, 0.895508, -0.599976, -0.086406
0.331782, 0.418375, 0.296278, 0.378059
0.332554, 0.491868, 0.289632, 0.439057
0.333030, 0.787343, -0.590460, -0.173890
0.333260, 0.244976, 0.311194, 0.226616
0.334591, 0.515633, 0.288789, 0.458277
0.335389, 0.108056, 0.320447, 0.101291
0.335467, 0.311864, 0.308484, 0.285982
0.336197, 1.000000, -0.598427, 0.000000
0.336529, 0.956482, -0.597692, -0.036182
0.336655, 0.833828, -0.592083, -0.137205
0.337058, 0.177592, 0.318891, 0.165475
0.338176, 0.466563, 0.296811, 0.417394
0.339348, 0.377651, 0.306493, 0.342801
0.339432, 0.916104, -0.594288, -0.069736
0.340205, 0.039851, 0.326702, 0.037464
0.340243, 0.596660, 0.278531, 0.516828
0.340434, 0.270165, 0.315826, 0.248684
0.340473, 0.441724, 0.301445, 0.396821
0.340735, 0.000000, 0.327460, 0.000000
0.341799, 0.540753, 0.291771, 0.477648
0.342147, 0.082467, 0.327281, 0.077259
0.342293, 0.872772, -0.589923, -0.105634
0.342309, 0.636401, 0.361332, 0.631341
0.342832, 0.811122, -0.585516, -0.156070
0.342893, 0.698479, -0.535435, -0.208385
0.343883, 0.202711, 0.323179, 0.187826
0.344250, 0.722484, -0.583968, -0.235434
0.345212, 0.334978, 0.315133, 0.305405
0.345859, 0.136032, 0.328684, 0.126862
0.348217, 0.566793, 0.293477, 0.496999
0.349192, 0.400769, 0.312875, 0.361646
0.349260, 0.676530, -0.628561, -0.325909
0.349703, 0.978586, -0.587476, -0.017921
0.350115, 0.745691, -0.572146, -0.207803
0.350917, 0.292080, 0.323407, 0.267336
0.351546, 0.937075, -0.585190, -0.052641
0.352056, 0.771292, -0.575348, -0.189387
0.353505, 0.850094, -0.579939, -0.124953
0.354031, 0.059622, 0.338128, 0.055668
0.354601, 0.020082, 0.339383, 0.018785
0.355371, 0.358204, 0.321967, 0.324657
0.355383, 0.158701, 0.335852, 0.147200
0.355711, 0.616636, 0.266838, 0.508578
0.355885, 0.653221, -0.460511, -0.192591
0.355928, 0.475919, 0.310686, 0.423266
0.356075, 0.894388, -0.579855, -0.088356
0.356086, 0.498873, 0.308343, 0.442159
0.356248, 0.250889, 0.330949, 0.230371
0.356298, 0.228089, 0.332621, 0.210026
0.358026, 0.425025, 0.318048, 0.381247
0.359081, 0.796622, -0.571349, -0.169007
0.359294, 0.099523, 0.341260, 0.092471
0.359982, 0.522029, 0.308487, 0.460062
0.360120, 0.121538, 0.341432, 0.112808
0.361282, 0.183633, 0.339601, 0.169582
0.361597, 0.590189, 0.295445, 0.507279
0.361677, 0.314728, 0.331034, 0.286411
0.363688, 1.000000, -0.576247, 0.000000
0.363761, 0.451915, 0.319927, 0.402811
0.364139, 0.825531, -0.569701, -0.145841
0.364343, 0.958328, -0.575295, -0.035081
0.365369, 0.709599, -0.550745, -0.232805
0.366056, 0.381912, 0.329038, 0.344042
0.366379, 0.545537, 0.308883, 0.476142
0.366613, 0.916265, -0.572472, -0.070474
0.367148, 0.271372, 0.339139, 0.247897
0.367542, 0.208605, 0.343390, 0.191685
0.368239, 0.871720, -0.569189, -0.107781
0.368651, 0.040118, 0.351225, 0.037295
0.368780, 0.000000, 0.351701, 0.000000
0.369231, 0.076857, 0.350747, 0.071282
0.370599, 0.688870, -0.567098, -0.272400
0.371222, 0.730868, -0.556420, -0.224138
0.371306, 0.337778, 0.337430, 0.305646
0.372537, 0.567208, 0.305258, 0.486707
0.372549, 0.635932, -0.378359, -0.140758
0.373845, 0.755313, -0.555654, -0.203460
0.374970, 0.664781, -0.534370, -0.266951
0.374995, 0.406129, 0.334286, 0.363678
0.375176, 0.142974, 0.353925, 0.131935
0.376124, 0.779243, -0.556737, -0.184782
0.376685, 0.477892, 0.327759, 0.422739
0.377363, 0.293131, 0.346337, 0.266277
0.377614, 0.979346, -0.564805, -0.017493
0.378337, 0.848312, -0.560116, -0.127883
0.379011, 0.937657, -0.562997, -0.052788
0.379329, 0.245881, 0.351467, 0.224412
0.379478, 0.609508, 0.243064, 0.450756
0.379714, 0.503390, 0.327335, 0.443193
0.380317, 0.168284, 0.356996, 0.154661
0.381052, 0.361856, 0.343627, 0.325483
0.381352, 0.805876, -0.554551, -0.163196
0.381461, 0.894252, -0.559515, -0.089473
0.381568, 0.432431, 0.337078, 0.384992
0.382844, 0.020233, 0.363698, 0.018722
0.383175, 0.117831, 0.361609, 0.108526
0.383488, 0.096217, 0.362398, 0.088677
0.383692, 0.058841, 0.363799, 0.054359
0.385116, 0.528834, 0.330141, 0.464487
0.385401, 0.194365, 0.360000, 0.177964
0.386191, 0.223490, 0.358741, 0.203928
0.386231, 0.584648, 0.290009, 0.474737
0.387285, 0.314751, 0.353076, 0.284298
0.389156, 0.457127, 0.340456, 0.404302
0.390392, 0.709828, -0.537965, -0.241989
0.391409, 0.269875, 0.360198, 0.244778
0.391591, 1.000000, -0.553458, 0.000000
0.391961, 0.827147, -0.547624, -0.146309
0.392033, 0.958756, -0.552785, -0.035131
0.392115, 0.386842, 0.350485, 0.345537
0.392873, 0.554526, 0.349632, 0.500276
0.393360, 0.916389, -0.550781, -0.071177
0.393565, 0.871718, -0.548759, -0.108972
0.393637, 0.682449, -0.533245, -0.265500
0.393793, 0.653018, -0.504330, -0.264257
0.394154, 0.737283, -0.538603, -0.220715
0.395696, 0.337219, 0.358252, 0.302925
0.396570, 0.627385, -0.587359, -0.373465
0.396750, 0.000000, 0.375714, 0.000000
0.397559, 0.039791, 0.376111, 0.036607
0.398079, 0.762784, -0.537455, -0.199900
0.398150, 0.078802, 0.375825, 0.072379
0.398587, 0.786426, -0.539246, -0.180616
0.398646, 0.483613, 0.344932, 0.424611
0.398939, 0.413466, 0.353465, 0.367173
0.400391, 0.131087, 0.375843, 0.119925
0.400638, 0.154365, 0.375131, 0.141026
0.403099, 0.509149, 0.344908, 0.444157
0.403290, 0.291794, 0.368713, 0.263058
0.403685, 0.849858, -0.539610, -0.127949
0.404135, 0.359687, 0.363241, 0.321281
0.404294, 0.248611, 0.373046, 0.225222
0.404633, 0.601435, -0.160980, 0.016680
0.404716, 0.178907, 0.377479, 0.162967
0.405592, 0.979487, -0.541916, -0.017575
0.406279, 0.937824, -0.540752, -0.053243
0.406695, 0.438554, 0.357084, 0.387066
0.406736, 0.204823, 0.377639, 0.185997
0.406881, 0.575968, 0.431077, 0.586857
0.407157, 0.894621, -0.538692, -0.090127
0.407704, 0.103470, 0.383157, 0.094561
0.408625, 0.806147, -0.532526, -0.164890
0.409167, 0.534553, 0.344003, 0.460879
0.410522, 0.227953, 0.379465, 0.206348
0.411212, 0.020164, 0.388036, 0.018470
0.412107, 0.060089, 0.388313, 0.054977
0.412373, 0.314872, 0.374525, 0.282302
0.413063, 0.723445, -0.521889, -0.233566
0.413091, 0.697372, -0.519502, -0.255427
0.413363, 0.669127, -0.509246, -0.271482
0.413882, 0.463622, 0.359817, 0.406497
0.414439, 0.379464, 0.369993, 0.337029
0.416851, 0.643221, -0.528226, -0.317590
0.417679, 0.750760, -0.520904, -0.211724
0.417962, 0.269418, 0.383025, 0.242400
0.418575, 0.828036, -0.526013, -0.147168
0.418627, 0.401067, 0.371229, 0.354700
0.419545, 1.000000, -0.530496, 0.000000
0.419624, 0.873308, -0.527530, -0.108773
0.419693, 0.958879, -0.530102, -0.035418
0.419695, 0.558476, 0.349442, 0.476515
0.420174, 0.617057, -0.427433, -0.244818
0.420175, 0.916550, -0.528823, -0.071811
0.420730, 0.338639, 0.379397, 0.301892
0.421539, 0.778901, -0.520057, -0.188608
0.421580, 0.489463, 0.362977, 0.426583
0.422462, 0.120582, 0.395219, 0.109565
0.423813, 0.083415, 0.397659, 0.075899
0.424497, 0.143360, 0.396020, 0.129992
0.424668, 0.000000, 0.399651, 0.000000
0.425702, 0.040764, 0.400278, 0.037142
0.425819, 0.423446, 0.374605, 0.372386
0.425876, 0.166133, 0.396226, 0.150384
0.426602, 0.514790, 0.367733, 0.450205
0.427800, 0.851461, -0.519851, -0.127809
0.428126, 0.190974, 0.396860, 0.172443
0.428153, 0.587694, -0.525243, -0.379491
0.429152, 0.293717, 0.390300, 0.262455
0.430982, 0.360878, 0.385746, 0.319688
0.431577, 0.216037, 0.398319, 0.194476
0.431652, 0.242943, 0.396634, 0.218186
0.432227, 0.802884, -0.513319, -0.169293
0.432702, 0.446688, 0.377285, 0.390435
0.433550, 0.979458, -0.518875, -0.017793
0.433556, 0.938072, -0.518313, -0.053602
0.433657, 0.683302, -0.499376, -0.266864
0.433725, 0.895194, -0.516909, -0.090581
0.433996, 0.539788, 0.407957, 0.506317
0.435092, 0.710533, -0.503005, -0.246621
0.436186, 0.734697, -0.504524, -0.226637
0.437268, 0.658885, -0.500004, -0.293436
0.437322, 0.319035, 0.394987, 0.283506
0.437507, 0.102819, 0.408842, 0.093064
0.438655, 0.063350, 0.410924, 0.057410
0.438950, 0.470643, 0.379002, 0.408716
0.439008, 0.020725, 0.411826, 0.018804
0.439481, 0.384640, 0.390341, 0.338738
0.439514, 0.632871, -0.475472, -0.295300
0.440008, 0.761659, -0.503829, -0.204558
0.440731, 0.265616, 0.402484, 0.237225
0.440765, 0.606329, -0.491577, -0.337770
0.441582, 0.567788, -0.269917, -0.155129
0.442878, 0.825394, -0.506026, -0.150846
0.445284, 0.495495, 0.381236, 0.428227
0.445542, 0.407403, 0.392665, 0.356823
0.446328, 0.873502, -0.505580, -0.109738
0.446946, 0.126384, 0.416079, 0.113895
0.447114, 0.342634, 0.400947, 0.302628
0.447139, 0.917247, -0.506573, -0.071955
0.447442, 1.000000, -0.507427, 0.000000
0.447472, 0.958818, -0.507132, -0.035848
0.448419, 0.846593, -0.502251, -0.132936
0.448616, 0.784714, -0.498671, -0.185821
0.448726, 0.149697, 0.416441, 0.134600
0.449473, 0.173867, 0.415928, 0.156060
0.450455, 0.520011, 0.389083, 0.453941
0.450920, 0.285709, 0.409484, 0.253803
0.451938, 0.198658, 0.416667, 0.177860
0.452131, 0.000000, 0.423105, 0.000000
0.452217, 0.084526, 0.421920, 0.076181
0.452472, 0.430068, 0.395452, 0.374428
0.452491, 0.042744, 0.423089, 0.038578
0.453738, 0.696010, -0.485673, -0.259751
0.453797, 0.224158, 0.416610, 0.200140
0.456359, 0.545865, -0.188597, -0.107531
0.456580, 0.307258, 0.412249, 0.271708
0.456628, 0.366730, 0.406342, 0.321852
0.458169, 0.744230, -0.487403, -0.220618
0.458219, 0.590570, -0.459344, -0.335790
0.458564, 0.246783, 0.419013, 0.219534
0.458570, 0.453223, 0.397344, 0.392343
0.459319, 0.646504, -0.472355, -0.297584
0.459334, 0.672509, -0.480536, -0.281438
0.459429, 0.808224, -0.491221, -0.166493
0.460133, 0.896278, -0.495103, -0.090552
0.460217, 0.721177, -0.483639, -0.240107
0.460669, 0.618871, -0.474609, -0.327004
0.461212, 0.938129, -0.495360, -0.054110
0.461451, 0.979337, -0.495721, -0.018085
0.463791, 0.477226, 0.398963, 0.411546
0.464431, 0.107739, 0.431678, 0.096618
0.465147, 0.390484, 0.410661, 0.340563
0.465455, 0.328922, 0.417611, 0.289267
0.465654, 0.569522, -0.447388, -0.350525
0.465822, 0.021336, 0.434615, 0.019173
0.465934, 0.064714, 0.434135, 0.058104
0.466409, 0.857546, -0.487921, -0.124349
0.466828, 0.765825, -0.482135, -0.203126
0.468408, 0.268625, 0.425575, 0.237660
0.469548, 0.501732, 0.410313, 0.440340
0.470764, 0.831745, -0.483193, -0.146923
0.471495, 0.131629, 0.436851, 0.117632
0.471750, 0.155829, 0.435691, 0.138977
0.472319, 0.413284, 0.413575, 0.358207
0.472748, 0.180660, 0.435264, 0.160811
0.473540, 0.526621, -0.136195, -0.088225
0.474218, 0.351407, 0.422467, 0.307175
0.474609, 0.917343, -0.483697, -0.072601
0.474923, 0.788440, -0.477307, -0.184499
0.474940, 0.878391, -0.481879, -0.106609
0.475044, 0.205910, 0.435691, 0.182793
0.475218, 1.000000, -0.484304, 0.000000
0.475346, 0.958593, -0.483919, -0.036417
0.475384, 0.698689, -0.468608, -0.260009
0.476837, 0.291992, 0.430688, 0.256985
0.478590, 0.088368, 0.444279, 0.078932
0.478801, 0.436016, 0.415905, 0.375823
0.479001, 0.042978, 0.445550, 0.038431
0.479179, 0.000000, 0.446047, 0.000000
0.479363, 0.229091, 0.437808, 0.202695
0.479869, 0.603800, -0.451980, -0.335999
0.480166, 0.631953, -0.458668, -0.316742
0.480982, 0.551604, -0.436537, -0.370663
0.481618, 0.656525, -0.458437, -0.294801
0.481937, 0.742267, -0.467651, -0.224247
0.483381, 0.374542, 0.427315, 0.325247
0.483477, 0.679199, -0.460421, -0.277355
0.483741, 0.459888, 0.418699, 0.396384
0.484205, 0.314411, 0.434549, 0.275194
0.485437, 0.719022, -0.462615, -0.244119
0.485764, 0.810593, -0.469632, -0.166082
0.485933, 0.251645, 0.441548, 0.221655
0.486933, 0.579153, -0.444172, -0.357954
0.488332, 0.854322, -0.469558, -0.128171
0.488459, 0.483910, 0.427764, 0.423524
0.488887, 0.898045, -0.471045, -0.089926
0.489045, 0.937779, -0.472101, -0.054968
0.489233, 0.979082, -0.472515, -0.018494
0.491153, 0.113124, 0.453790, 0.100436
0.491441, 0.065395, 0.455641, 0.058185
0.491729, 0.767242, -0.461783, -0.203841
0.492078, 0.397239, 0.431465, 0.342602
0.492573, 0.021652, 0.457237, 0.019277
0.493070, 0.336711, 0.439579, 0.292970
0.493515, 0.508638, -0.168297, -0.154624
0.494316, 0.163233, 0.454237, 0.144367
0.494567, 0.275235, 0.446814, 0.241134
0.495127, 0.138780, 0.456460, 0.122968
0.495711, 0.188696, 0.453989, 0.166511
0.496890, 0.532865, -0.406569, -0.373053
0.497483, 0.832811, -0.461128, -0.147451
0.499466, 0.419246, 0.434062, 0.358970
0.499693, 0.621689, -0.440264, -0.325955
0.500567, 0.211647, 0.456668, 0.186128
0.500829, 0.788578, -0.455775, -0.186117
0.501232, 0.359036, 0.443522, 0.310353
0.501391, 0.876186, -0.459820, -0.109607
0.502380, 0.697784, -0.446773, -0.263634
0.502774, 1.000000, -0.461226, 0.000000
0.502924, 0.087909, 0.464617, 0.077817
0.503140, 0.917715, -0.459737, -0.073006
0.503155, 0.559464, -0.428198, -0.375534
0.503174, 0.298734, 0.451845, 0.260265
0.503180, 0.958013, -0.460585, -0.037296
0.503810, 0.646907, -0.440424, -0.306346
0.504011, 0.443323, 0.436321, 0.379631
0.504024, 0.595787, -0.433697, -0.347762
0.505316, 0.044017, 0.467725, 0.038997
0.505475, 0.234701, 0.459154, 0.205648
0.505703, 0.671300, -0.441298, -0.286046
0.506045, 0.000000, 0.468710, 0.000000
0.506140, 0.748970, -0.448188, -0.220492
0.506873, 0.725887, -0.445519, -0.240186
0.508855, 0.467399, 0.459904, 0.421327
0.510901, 0.381955, 0.448411, 0.327735
0.511274, 0.321385, 0.456006, 0.278271
0.511661, 0.812739, -0.448104, -0.165751
0.511905, 0.258216, 0.462514, 0.225174
0.512695, 0.491667, -0.132688, -0.151748
0.513181, 0.853991, -0.448868, -0.129619
0.515643, 0.107662, 0.474632, 0.094803
0.516265, 0.896514, -0.448078, -0.092178
0.516640, 0.174040, 0.472264, 0.152588
0.516696, 0.978970, -0.449430, -0.018777
0.517344, 0.576906, -0.420324, -0.364532
0.517354, 0.937073, -0.448257, -0.056146
0.517628, 0.066943, 0.477626, 0.059011
0.517696, 0.128821, 0.475742, 0.113266
0.517958, 0.516451, -0.396645, -0.398053
0.518850, 0.021846, 0.479301, 0.019266
0.519018, 0.539974, -0.410288, -0.390693
0.519357, 0.152168, 0.476155, 0.133576
0.520438, 0.402503, 0.451997, 0.341744
0.520538, 0.768109, -0.437750, -0.205130
0.520573, 0.282410, 0.467564, 0.244873
0.520682, 0.343768, 0.461326, 0.295841
0.520828, 0.612745, -0.422296, -0.336116
0.522242, 0.194726, 0.475870, 0.170163
0.523212, 0.710316, -0.430799, -0.254986
0.524295, 0.793404, -0.436272, -0.183392
0.524398, 0.427312, 0.449414, 0.358840
0.524548, 0.636019, -0.422082, -0.317443
0.525067, 0.832349, -0.437854, -0.149257
0.526061, 0.217570, 0.477550, 0.189518
0.526387, 0.684120, -0.425751, -0.277495
0.527564, 0.366341, 0.463342, 0.312674
0.528355, 0.875476, -0.436972, -0.111254
0.528811, 0.659953, -0.421357, -0.298126
0.529122, 0.451888, 0.463317, 0.392137
0.529234, 0.740402, -0.428094, -0.229600
0.529972, 0.305954, 0.473057, 0.263662
0.530172, 1.000000, -0.438117, 0.000000
0.530444, 0.089582, 0.487712, 0.078546
0.530663, 0.957938, -0.437408, -0.037729
0.530966, 0.240928, 0.479759, 0.209015
0.531025, 0.044225, 0.489225, 0.038815
0.531138, 0.915136, -0.436094, -0.076034
0.531803, 0.557072, -0.405362, -0.381699
0.532864, 0.000000, 0.491217, 0.000000
0.533407, 0.594211, -0.409724, -0.352706
0.533546, 0.477032, -0.223777, -0.275228
0.536373, 0.502298, -0.380385, -0.412195
0.536981, 0.264781, 0.482441, 0.228538
0.538230, 0.854778, -0.427800, -0.130054
0.538303, 0.328356, 0.476882, 0.280863
0.540596, 0.812735, -0.423554, -0.167355
0.540983, 0.171192, 0.493240, 0.148936
0.541217, 0.115604, 0.495722, 0.100831
0.541218, 0.384591, 0.470530, 0.324140
0.541692, 0.142733, 0.495145, 0.124326
0.541775, 0.529978, -0.393713, -0.404751
0.542970, 0.719541, -0.414903, -0.248671
0.543223, 0.066545, 0.498988, 0.058115
0.543728, 0.783684, -0.419246, -0.193130
0.544058, 0.978916, -0.426273, -0.019007
0.544319, 0.936346, -0.425480, -0.057341
0.544386, 0.618937, -0.403854, -0.333828
0.544405, 0.410914, 0.460226, 0.335929
0.544478, 0.892248, -0.424081, -0.096900
0.545017, 0.022048, 0.501112, 0.019258
0.545762, 0.694540, -0.410518, -0.270416
0.545839, 0.760093, -0.416006, -0.213949
0.545875, 0.197843, 0.495274, 0.171368
0.546600, 0.288838, 0.488019, 0.247699
0.546711, 0.575193, -0.396487, -0.369760
0.547346, 0.354449, 0.482904, 0.302869
0.549131, 0.643531, -0.402804, -0.313975
0.549332, 0.435896, 0.438641, 0.334512
0.550642, 0.223315, 0.497291, 0.192616
0.551303, 0.837249, -0.415759, -0.146220
0.552587, 0.668790, -0.402664, -0.293150
0.553357, 0.461337, -0.252068, -0.335926
0.554055, 0.089925, 0.507210, 0.078129
0.555678, 0.551427, -0.386453, -0.390438
0.555760, 0.248068, 0.499346, 0.212975
0.556518, 0.737666, -0.404936, -0.234078
0.556976, 0.044611, 0.510818, 0.038781
0.557066, 0.868024, -0.412164, -0.118991
0.557425, 0.914124, -0.413824, -0.077658
0.557435, 1.000000, -0.414982, 0.000000
0.557731, 0.957538, -0.414444, -0.038452
0.557736, 0.486851, -0.364756, -0.430900
0.557838, 0.308530, 0.495194, 0.262834
0.558102, 0.510995, -0.376748, -0.420813
0.558563, 0.598652, -0.389928, -0.352252
0.559743, 0.000000, 0.513622, 0.000000
0.560899, 0.332652, 0.493876, 0.281196
0.561542, 0.272798, 0.501513, 0.232915
0.561956, 0.799543, -0.404814, -0.180304
0.562817, 0.158400, 0.511755, 0.136731
0.564514, 0.132351, 0.514393, 0.114329
0.564544, 0.397143, 0.477593, 0.321561
0.564586, 0.371444, 0.499106, 0.319211
0.565526, 0.183873, 0.512488, 0.158271
0.565863, 0.110205, 0.516275, 0.095251
0.566332, 0.711527, -0.394603, -0.257552
0.567765, 0.623703, -0.385180, -0.332521
0.567923, 0.820497, -0.400870, -0.162009
0.568450, 0.687607, -0.390829, -0.278389
0.568473, 0.776947, -0.397733, -0.200622
0.568764, 0.068015, 0.520145, 0.058827
0.569613, 0.530004, -0.371865, -0.408958
0.569851, 0.891336, -0.402557, -0.098604
0.569856, 0.421279, 0.356915, 0.222646
0.570513, 0.209477, 0.514618, 0.179523
0.570903, 0.022036, 0.522498, 0.019058
0.570917, 0.935701, -0.402844, -0.058465
0.570931, 0.576434, -0.377269, -0.372087
0.571167, 0.978812, -0.403215, -0.019286
0.572583, 0.649297, -0.383852, -0.311514
0.572820, 0.754275, -0.392357, -0.220790
0.573445, 0.447111, -0.352934, -0.468638
0.573559, 0.846934, -0.397485, -0.138686
0.575279, 0.348631, 0.501944, 0.290861
0.575498, 0.234946, 0.516565, 0.200403
0.576842, 0.473882, -0.353721, -0.449796
0.576906, 0.291101, 0.512440, 0.246575
0.579125, 0.554298, -0.367743, -0.391040
0.579845, 0.261122, 0.517711, 0.221689
0.580706, 0.728253, -0.383817, -0.244222
0.580760, 0.502728, -0.359044, -0.432107
0.580808, 0.090770, 0.529359, 0.078081
0.581500, 0.318895, 0.512907, 0.268764
0.582126, 0.671044, -0.377937, -0.293931
0.582181, 0.045095, 0.531602, 0.038819
0.582444, 0.601598, -0.370701, -0.352658
0.583116, 0.870148, -0.390445, -0.118254
0.583519, 0.913429, -0.391536, -0.078999
0.584488, 0.957377, -0.391627, -0.038967
0.584542, 1.000000, -0.391865, 0.000000
0.585216, 0.144735, 0.530550, 0.123895
0.585934, 0.385724, 0.540062, 0.354193
0.586542, 0.170900, 0.530315, 0.145989
0.586920, 0.000000, 0.536158, 0.000000
0.587402, 0.798408, -0.382965, -0.182811
0.589762, 0.116787, 0.535824, 0.099992
0.589982, 0.699428, -0.373587, -0.270040
0.590021, 0.824804, -0.382302, -0.159388
0.590441, 0.628287, -0.366822, -0.331111
0.590489, 0.196152, 0.531842, 0.166943
0.591626, 0.406912, -0.005123, -0.171308
0.592312, 0.529422, -0.353958, -0.412960
0.592768, 0.773279, -0.376684, -0.205441
0.593449, 0.365837, 0.502854, 0.291455
0.593853, 0.431438, -0.368636, -0.519596
0.594337, 0.067951, 0.541214, 0.058187
0.595289, 0.579612, -0.357581, -0.372327
0.595401, 0.221323, 0.533795, 0.187501
0.596211, 0.022269, 0.543189, 0.019064
0.596258, 0.748168, -0.371921, -0.227853
0.596455, 0.891672, -0.379680, -0.099177
0.596669, 0.457263, -0.342946, -0.472940
0.597207, 0.935726, -0.380355, -0.058989
0.598001, 0.341325, 0.537037, 0.298645
0.598182, 0.978589, -0.380124, -0.019677
0.598395, 0.483636, -0.342643, -0.449989
0.598865, 0.651292, -0.362011, -0.312433
0.599101, 0.849684, -0.375671, -0.137396
0.599316, 0.273960, 0.531933, 0.230278
0.599431, 0.246787, 0.534743, 0.208055
0.600352, 0.554814, -0.350402, -0.393173
0.600428, 0.297908, 0.530260, 0.249641
0.602343, 0.721248, -0.364880, -0.252086
0.604550, 0.091539, 0.548656, 0.077965
0.604786, 0.510097, -0.341342, -0.430085
0.605306, 0.607834, -0.352232, -0.349846
0.605416, 0.677278, -0.358785, -0.290694
0.605682, 0.319872, 0.524303, 0.259311
0.607028, 0.135608, 0.548633, 0.115099
0.607446, 0.045824, 0.552243, 0.039047
0.608104, 0.160820, 0.548235, 0.136217
0.609657, 0.914401, -0.369086, -0.078830
0.609882, 0.869654, -0.367433, -0.119790
0.611189, 0.809097, -0.363228, -0.174668
0.611352, 0.956924, -0.368587, -0.039761
0.611441, 1.000000, -0.368832, 0.000000
0.611488, 0.185268, 0.549477, 0.156407
0.612333, 0.386513, 0.037985, -0.165630
0.613669, 0.786663, -0.359640, -0.194890
0.613933, 0.832889, -0.361935, -0.153267
0.614432, 0.000000, 0.558731, 0.000000
0.614921, 0.413327, -0.303077, -0.490434
0.615896, 0.111005, 0.557026, 0.094013
0.615934, 0.209662, 0.551210, 0.176260
0.615951, 0.699441, -0.351523, -0.272263
0.616073, 0.630719, -0.345439, -0.331590
0.616850, 0.439389, -0.323037, -0.488561
0.617031, 0.537665, -0.334762, -0.409301
0.617298, 0.359910, 0.640060, 0.402234
0.617701, 0.589126, -0.339854, -0.366783
0.617824, 0.763745, -0.354472, -0.215564
0.619352, 0.740887, -0.351579, -0.235973
0.619790, 0.464928, -0.323647, -0.468346
0.619947, 0.069944, 0.562058, 0.059257
0.620321, 0.234344, 0.552576, 0.196041
0.620345, 0.022632, 0.562806, 0.019183
0.620364, 0.565682, -0.334993, -0.386420
0.620906, 0.489472, -0.325716, -0.448753
0.621521, 0.260260, 0.550573, 0.216596
0.622077, 0.893355, -0.357606, -0.098512
0.622390, 0.657392, -0.342510, -0.309339
0.623276, 0.285240, 0.550053, 0.237353
0.624151, 0.935155, -0.357142, -0.060083
0.624439, 0.335966, 0.495673, 0.229422
0.624995, 0.978270, -0.357111, -0.020169
0.626661, 0.309379, 0.553539, 0.259830
0.627537, 0.515337, -0.323511, -0.428737
0.627969, 0.721016, -0.342792, -0.254251
0.629835, 0.849559, -0.348789, -0.138808
0.630038, 0.151565, 0.566293, 0.127219
0.630795, 0.128902, 0.568209, 0.108348
0.631783, 0.048435, 0.571792, 0.040843
0.632164, 0.091079, 0.571120, 0.076681
0.632191, 0.680227, -0.335977, -0.290349
0.632630, 0.610049, -0.329409, -0.350755
0.633150, 0.175457, 0.567555, 0.146822
0.633609, 0.872314, -0.346768, -0.118259
0.634998, 0.821878, -0.343292, -0.164448
0.635526, 0.398545, -0.296546, -0.516247
0.636557, 0.797640, -0.340407, -0.186403
0.636765, 0.913109, -0.345606, -0.080779
0.636941, 0.373003, -0.220077, -0.458527
0.637123, 0.199217, 0.568900, 0.166007
0.638075, 1.000000, -0.345934, 0.000000
0.638112, 0.956248, -0.345538, -0.040786
0.638306, 0.424754, -0.302170, -0.501038
0.638445, 0.638978, -0.327053, -0.326551
0.639811, 0.773752, -0.336076, -0.208095
0.640154, 0.555824, -0.317538, -0.396898
0.640804, 0.448812, -0.304335, -0.483551
0.641122, 0.584080, -0.319432, -0.373205
0.641632, 0.025280, 0.580159, 0.021250
0.641748, 0.222844, 0.570727, 0.184979
0.642132, 0.534212, -0.313523, -0.414895
0.642140, 0.748689, -0.332181, -0.230534
0.642292, 0.000000, 0.581114, 0.000000
0.643092, 0.701589, -0.328108, -0.272424
0.643406, 0.498018, -0.308339, -0.444496
0.643635, 0.474453, -0.305396, -0.463591
0.643942, 0.247998, 0.569535, 0.204519
0.644084, 0.349481, 0.317550, 0.052738
0.645155, 0.110977, 0.580752, 0.092820
0.645577, 0.272487, 0.566853, 0.222780
0.647604, 0.071203, 0.584417, 0.059602
0.647733, 0.323820, 0.561484, 0.262736
0.647881, 0.297301, 0.574733, 0.251473
0.648971, 0.663131, -0.320064, -0.306613
0.649349, 0.890390, -0.333787, -0.102192
0.649868, 0.726236, -0.324024, -0.251166
0.650754, 0.933655, -0.334127, -0.062080
0.651488, 0.977968, -0.334270, -0.020659
0.653104, 0.621451, -0.312788, -0.342756
0.653307, 0.837765, -0.328365, -0.150992
0.653651, 0.160831, 0.584532, 0.133449
0.653794, 0.136963, 0.586409, 0.113891
0.655265, 0.863834, -0.327586, -0.127002
0.656204, 0.049434, 0.591401, 0.041239
0.656837, 0.516582, -0.299285, -0.430834
0.657507, 0.384188, -0.273471, -0.526211
0.658157, 0.186630, 0.586501, 0.154129
0.658338, 0.411552, -0.284981, -0.514413
0.658655, 0.811731, -0.322018, -0.174961
0.659495, 0.568174, -0.302548, -0.388683
0.659955, 0.598956, -0.304993, -0.362655
0.660475, 0.685846, -0.311853, -0.287684
0.660614, 0.092449, 0.594073, 0.076856
0.661824, 0.787081, -0.317767, -0.197523
0.662592, 0.022956, 0.597357, 0.019118
0.662927, 0.909845, -0.322800, -0.084611
0.662975, 0.460935, -0.288095, -0.476840
0.663368, 0.210017, 0.588726, 0.172560
0.664015, 0.762080, -0.314407, -0.220328
0.664269, 0.955450, -0.322909, -0.041957
0.664350, 0.435714, -0.283841, -0.496902
0.664392, 0.645136, -0.305085, -0.323363
0.664445, 1.000000, -0.323161, 0.000000
0.664890, 0.360780, -0.274657, -0.555536
0.665713, 0.235436, 0.588963, 0.193637
0.666021, 0.541891, -0.294245, -0.410984
0.666204, 0.490628, -0.288830, -0.453240
0.668571, 0.710290, -0.306544, -0.266689
0.668717, 0.260332, 0.585940, 0.210133
0.668887, 0.738261, -0.308266, -0.241843
0.669149, 0.337062, -0.059192, -0.358201
0.669508, 0.118708, 0.599909, 0.098126
0.669649, 0.284337, 0.581657, 0.227949
0.669794, 0.310428, 0.616726, 0.289055
0.670197, 0.000000, 0.602908, 0.000000
0.673256, 0.883033, -0.312895, -0.110039
0.674570, 0.851470, -0.310346, -0.139416
0.675673, 0.170391, 0.601217, 0.139764
0.675723, 0.072259, 0.606829, 0.059703
0.676086, 0.668609, -0.296893, -0.304011
0.676101, 0.932051, -0.312099, -0.064216
0.676513, 0.622291, -0.292757, -0.344186
0.676790, 0.396875, -0.267961, -0.527657
0.676935, 0.583405, -0.288811, -0.377125
0.677119, 0.145862, 0.604102, 0.119803
0.677587, 0.977628, -0.311669, -0.021203
0.677603, 0.045830, 0.608536, 0.037846
0.678404, 0.826583, -0.305603, -0.162523
0.678831, 0.516183, -0.281069, -0.433825
0.681790, 0.472509, -0.273903, -0.469468
0.683335, 0.801357, -0.299786, -0.185904
0.683957, 0.559940, -0.280853, -0.397805
0.684249, 0.373192, -0.261787, -0.549758
0.684815, 0.195070, 0.606219, 0.158516
0.684826, 0.099337, 0.612971, 0.081593
0.685205, 0.419843, -0.265049, -0.511848
0.685876, 0.775219, -0.296152, -0.210002
0.686519, 0.907344, -0.302280, -0.087795
0.686576, 0.019419, 0.616256, 0.015972
0.686668, 0.221463, 0.606059, 0.179959
0.686694, 0.693939, -0.289663, -0.282733
0.687540, 0.448328, -0.266718, -0.489928
0.688849, 0.603351, -0.280197, -0.361105
0.688910, 0.645329, -0.283935, -0.325414
0.689243, 0.723382, -0.289366, -0.256625
0.689510, 0.750460, -0.291064, -0.232444
0.689789, 0.954669, -0.300735, -0.043149
0.690066, 0.247318, 0.611575, 0.206045
0.690553, 1.000000, -0.300529, 0.000000
0.690884, 0.323487, -0.197300, -0.528403
0.691278, 0.865503, -0.296183, -0.127116
0.691822, 0.296144, 0.594972, 0.239954
0.691969, 0.494885, -0.267760, -0.452308
0.692088, 0.537074, -0.271928, -0.417872
0.692538, 0.349000, -0.240509, -0.556676
0.693107, 0.125764, 0.618021, 0.102682
0.693957, 0.272702, 0.595945, 0.209207
0.697108, 0.170554, 0.618081, 0.138419
0.699210, 0.061468, 0.625459, 0.050190
0.699438, 0.395494, -0.251260, -0.533070
0.699594, 0.000000, 0.626242, 0.000000
0.699596, 0.841149, -0.287632, -0.150198
0.699883, 0.037794, 0.626398, 0.030875
0.699951, 0.668027, -0.276016, -0.306505
0.700112, 0.886403, -0.289457, -0.107981
0.700650, 0.931100, -0.290695, -0.065791
0.701489, 0.149854, 0.622944, 0.121410
0.701872, 0.580640, -0.267257, -0.381884
0.702350, 0.085425, 0.627316, 0.069581
0.702899, 0.624917, -0.269786, -0.343839
0.703325, 0.977333, -0.289282, -0.021728
0.703850, 0.817398, -0.282640, -0.172442
0.704625, 0.432437, -0.250857, -0.504092
0.704633, 0.470911, -0.254947, -0.473412
0.705249, 0.515305, -0.258554, -0.436837
0.706196, 0.789868, -0.279121, -0.198013
0.707906, 0.208656, 0.621478, 0.166010
0.708451, 0.711918, -0.271683, -0.268336
0.708637, 0.371081, -0.239539, -0.551532
0.708886, 0.558413, -0.259332, -0.401310
0.710218, 0.688054, -0.268269, -0.289490
0.710458, 0.111101, 0.632440, 0.089951
0.710673, 0.233471, 0.630657, 0.194923
0.711058, 0.764167, -0.272965, -0.221615
0.711196, 0.306651, -0.307566, -0.677198
0.711501, 0.186888, 0.629223, 0.151610
0.711947, 0.738872, -0.270358, -0.244399
0.712157, 0.908850, -0.279740, -0.087251
0.714421, 0.259585, 0.663078, 0.250333
0.714627, 0.412138, -0.240756, -0.521631
0.714780, 0.601743, -0.257807, -0.365026
0.714948, 0.330274, -0.248828, -0.602845
0.714959, 0.647525, -0.260978, -0.325250
0.715012, 0.954358, -0.278717, -0.043938
0.715555, 0.018916, 0.639329, 0.015341
0.715575, 0.861492, -0.274557, -0.132080
0.716467, 1.000000, -0.277980, 0.000000
0.716902, 0.452084, -0.242804, -0.489612
0.717675, 0.492175, -0.246077, -0.457353
0.718377, 0.536261, -0.249184, -0.420532
0.719293, 0.137114, 0.637903, 0.110410
0.719814, 0.351021, -0.235179, -0.575341
0.719884, 0.284934, 0.000322, -0.389035
0.722268, 0.043302, 0.644093, 0.034958
0.722745, 0.069595, 0.643617, 0.056099
0.724238, 0.884696, -0.268196, -0.110723
0.724550, 0.806352, -0.263713, -0.183998
0.724602, 0.165087, 0.638536, 0.130455
0.724803, 0.836634, -0.265137, -0.155867
0.724878, 0.388688, -0.229592, -0.540927
0.726087, 0.931777, -0.268353, -0.065875
0.727532, 0.670092, -0.251556, -0.306526
0.727672, 0.622350, -0.248062, -0.348280
0.727825, 0.095165, 0.646659, 0.076402
0.727830, 0.580101, -0.244584, -0.384335
0.728855, 0.000000, 0.650009, 0.000000
0.728964, 0.977534, -0.266874, -0.021806
0.730285, 0.779364, -0.256817, -0.209119
0.730663, 0.724034, -0.252771, -0.259163
0.730692, 0.513115, -0.236819, -0.441119
0.731112, 0.215565, 0.642291, 0.173195
0.731336, 0.432057, -0.228984, -0.507235
0.731472, 0.698105, -0.250014, -0.282086
0.731974, 0.471789, -0.232115, -0.475149
0.733413, 0.558392, -0.237968, -0.403089
0.733477, 0.242631, 0.696433, 0.253317
0.733978, 0.192498, 0.651683, 0.159509
0.734176, 0.310939, -0.193687, -0.581993
0.735611, 0.752529, -0.250260, -0.233850
0.735684, 0.121318, 0.651426, 0.096796
0.736625, 0.908222, -0.258155, -0.088815
0.737444, 0.365707, -0.218398, -0.561620
0.738468, 0.642886, -0.239934, -0.331156
0.739583, 0.267431, -0.061726, -0.482927
0.739947, 0.860809, -0.252973, -0.134072
0.740497, 0.955391, -0.256355, -0.043481
0.741010, 0.410615, -0.218994, -0.525461
0.741772, 0.600697, -0.233937, -0.367841
0.741868, 0.336001, -0.205504, -0.579204
0.742077, 0.023392, 0.659900, 0.018678
0.742176, 0.821279, -0.248541, -0.171077
0.742229, 0.052284, 0.659280, 0.041736
0.742496, 1.000000, -0.255185, 0.000000
0.742617, 0.148596, 0.654688, 0.117555
0.743239, 0.534385, -0.227713, -0.424291
0.745046, 0.492509, -0.222829, -0.459273
0.745193, 0.451181, -0.219225, -0.493124
0.746451, 0.078637, 0.661572, 0.062470
0.747653, 0.290544, -0.201817, -0.619198
0.748010, 0.884154, -0.247107, -0.112418
0.748648, 0.796489, -0.241339, -0.194558
0.748988, 0.389399, -0.210628, -0.543215
0.749732, 0.175354, 0.654824, 0.134405
0.750143, 0.661017, -0.230643, -0.315921
0.750689, 0.933003, -0.246682, -0.065484
0.751250, 0.684252, -0.231295, -0.295631
0.751639, 0.224893, 0.719869, 0.244705
0.751937, 0.732965, -0.234044, -0.252408
0.752309, 0.104883, 0.665080, 0.083068
0.753681, 0.842262, -0.239458, -0.152184
0.754004, 0.709136, -0.230579, -0.273877
0.754271, 0.622057, -0.224355, -0.350262
0.754580, 0.771324, -0.234521, -0.218180
0.754973, 0.579329, -0.220642, -0.386817
0.755194, 0.977830, -0.243825, -0.021820
0.755697, 0.000000, 0.670355, 0.000000
0.755958, 0.556294, -0.218223, -0.406622
0.757272, 0.513632, -0.213991, -0.442671
0.758332, 0.428684, -0.206399, -0.512727
0.758534, 0.248775, -0.106589, -0.559515
0.758588, 0.202113, 0.709143, 0.204492
0.758603, 0.354008, -0.198535, -0.571203
0.759084, 0.314622, -0.196175, -0.603704
0.759085, 0.472084, -0.209245, -0.477195
0.759921, 0.131180, 0.668916, 0.102712
0.760070, 0.910575, -0.237349, -0.087521
0.761920, 0.038615, 0.674847, 0.030464
0.764546, 0.375702, -0.196287, -0.555155
0.765264, 0.749166, -0.222975, -0.238626
0.765332, 0.062113, 0.676575, 0.048847
0.765711, 0.817664, -0.227153, -0.175997
0.766333, 0.271473, -0.193512, -0.643941
0.766354, 0.641882, -0.214906, -0.333854
0.766409, 0.955588, -0.233493, -0.043898
0.766694, 0.158237, 0.670933, 0.122001
0.768320, 0.863950, -0.227761, -0.132722
0.768729, 1.000000, -0.232089, 0.000000
0.768758, 0.405732, -0.195743, -0.531794
0.768782, 0.602016, -0.210103, -0.368516
0.769259, 0.535947, -0.205191, -0.424767
0.769926, 0.888519, -0.227421, -0.109235
0.769964, 0.088424, 0.678983, 0.069114
0.770969, 0.335883, -0.188538, -0.588313
0.771407, 0.450021, -0.197194, -0.496519
0.771547, 0.019615, 0.682505, 0.015419
0.772428, 0.493486, -0.199458, -0.460508
0.772549, 0.792660, -0.219467, -0.199713
0.772640, 0.668062, -0.210907, -0.311267
0.774656, 0.226560, 0.250396, -0.234988
0.774834, 0.694323, -0.210722, -0.288367
0.774972, 0.293726, -0.182952, -0.622708
0.775349, 0.183764, 0.690483, 0.155982
0.776020, 0.721525, -0.211495, -0.264357
0.776098, 0.932906, -0.224080, -0.066465
0.776977, 0.113100, 0.683689, 0.088571
0.778369, 0.561498, -0.198901, -0.403706
0.779164, 0.839364, -0.216421, -0.156640
0.780894, 0.769386, -0.210169, -0.221441
0.781744, 0.977602, -0.220405, -0.022405
0.781818, 0.584246, -0.197424, -0.384721
0.782501, 0.620985, -0.199172, -0.353207
0.783280, 0.516228, -0.191646, -0.442275
0.783366, 0.140892, 0.683677, 0.106464
0.783798, 0.386449, -0.181805, -0.548668
0.783940, 0.250477, -0.144330, -0.628973
0.784293, 0.000000, 0.692470, 0.000000
0.784435, 0.427425, -0.184532, -0.515967
0.785285, 0.471823, -0.187023, -0.479675
0.785286, 0.909519, -0.214680, -0.089681
0.785788, 0.360582, -0.178240, -0.569697
0.786368, 0.314986, -0.174097, -0.605687
0.786377, 0.069861, 0.692193, 0.054174
0.786728, 0.206525, 0.502106, -0.010704
0.787230, 0.043977, 0.694129, 0.034129
0.789204, 0.744677, -0.201004, -0.244457
0.789341, 0.647085, -0.194620, -0.330881
0.789432, 0.813778, -0.205374, -0.181264
0.791344, 0.882962, -0.207867, -0.115830
0.792201, 0.166019, 0.702404, 0.139190
0.792443, 0.954790, -0.210383, -0.045405
0.792969, 0.273350, -0.158045, -0.631496
0.793283, 0.542201, -0.184520, -0.420888
0.794120, 0.673918, -0.191911, -0.307607
0.794868, 1.000000, -0.208980, 0.000000
0.795028, 0.858972, -0.203261, -0.139145
0.795044, 0.093668, 0.697189, 0.071763
0.795756, 0.338010, -0.168177, -0.588159
0.796853, 0.406941, -0.172605, -0.533345
0.796964, 0.449151, -0.175527, -0.499251
0.797261, 0.700008, -0.190721, -0.284836
0.797768, 0.789005, -0.196032, -0.204693
0.798409, 0.122467, 0.699716, 0.095107
0.798500, 0.021641, 0.702827, 0.016674
0.798757, 0.494442, -0.176971, -0.461883
0.799598, 0.600352, -0.182524, -0.371900
0.800081, 0.722225, -0.189408, -0.265064
0.800257, 0.230229, -0.205993, -0.719876
0.801292, 0.930704, -0.201454, -0.069672
0.802492, 0.570103, -0.178094, -0.397801
0.802824, 0.294751, -0.156902, -0.620651
0.803621, 0.188766, 0.557646, 0.015165
0.804625, 0.834107, -0.192803, -0.163313
0.806001, 0.763821, -0.186824, -0.228299
0.806114, 0.627376, -0.178323, -0.349094
0.806522, 0.382500, -0.162802, -0.553679
0.806523, 0.518344, -0.171672, -0.442357
0.806692, 0.065448, 0.707962, 0.050094
0.808314, 0.976842, -0.196859, -0.023613
0.808395, 0.904492, -0.193682, -0.095911
0.808771, 0.147832, 0.703980, 0.111985
0.810404, 0.253959, -0.160072, -0.664465
0.810661, 0.472656, -0.165303, -0.480646
0.811434, 0.360165, -0.157104, -0.571791
0.811617, 0.000000, 0.712916, 0.000000
0.811660, 0.654938, -0.174808, -0.325270
0.812235, 0.426234, -0.161034, -0.518848
0.812809, 0.316305, -0.152170, -0.606147
0.814012, 0.042388, 0.713958, 0.032229
0.814182, 0.809037, -0.182200, -0.187330
0.814849, 0.878621, -0.186235, -0.121528
0.814862, 0.210602, -0.198554, -0.739197
0.815284, 0.544680, -0.165459, -0.420498
0.815553, 0.739126, -0.176186, -0.250897
0.815685, 0.682838, -0.172690, -0.300936
0.816284, 0.107283, 0.711318, 0.080042
0.817741, 0.952171, -0.187682, -0.048880
0.819498, 0.170617, 0.660116, 0.088720
0.819554, 0.085343, 0.715300, 0.063935
0.820168, 0.338002, -0.148252, -0.589901
0.820552, 1.000000, -0.186103, 0.000000
0.820790, 0.853549, -0.179170, -0.146044
0.820876, 0.448037, -0.155021, -0.501499
0.820976, 0.276914, -0.145549, -0.639956
0.822297, 0.587125, -0.161493, -0.384590
0.822362, 0.710672, -0.168233, -0.276793
0.822416, 0.783953, -0.172869, -0.211000
0.822992, 0.402583, -0.150497, -0.538909
0.823765, 0.129627, 0.731760, 0.112404
0.824830, 0.497307, -0.154476, -0.461012
0.824903, 0.925755, -0.179880, -0.075796
0.825024, 0.611160, -0.160350, -0.364135
0.826094, 0.021510, 0.723202, 0.016185
0.826749, 0.563482, -0.156284, -0.405104
0.826854, 0.233912, -0.138290, -0.673811
0.828261, 0.524378, -0.152857, -0.438229
0.829817, 0.636622, -0.157328, -0.342304
0.830232, 0.828357, -0.168575, -0.170459
0.831052, 0.299649, -0.137549, -0.621560
0.831112, 0.759357, -0.163037, -0.233725
0.831745, 0.377481, -0.141612, -0.559673
0.831922, 0.899185, -0.171828, -0.102587
0.831929, 0.061999, 0.727023, 0.046943
0.832692, 0.192125, -0.220964, -0.791230
0.834045, 0.662559, -0.154802, -0.319856
0.834124, 0.472176, -0.144967, -0.482136
0.834131, 0.973478, -0.173841, -0.027619
0.836412, 0.152052, 0.674563, 0.073650
0.837026, 0.687978, -0.153337, -0.297557
0.837238, 0.256905, -0.128235, -0.653775
0.837990, 0.352971, -0.134881, -0.579511
0.838329, 0.733668, -0.154777, -0.257262
0.838776, 0.872818, -0.163677, -0.128795
0.838828, 0.423140, -0.138381, -0.523281
0.838863, 0.000000, 0.732923, 0.000000
0.839207, 0.803338, -0.158411, -0.194311
0.840048, 0.324684, -0.131576, -0.602251
0.840848, 0.107202, 0.729744, 0.078873
0.841743, 0.946293, -0.165572, -0.055880
0.842078, 0.214317, -0.134458, -0.699086
0.842231, 0.447800, -0.136686, -0.502687
0.842256, 0.042529, 0.734836, 0.031650
0.842882, 0.083867, 0.730856, 0.059968
0.843777, 0.544029, -0.140091, -0.422292
0.844523, 1.000000, -0.164671, 0.000000
0.846086, 0.847162, -0.154979, -0.153888
0.847048, 0.514414, -0.135844, -0.447610
0.847055, 0.595756, -0.139701, -0.378597
0.847125, 0.172256, -0.222747, -0.820181
0.847506, 0.571506, -0.138085, -0.399218
0.847539, 0.711411, -0.144852, -0.277377
0.847553, 0.130549, 0.788524, 0.154007
0.847597, 0.778734, -0.148800, -0.217247
0.848020, 0.396769, -0.129126, -0.545033
0.848417, 0.919385, -0.157843, -0.083567
0.848623, 0.278202, -0.120993, -0.638590
0.850118, 0.619993, -0.138057, -0.357833
0.850690, 0.489351, -0.131447, -0.468758
0.853215, 0.020362, 0.742530, 0.014678
0.854060, 0.238619, -0.114637, -0.669655
0.854091, 0.644077, -0.135518, -0.337042
0.855494, 0.892330, -0.149322, -0.110966
0.855631, 0.753461, -0.139698, -0.240552
0.856078, 0.821706, -0.143687, -0.178466
0.856156, 0.300571, -0.116702, -0.621946
0.856990, 0.371001, -0.120225, -0.566289
0.857528, 0.667487, -0.133397, -0.316642
0.857565, 0.980656, -0.151927, -0.020565
0.859114, 0.066227, 0.747683, 0.050521
0.859874, 0.689804, -0.132185, -0.296923
0.859968, 0.464971, -0.122248, -0.489492
0.860689, 0.346178, -0.115785, -0.586030
0.861504, 0.195317, -0.098472, -0.695717
0.861896, 0.959903, -0.147607, -0.042647
0.862806, 0.438413, -0.118633, -0.511698
0.862916, 0.322249, -0.112590, -0.605145
0.862966, 0.865872, -0.140245, -0.137239
0.864377, 0.147441, -0.003425, -0.630500
0.864471, 0.729696, -0.129970, -0.262063
0.864509, 0.413805, -0.116034, -0.531997
0.864580, 0.093832, 0.734839, 0.054440
0.864968, 0.797434, -0.133499, -0.201303
0.865229, 0.531824, -0.120506, -0.433638
0.865914, 0.259125, -0.106475, -0.654731
0.866600, 0.000000, 0.753432, 0.000000
0.866834, 0.118591, 0.797129, 0.142963
0.866874, 0.219613, -0.100304, -0.681788
0.867324, 0.936365, -0.141291, -0.067463
0.867474, 0.041358, 0.753761, 0.030976
0.867733, 0.556622, -0.119316, -0.412815
0.869653, 0.171183, -0.067088, -0.689017
0.869847, 0.505383, -0.115359, -0.456193
0.870388, 0.582466, -0.117963, -0.390838
0.871115, 0.840075, -0.130554, -0.162384
0.871867, 1.000000, -0.138757, 0.000000
0.872011, 0.607045, -0.117500, -0.369835
0.872275, 0.910855, -0.134747, -0.093790
0.872382, 0.772510, -0.124895, -0.224369
0.873394, 0.387131, -0.107305, -0.554238
0.874619, 0.706767, -0.119237, -0.282740
0.875570, 0.631487, -0.115202, -0.348774
0.876260, 0.283885, -0.099819, -0.636328
0.877332, 0.481704, -0.107853, -0.476381
0.879282, 0.655818, -0.112727, -0.327680
0.879548, 0.884337, -0.125653, -0.120594
0.880910, 0.021089, 0.760521, 0.013498
0.881398, 0.747255, -0.114875, -0.247335
0.881892, 0.680464, -0.111283, -0.306168
0.882469, 0.060230, 0.766400, 0.047390
0.882967, 0.815058, -0.117308, -0.186272
0.882987, 0.360944, -0.098101, -0.575733
0.883180, 0.307216, -0.095456, -0.618432
0.883539, 0.333932, -0.096405, -0.597232
0.883993, 0.238088, -0.090862, -0.671360
0.884034, 0.977782, -0.127254, -0.024366
0.884157, 0.456123, -0.100946, -0.498000
0.885001, 0.082100, 0.772707, 0.068424
0.885247, 0.431919, -0.099083, -0.517933
0.887079, 0.209330, -0.087658, -0.693995
0.887473, 0.132363, -0.124062, -0.784466
0.887603, 0.858522, -0.115859, -0.146123
0.888133, 0.954370, -0.122609, -0.049829
0.888175, 0.521636, -0.099743, -0.443096
0.888351, 0.184911, -0.086490, -0.713121
0.888418, 0.405685, -0.095362, -0.539661
0.889039, 0.106301, 0.568627, -0.107354
0.889714, 0.157158, -0.098053, -0.747609
0.890326, 0.543765, -0.098555, -0.424331
0.890488, 0.264572, -0.087394, -0.651930
0.890648, 0.790837, -0.108395, -0.208841
0.890935, 0.723035, -0.104662, -0.269290
0.891632, 0.929136, -0.117468, -0.076601
0.891726, 0.568251, -0.098156, -0.403685
0.893826, 0.000000, 0.773346, 0.000000
0.894111, 0.593780, -0.096871, -0.382008
0.895467, 0.499512, -0.092577, -0.462196
0.895565, 0.903227, -0.111445, -0.103199
0.896084, 0.041746, 0.784207, 0.040108
0.896337, 0.834098, -0.105477, -0.169561
0.896757, 0.765312, -0.101083, -0.231981
0.896793, 0.619074, -0.095284, -0.360379
0.897790, 1.000000, -0.114706, 0.000000
0.898903, 0.381166, -0.085574, -0.560069
0.899014, 0.698146, -0.095979, -0.291472
0.900454, 0.644516, -0.092754, -0.338443
0.902063, 0.473917, -0.085972, -0.483874
0.902909, 0.670370, -0.091336, -0.315973
0.903950, 0.341863, -0.079886, -0.591729
0.904060, 0.291744, -0.077850, -0.631512
0.904074, 0.876980, -0.100952, -0.129657
0.906065, 0.423823, -0.080911, -0.525295
0.906076, 0.317278, -0.077231, -0.611630
0.907194, 0.739174, -0.089900, -0.255797
0.907446, 0.066320, 0.804680, 0.074198
0.908009, 0.221724, -0.071554, -0.685715
0.908303, 0.021864, 0.776358, 0.012700
0.909223, 0.245729, -0.071780, -0.667611
0.909335, 0.973592, -0.103356, -0.030041
0.909413, 0.447981, -0.078744, -0.505358
0.910210, 0.807475, -0.090307, -0.194964
0.910561, 0.090366, 0.315214, -0.388670
0.910840, 0.195801, -0.068082, -0.705172
0.910909, 0.169632, -0.067263, -0.725022
0.910921, 0.116991, -0.137872, -0.833729
0.911351, 0.142672, -0.075831, -0.755170
0.911796, 0.360885, -0.074012, -0.576600
0.912046, 0.946278, -0.098735, -0.060177
0.912115, 0.523603, -0.078516, -0.442293
0.913175, 0.551014, -0.078371, -0.419401
0.913241, 0.270300, -0.069610, -0.648615
0.913877, 0.855342, -0.089451, -0.150751
0.914007, 0.400595, -0.073416, -0.544725
0.914859, 0.577971, -0.077579, -0.396438
0.915080, 0.919639, -0.093297, -0.088205
0.915313, 0.781829, -0.083882, -0.218018
0.917032, 0.715786, -0.079609, -0.276817
0.917211, 0.496031, -0.073248, -0.465486
0.917496, 0.604723, -0.075882, -0.373503
0.918514, 0.830382, -0.083221, -0.174173
0.918611, 0.893746, -0.087475, -0.114363
0.920265, 0.756363, -0.077966, -0.240965
0.920448, 0.000000, 0.793930, 0.000000
0.920546, 0.631409, -0.073784, -0.350537
0.920907, 0.687902, -0.075017, -0.301317
0.921940, 0.046361, 0.869986, 0.111225
0.922011, 1.000000, -0.091474, 0.000000
0.923236, 0.658908, -0.072016, -0.326709
0.925736, 0.468729, -0.065110, -0.488788
0.927830, 0.379135, -0.061084, -0.562462
0.927843, 0.334684, -0.059892, -0.598411
0.927921, 0.425028, -0.062134, -0.524741
0.928945, 0.309093, -0.058267, -0.618930
0.932005, 0.285569, -0.055055, -0.637295
0.932291, 0.233166, -0.053168, -0.677915
0.932341, 0.208019, -0.052172, -0.696812
0.932477, 0.072390, 0.211222, -0.522439
0.932700, 0.100562, -0.084104, -0.810476
0.933226, 0.873172, -0.071107, -0.135432
0.933246, 0.154824, -0.048016, -0.734708
0.933281, 0.181426, -0.050167, -0.716345
0.933411, 0.022728, 0.823292, 0.054252
0.933481, 0.127808, -0.046655, -0.754365
0.933553, 0.956619, -0.077615, -0.050509
0.933604, 0.980178, -0.078783, -0.023531
0.934123, 0.258339, -0.052551, -0.658624
0.934556, 0.537186, -0.058807, -0.431444
0.935090, 0.734472, -0.062966, -0.261200
0.935468, 0.930351, -0.073241, -0.078951
0.935548, 0.791774, -0.064435, -0.210093
0.935701, 0.563524, -0.058316, -0.409134
0.935912, 0.512082, -0.057060, -0.452478
0.936293, 0.447862, -0.055425, -0.506199
0.936688, 0.816512, -0.064445, -0.188044
0.936868, 0.356155, -0.052920, -0.581444
0.937369, 0.845737, -0.065070, -0.161103
0.937685, 0.590212, -0.057053, -0.386377
0.937850, 0.902968, -0.068305, -0.106815
0.938551, 0.400596, -0.052482, -0.545228
0.938848, 0.705363, -0.058506, -0.286633
0.939062, 0.764726, -0.059967, -0.234279
0.939508, 0.486467, -0.053376, -0.474078
0.940187, 0.617352, -0.055299, -0.363100
0.941165, 0.675767, -0.055586, -0.312405
0.942137, 0.645520, -0.054053, -0.338778
0.946293, 0.045905, 0.611469, -0.154013
0.946582, 0.000000, 0.870838, 0.000000
0.949551, 1.000000, -0.061990, 0.000000
0.951394, 0.423620, -0.041923, -0.526607
0.951973, 0.325992, -0.039754, -0.606405
0.953980, 0.300131, -0.037596, -0.626778
0.954741, 0.377736, -0.038323, -0.564430
0.954906, 0.088508, -0.068774, -0.821552
0.955130, 0.273578, -0.036136, -0.647513
0.955227, 0.467551, -0.039254, -0.490235
0.955228, 0.194200, -0.034337, -0.708051
0.955300, 0.220408, -0.034873, -0.688369
0.955341, 0.114396, -0.033937, -0.767818
0.955571, 0.167527, -0.033516, -0.727829
0.955571, 0.140972, -0.032942, -0.747145
0.955658, 0.886034, -0.048402, -0.124697
0.955943, 0.246452, -0.034938, -0.668529
0.956012, 0.943411, -0.052033, -0.066841
0.956452, 0.971737, -0.053867, -0.034932
0.956623, 0.859363, -0.045952, -0.149697
0.956934, 0.747424, -0.042125, -0.250405
0.956988, 0.548911, -0.038834, -0.421970
0.957176, 0.064713, -0.042811, -0.810245
0.957292, 0.915272, -0.048388, -0.096089
0.957315, 0.830790, -0.044097, -0.175953
0.957618, 0.720106, -0.040878, -0.274321
0.957643, 0.522564, -0.037882, -0.444211
0.957940, 0.350625, -0.035186, -0.586325
0.958128, 0.575806, -0.038164, -0.399073
0.958361, 0.803122, -0.042138, -0.200932
0.958502, 0.776498, -0.041229, -0.224571
0.958607, 0.024143, 0.810196, 0.050577
0.959266, 0.496220, -0.036078, -0.466344
0.959511, 0.691224, -0.038541, -0.299474
0.959886, 0.603261, -0.036920, -0.375562
0.960225, 0.661484, -0.037397, -0.325246
0.960819, 0.443322, -0.034043, -0.510458
0.961131, 0.631646, -0.036143, -0.351113
0.962125, 0.402653, -0.032398, -0.544019
0.972154, 0.000000, 1.083223, 0.000000
0.974027, 1.000000, -0.034262, 0.000000
0.975577, 0.045739, -0.122218, -0.908001
0.976275, 0.313130, -0.019505, -0.616734
0.977286, 0.951897, -0.027971, -0.058912
0.977296, 0.287025, -0.018420, -0.637351
0.977382, 0.898160, -0.025346, -0.114207
0.977668, 0.099873, -0.014141, -0.775290
0.977678, 0.260395, -0.017843, -0.658098
0.977704, 0.180316, -0.016857, -0.718749
0.977706, 0.206890, -0.017215, -0.698964
0.977799, 0.126689, -0.015573, -0.757244
0.977847, 0.925588, -0.025938, -0.086993
0.977862, 0.153530, -0.016302, -0.738295
0.977899, 0.479043, -0.019477, -0.481246
0.977944, 0.366137, -0.018582, -0.574091
0.977950, 0.338238, -0.018358, -0.596671
0.977998, 0.233469, -0.017304, -0.678823
0.978068, 0.844097, -0.023022, -0.164611
0.978072, 0.871316, -0.023704, -0.139591
0.978409, 0.977288, -0.027862, -0.029048
0.978412, 0.760515, -0.021301, -0.239309
0.978698, 0.422802, -0.018364, -0.527727
0.978774, 0.732986, -0.020633, -0.263493
0.978863, 0.534687, -0.018994, -0.434258
0.978881, 0.561714, -0.019161, -0.411318
0.978882, 0.816544, -0.021640, -0.189452
0.979077, 0.073189, -0.029222, -0.808768
0.979162, 0.705106, -0.019977, -0.287806
0.979586, 0.676259, -0.019324, -0.312828
0.979630, 0.788570, -0.020451, -0.214419
0.979705, 0.589304, -0.018593, -0.387729
0.979773, 0.507321, -0.017996, -0.457363
0.979952, 0.647194, -0.018755, -0.337906
0.980192, 0.452276, -0.017263, -0.503324
0.980223, 0.392586, -0.016875, -0.552654
0.980489, 0.617849, -0.018059, -0.363193
0.982486, 0.020013, 0.243494, -0.596238
1.000000, 0.000000, 0.000000, 0.000000
1.000000, 0.030936, 0.000000, -0.885121
1.000000, 0.057655, 0.000000, -0.796770
1.000000, 0.085657, 0.000000, -0.781381
1.000000, 0.112697, 0.000000, -0.766945
1.000000, 0.139670, 0.000000, -0.748461
1.000000, 0.166581, 0.000000, -0.729025
1.000000, 0.193337, 0.000000, -0.709283
1.000000, 0.220045, 0.000000, -0.689198
1.000000, 0.246890, 0.000000, -0.668647
1.000000, 0.273566, 0.000000, -0.648008
1.000000, 0.300022, 0.000000, -0.627284
1.000000, 0.325974, 0.000000, -0.606828
1.000000, 0.352860, 0.000000, -0.585097
1.000000, 0.379982, 0.000000, -0.563198
1.000000, 0.408530, 0.000000, -0.539490
1.000000, 0.436563, 0.000000, -0.516632
1.000000, 0.465138, 0.000000, -0.492664
1.000000, 0.492364, 0.000000, -0.470150
1.000000, 0.520472, 0.000000, -0.446256
1.000000, 0.548014, 0.000000, -0.423029
1.000000, 0.575635, 0.000000, -0.399546
1.000000, 0.603888, 0.000000, -0.375300
1.000000, 0.632815, 0.000000, -0.350357
1.000000, 0.661550, 0.000000, -0.325657
1.000000, 0.690101, 0.000000, -0.300971
1.000000, 0.718336, 0.000000, -0.276425
1.000000, 0.746211, 0.000000, -0.252051
1.000000, 0.773780, 0.000000, -0.227820
1.000000, 0.801847, 0.000000, -0.202760
1.000000, 0.829313, 0.000000, -0.178247
1.000000, 0.856088, 0.000000, -0.154056
1.000000, 0.882475, 0.000000, -0.129614
1.000000, 0.907977, 0.000000, -0.105268
1.000000, 0.932670, 0.000000, -0.080255
1.000000, 0.955843, 0.000000, -0.054961
1.000000, 0.978099, 0.000000, -0.028045
1.000000, 1.000000, 0.000000, 0.000000
