0.000000, 0.000000, 0.000000, 0.000000
0.000000, 0.029021, 0.000000, 0.059103
0.000000, 0.056003, 0.000000, 0.091631
0.000000, 0.082472, 0.000000, 0.120506
0.000000, 0.109014, 0.000000, 0.148540
0.000000, 0.136105, 0.000000, 0.176685
0.000000, 0.164611, 0.000000, 0.206414
0.000000, 0.194376, 0.000000, 0.238768
0.000000, 0.222208, 0.000000, 0.267476
0.000000, 0.251923, 0.000000, 0.298633
0.000000, 0.281839, 0.000000, 0.330196
0.000000, 0.310797, 0.000000, 0.361093
0.000000, 0.337786, 0.000000, 0.388904
0.000000, 0.365748, 0.000000, 0.418065
0.000000, 0.393541, 0.000000, 0.446006
0.000000, 0.422563, 0.000000, 0.476016
0.000000, 0.450038, 0.000000, 0.503775
0.000000, 0.477148, 0.000000, 0.530859
0.000000, 0.504111, 0.000000, 0.557373
0.000000, 0.531347, 0.000000, 0.583945
0.000000, 0.558609, 0.000000, 0.610481
0.000000, 0.584626, 0.000000, 0.635108
0.000000, 0.610989, 0.000000, 0.659915
0.000000, 0.636910, 0.000000, 0.683988
0.000000, 0.662307, 0.000000, 0.706745
0.000000, 0.688824, 0.000000, 0.730186
0.000000, 0.715827, 0.000000, 0.753527
0.000000, 0.742847, 0.000000, 0.776371
0.000000, 0.769486, 0.000000, 0.798229
0.000000, 0.795477, 0.000000, 0.818772
0.000000, 0.820995, 0.000000, 0.838067
0.000000, 0.846479, 0.000000, 0.856565
0.000000, 0.872229, 0.000000, 0.875515
0.000000, 0.898064, 0.000000, 0.893785
0.000000, 0.923541, 0.000000, 0.908778
0.000000, 0.948427, 0.000000, 1.094067
0.000000, 0.973004, 0.000000, 1.556397
0.000000, 1.000000, 0.000000, 0.000000
0.018189, 0.178444, 0.022344, 0.221628
0.018281, 0.267328, 0.021044, 0.314905
0.018734, 0.236793, 0.021976, 0.282959
0.018896, 0.409359, 0.020326, 0.461953
0.019293, 0.984915, -0.887797, -0.005490
0.019452, 0.297296, 0.022075, 0.346623
0.019654, 0.019337, 0.039929, 0.039218
0.019874, 0.149502, 0.025253, 0.191078
0.020665, 0.544990, 0.020703, 0.596558
0.020922, 0.517765, 0.021291, 0.570114
0.021053, 0.350280, 0.023237, 0.401745
0.021135, 0.436918, 0.022422, 0.489874
0.021183, 0.729813, 0.018187, 0.764836
0.021238, 0.702259, 0.018808, 0.741320
0.021523, 0.463839, 0.022533, 0.516894
0.021614, 0.490545, 0.022313, 0.543384
0.021764, 0.379852, 0.023694, 0.431955
0.021802, 0.756596, 0.018020, 0.786891
0.021824, 0.597310, 0.021139, 0.646405
0.021913, 0.674763, 0.019938, 0.717286
0.022110, 0.121583, 0.029242, 0.161496
0.022149, 0.208174, 0.026557, 0.253388
0.022371, 0.885957, 0.011624, 0.875047
0.022583, 0.624419, 0.021468, 0.671755
0.022661, 0.912242, 0.012128, 0.883184
0.022725, 0.572255, 0.022406, 0.622870
0.022739, 0.044448, 0.038271, 0.075164
0.022768, 0.859830, 0.014873, 0.862388
0.022816, 0.783577, 0.017970, 0.808247
0.022823, 0.324628, 0.025568, 0.375473
0.023006, 0.095475, 0.032117, 0.133491
0.023281, 0.069970, 0.035034, 0.105368
0.023377, 0.937588, 0.157327, 0.997134
0.023454, 0.834113, 0.016197, 0.845236
0.023533, 0.808963, 0.017443, 0.827346
0.023741, 0.648317, 0.022102, 0.693549
0.023811, 0.961293, 0.040302, 0.840874
0.027795, 0.000000, 0.057880, 0.000000
0.032728, 1.000000, -0.881329, 0.000000
0.036759, 0.253549, 0.042635, 0.300311
0.037405, 0.282760, 0.042738, 0.331288
0.038200, 0.186654, 0.046359, 0.229145
0.038341, 0.400010, 0.041379, 0.452471
0.039483, 0.361481, 0.043387, 0.413013
0.040004, 0.161515, 0.049715, 0.202392
0.041235, 0.227539, 0.048632, 0.272992
0.041866, 0.557627, 0.041602, 0.609042
0.041888, 0.135269, 0.053711, 0.174526
0.041922, 0.716834, 0.036538, 0.753585
0.041932, 0.610503, 0.040181, 0.658626
0.042067, 0.531238, 0.042490, 0.583710
0.042143, 0.425026, 0.044975, 0.478222
0.042220, 0.688823, 0.037872, 0.729332
0.042281, 0.504629, 0.043349, 0.557730
0.042649, 0.309370, 0.048054, 0.359093
0.043108, 0.026966, 0.072800, 0.045301
0.043299, 0.451109, 0.045637, 0.504616
0.043413, 0.770163, 0.035427, 0.797483
0.043564, 0.743133, 0.036784, 0.775492
0.043582, 0.477199, 0.045322, 0.530599
0.044124, 0.660426, 0.040626, 0.704292
0.044142, 0.900916, 0.036677, 0.903296
0.044823, 0.874262, 0.029207, 0.873164
0.045194, 0.928399, 0.182828, 1.070303
0.045648, 0.978298, -1.110362, -0.184880
0.045654, 0.054995, 0.068879, 0.083405
0.045720, 0.107484, 0.060969, 0.144127
0.045957, 0.848114, 0.035534, 0.858467
0.046430, 0.585445, 0.045295, 0.635208
0.046816, 0.081883, 0.065635, 0.115342
0.046856, 0.797383, 0.037063, 0.819026
0.047154, 0.335929, 0.052410, 0.386299
0.047368, 0.954749, -0.528383, 0.361745
0.047404, 0.822351, 0.036929, 0.838634
0.049148, 0.633976, 0.046260, 0.680508
0.049440, 0.204381, 0.059129, 0.247791
0.050685, 0.382642, 0.055159, 0.434423
0.051706, 0.000000, 0.085710, 0.000000
0.056084, 0.268467, 0.064368, 0.315084
0.059642, 1.000000, -0.837819, 0.000000
0.061108, 0.176389, 0.074328, 0.216993
0.061181, 0.245439, 0.071052, 0.290481
0.062059, 0.291743, 0.070434, 0.339798
0.062131, 0.409234, 0.066766, 0.461386
0.062153, 0.704678, 0.054754, 0.742094
0.062621, 0.676033, 0.056775, 0.716937
0.062828, 0.357928, 0.069041, 0.408297
0.063155, 0.566832, 0.062316, 0.616440
0.063188, 0.150920, 0.078701, 0.189740
0.063369, 0.491674, 0.065345, 0.543780
0.063456, 0.124141, 0.081294, 0.160245
0.063850, 0.607850, 0.061265, 0.655362
0.064253, 0.517996, 0.065307, 0.569474
0.064449, 0.542662, 0.064561, 0.593202
0.064835, 0.436996, 0.068752, 0.489416
0.065005, 0.916045, 0.110310, 0.962075
0.065082, 0.756590, 0.053642, 0.785078
0.065652, 0.729700, 0.056112, 0.762965
0.065684, 0.782337, 0.051838, 0.805035
0.065933, 0.463256, 0.068966, 0.515472
0.066168, 0.020295, 0.100125, 0.030824
0.066303, 0.889203, 0.055774, 0.894421
0.066808, 0.316489, 0.074951, 0.365864
0.066952, 0.221048, 0.078825, 0.264427
0.067097, 0.945212, -0.900065, -0.038305
0.067411, 0.043396, 0.099493, 0.063408
0.067822, 0.863042, 0.025800, 0.843311
0.068497, 0.650547, 0.063536, 0.694012
0.069047, 0.069167, 0.096453, 0.096678
0.069561, 0.837080, 0.042206, 0.837481
0.070399, 0.974915, -0.987488, -0.075738
0.070706, 0.095641, 0.093781, 0.127240
0.071761, 0.811158, 0.052694, 0.825081
0.072791, 0.195719, 0.087007, 0.237031
0.073150, 0.382082, 0.079415, 0.432492
0.074854, 0.585490, 0.072962, 0.633858
0.075997, 0.338155, 0.084332, 0.387901
0.077068, 0.627354, 0.072827, 0.672374
0.078350, 0.000000, 0.115797, 0.000000
0.079247, 0.268443, 0.090740, 0.314217
0.080655, 0.692213, 0.071869, 0.729409
0.083434, 0.480335, 0.086456, 0.531407
0.084089, 0.240144, 0.097631, 0.283908
0.084248, 0.402840, 0.090571, 0.453322
0.084316, 0.116180, 0.107809, 0.149096
0.085003, 0.929408, -0.970587, -0.123779
0.085197, 0.167845, 0.103597, 0.206113
0.085231, 0.141670, 0.106243, 0.177812
0.085237, 0.295351, 0.096261, 0.342225
0.085256, 1.000000, -0.853567, 0.000000
0.085453, 0.507308, 0.087282, 0.557905
0.085658, 0.426167, 0.091162, 0.477417
0.086042, 0.791631, 0.066957, 0.809363
0.086299, 0.558616, 0.085506, 0.607354
0.086780, 0.743334, 0.072876, 0.771938
0.087220, 0.668316, 0.079522, 0.708069
0.087519, 0.533456, 0.088080, 0.583332
0.087707, 0.903879, -0.068424, 0.752448
0.087801, 0.958216, -0.865662, 0.003632
0.088073, 0.715702, 0.076457, 0.749068
0.088291, 0.361273, 0.096820, 0.411197
0.089060, 0.451182, 0.093599, 0.502220
0.089299, 0.766739, 0.072452, 0.790026
0.089659, 0.878833, 0.211802, 1.023549
0.090262, 0.026085, 0.126588, 0.036515
0.090291, 0.603964, 0.086787, 0.650181
0.091002, 0.052791, 0.125115, 0.072148
0.091324, 0.215954, 0.107486, 0.257914
0.091484, 0.853920, 0.086010, 0.877835
0.092624, 0.079184, 0.122928, 0.105063
0.093492, 0.318899, 0.104336, 0.366362
0.093687, 0.829323, 0.064635, 0.833144
0.094440, 0.190778, 0.112775, 0.230407
0.095224, 0.645736, 0.088517, 0.687594
0.098998, 0.979956, -0.913761, -0.025553
0.099553, 0.577985, 0.097353, 0.625237
0.099717, 0.383591, 0.108135, 0.433421
0.100205, 0.254105, 0.115259, 0.297887
0.100937, 0.101106, 0.129447, 0.129708
0.101784, 0.807777, 0.076046, 0.818771
0.102186, 0.000000, 0.140316, 0.000000
0.102939, 0.690997, 0.091554, 0.726663
0.103137, 0.470945, 0.107265, 0.521414
0.103346, 0.341842, 0.114058, 0.389699
0.103482, 0.278518, 0.117692, 0.323876
0.104642, 0.942015, -0.868843, -0.021193
0.104760, 0.623694, 0.099062, 0.667187
0.105945, 0.496374, 0.108766, 0.546762
0.106334, 0.733476, 0.089868, 0.761466
0.107110, 0.127287, 0.133724, 0.159307
0.107576, 0.408672, 0.115250, 0.458569
0.107918, 0.152880, 0.132046, 0.188126
0.108476, 0.522705, 0.109760, 0.572570
0.109381, 0.918435, -1.014976, -0.187724
0.109556, 0.781986, 0.085966, 0.799035
0.109949, 0.432631, 0.116492, 0.482836
0.110044, 0.550254, 0.109492, 0.598843
0.111218, 0.231120, 0.129203, 0.272517
0.111936, 0.301134, 0.125912, 0.347393
0.111937, 0.894895, -0.672620, 0.120317
0.112044, 0.667361, 0.101905, 0.705477
0.112213, 0.176882, 0.134673, 0.213943
0.113718, 0.870985, 0.066891, 0.842311
0.113750, 1.000000, -0.866822, 0.000000
0.114168, 0.041166, 0.151525, 0.054106
0.114243, 0.756364, 0.093349, 0.779142
0.114591, 0.066130, 0.149919, 0.085860
0.114752, 0.019568, 0.152815, 0.026145
0.114869, 0.205076, 0.135595, 0.244784
0.115000, 0.599703, 0.110588, 0.644452
0.115051, 0.364628, 0.125597, 0.412643
0.115169, 0.711023, 0.100022, 0.742196
0.115887, 0.847067, 0.160280, 0.924523
0.116363, 0.961905, -0.875686, -0.022812
0.118244, 0.454013, 0.123900, 0.503550
0.120696, 0.323939, 0.134294, 0.370833
0.121138, 0.824318, 0.092556, 0.833066
0.121320, 0.644923, 0.112444, 0.684935
0.121363, 0.088597, 0.154984, 0.112766
0.121810, 0.258654, 0.139489, 0.301549
0.122916, 0.575286, 0.120148, 0.621206
0.124460, 0.389249, 0.134302, 0.437430
0.126015, 0.479781, 0.130243, 0.528635
0.126935, 0.112600, 0.158425, 0.140301
0.127419, 0.800214, 0.095610, 0.808808
0.127969, 0.688095, 0.113610, 0.721520
0.128623, 0.937858, -0.854538, -0.027138
0.128893, 0.505329, 0.131389, 0.553574
0.129048, 0.980522, -0.876465, -0.013947
0.129259, 0.000000, 0.169871, 0.000000
0.129632, 0.281273, 0.146760, 0.325090
0.130009, 0.732648, 0.109813, 0.758236
0.130339, 0.622313, 0.122931, 0.663753
0.130460, 0.138032, 0.159720, 0.169126
0.130920, 0.346487, 0.144117, 0.393727
0.131275, 0.530757, 0.131874, 0.578138
0.131453, 0.414123, 0.140183, 0.462397
0.132835, 0.162678, 0.159949, 0.196657
0.133330, 0.775470, 0.105519, 0.790693
0.133821, 0.913635, -0.874351, -0.068039
0.134123, 0.238932, 0.154868, 0.279562
0.134215, 0.189175, 0.158889, 0.225487
0.135111, 0.553930, 0.133754, 0.599798
0.135848, 0.889483, -1.026678, -0.247493
0.136232, 0.216628, 0.158991, 0.255396
0.136239, 0.051190, 0.174281, 0.064891
0.136873, 0.436869, 0.144339, 0.484891
0.137908, 0.865374, -0.449024, 0.297766
0.138029, 0.304760, 0.154513, 0.349353
0.138058, 0.665693, 0.125111, 0.701123
0.139276, 0.599672, 0.133521, 0.642180
0.139360, 0.023814, 0.179370, 0.030518
0.140847, 0.370509, 0.153295, 0.417949
0.141233, 0.709119, 0.121731, 0.736863
0.141711, 0.841753, 0.172533, 0.900424
0.141833, 0.752422, 0.116186, 0.771783
0.142091, 0.074626, 0.179184, 0.093360
0.142478, 1.000000, -0.859547, 0.000000
0.143226, 0.461362, 0.149155, 0.508821
0.143248, 0.957777, -0.861293, -0.030062
0.146795, 0.817700, 0.147925, 0.859091
0.147203, 0.259793, 0.168106, 0.301233
0.147362, 0.578257, 0.143308, 0.621231
0.147385, 0.643264, 0.136184, 0.680311
0.147559, 0.327733, 0.163385, 0.372771
0.147866, 0.098596, 0.183679, 0.121844
0.149061, 0.487043, 0.153080, 0.533600
0.149406, 0.395309, 0.160703, 0.442771
0.152054, 0.123487, 0.185849, 0.150427
0.152146, 0.512346, 0.154025, 0.557814
0.153058, 0.794155, 0.118326, 0.801918
0.153157, 0.933408, -0.849081, -0.044237
0.153806, 0.686809, 0.135742, 0.716639
0.154374, 0.000000, 0.196244, 0.000000
0.154565, 0.284341, 0.174495, 0.326912
0.154592, 0.148773, 0.186164, 0.179020
0.154916, 0.203442, 0.181036, 0.239293
0.155045, 0.175062, 0.184095, 0.208459
0.155486, 0.728855, 0.127832, 0.747884
0.156231, 0.620802, 0.146941, 0.659107
0.156663, 0.977459, -0.854030, -0.015825
0.156822, 0.535408, 0.156519, 0.579318
0.156903, 0.040269, 0.197287, 0.050093
0.157089, 0.351505, 0.172006, 0.396815
0.157297, 0.419433, 0.167210, 0.466657
0.157862, 0.907760, -0.835723, -0.054863
0.158213, 0.234305, 0.182271, 0.272757
0.158701, 0.771257, 0.121049, 0.778018
0.159409, 0.557252, 0.156902, 0.599839
0.159795, 0.883527, -0.874543, -0.115563
0.161802, 0.443399, 0.169934, 0.490226
0.162704, 0.859238, -1.001950, -0.273939
0.163799, 0.062289, 0.203789, 0.076577
0.164030, 0.307781, 0.183129, 0.350988
0.164039, 0.664131, 0.148220, 0.696027
0.165368, 0.598345, 0.158085, 0.637488
0.166162, 0.376264, 0.179838, 0.421668
0.166794, 0.834148, -0.355801, 0.338146
0.167355, 0.469039, 0.173418, 0.515148
0.168037, 0.020230, 0.209862, 0.025175
0.168453, 0.707116, 0.144851, 0.730897
0.168707, 0.747832, 0.128190, 0.753624
0.169114, 0.084688, 0.207990, 0.103084
0.169357, 1.000000, -0.843585, 0.000000
0.169743, 0.262462, 0.192909, 0.302246
0.169941, 0.953452, -0.842275, -0.034193
0.171976, 0.496101, 0.175577, 0.541267
0.173134, 0.810865, 0.252782, 0.925347
0.173351, 0.331656, 0.191377, 0.375270
0.173410, 0.575564, 0.168345, 0.615582
0.173457, 0.108841, 0.211215, 0.131535
0.173461, 0.641540, 0.159671, 0.674878
0.173762, 0.215554, 0.201100, 0.250919
0.174938, 0.401037, 0.187105, 0.446258
0.175051, 0.187624, 0.205420, 0.220591
0.176626, 0.134592, 0.212307, 0.160944
0.176642, 0.926067, -0.834497, -0.054436
0.177243, 0.160210, 0.210561, 0.189868
0.177436, 0.521517, 0.178393, 0.565124
0.179718, 0.286545, 0.201904, 0.327077
0.179840, 0.788246, 0.133174, 0.786923
0.180105, 0.684417, 0.159476, 0.710910
0.181667, 0.000000, 0.225638, 0.000000
0.181678, 0.243509, 0.207553, 0.280642
0.182138, 0.618750, 0.170768, 0.653553
0.182157, 0.043438, 0.224622, 0.052874
0.182172, 0.979942, -0.835046, -0.014955
0.182258, 0.356618, 0.198884, 0.400452
0.182281, 0.548326, 0.180015, 0.589307
0.182675, 0.900313, -0.823412, -0.070194
0.182893, 0.727404, 0.158609, 0.749823
0.183020, 0.425690, 0.193402, 0.470507
0.183489, 0.766221, 0.133646, 0.762803
0.183900, 0.876784, -0.827615, -0.096734
0.185307, 0.449808, 0.193396, 0.494121
0.186121, 0.849728, -0.804838, -0.100290
0.189310, 0.310611, 0.210321, 0.351687
0.189687, 0.477985, 0.195097, 0.521612
0.190365, 0.661570, 0.170681, 0.688614
0.190562, 0.067297, 0.232620, 0.080998
0.191208, 0.595562, 0.182336, 0.631619
0.191307, 0.381890, 0.206284, 0.425673
0.193470, 0.825474, -1.008322, -0.339341
0.193547, 0.962368, -0.825081, -0.028805
0.194325, 0.091229, 0.234932, 0.108887
0.194703, 0.225487, 0.223512, 0.260022
0.194936, 0.022423, 0.238574, 0.027190
0.195258, 0.704732, 0.171098, 0.726898
0.195313, 0.200241, 0.226573, 0.232481
0.195507, 0.940119, -0.822134, -0.045771
0.195605, 0.571597, 0.189726, 0.609182
0.195925, 0.266223, 0.221408, 0.304049
0.196113, 0.502994, 0.198750, 0.545117
0.196920, 0.118756, 0.236157, 0.141089
0.196959, 0.173813, 0.230998, 0.203207
0.197499, 0.747958, 0.200314, 0.795875
0.197581, 1.000000, -0.823105, 0.000000
0.197957, 0.336002, 0.217426, 0.377504
0.199565, 0.637914, 0.183250, 0.667537
0.199983, 0.801083, -0.296724, 0.334903
0.200053, 0.530875, 0.199334, 0.571421
0.200299, 0.407200, 0.213310, 0.450551
0.200491, 0.146052, 0.237225, 0.171615
0.202061, 0.915417, -0.814597, -0.064915
0.204291, 0.866341, -0.803833, -0.101050
0.205201, 0.289189, 0.229350, 0.327543
0.205207, 0.459213, 0.212716, 0.501255
0.205883, 0.774188, 0.425264, 1.032353
0.206548, 0.682484, 0.176112, 0.698609
0.206908, 0.361353, 0.224644, 0.402957
0.207343, 0.046642, 0.251689, 0.055751
0.207681, 0.613008, 0.194616, 0.644765
0.207790, 0.000000, 0.253500, 0.000000
0.208785, 0.433013, 0.219262, 0.475152
0.208991, 0.555754, 0.204574, 0.593245
0.209016, 0.725261, 0.172704, 0.734303
0.209391, 0.246164, 0.238144, 0.281533
0.209501, 0.891465, -0.805596, -0.083684
0.212096, 0.981279, -0.811925, -0.014810
0.212152, 0.843172, -0.796216, -0.122016
0.213462, 0.315322, 0.235856, 0.354314
0.214727, 0.483350, 0.219510, 0.523742
0.215630, 0.219354, 0.247182, 0.251628
0.215723, 0.099156, 0.257162, 0.116526
0.215910, 0.659060, 0.194204, 0.683268
0.216037, 0.585932, 0.206584, 0.619739
0.216175, 0.385836, 0.231975, 0.427110
0.216777, 0.071238, 0.260294, 0.084102
0.216952, 0.512787, 0.217973, 0.551593
0.217278, 0.958919, -0.806670, -0.032788
0.217573, 0.193445, 0.251918, 0.223168
0.218870, 0.168444, 0.255010, 0.194903
0.219663, 0.819353, -0.774555, -0.128096
0.219994, 0.934028, -0.803017, -0.052578
0.220359, 0.023394, 0.265628, 0.027806
0.220545, 0.124631, 0.260951, 0.145694
0.221596, 0.748163, 0.152670, 0.723500
0.222433, 0.341017, 0.242988, 0.380280
0.222503, 0.703501, 0.157417, 0.685644
0.223147, 0.267641, 0.251120, 0.303337
0.223405, 0.793395, -1.037785, -0.429960
0.224190, 0.634357, 0.205096, 0.659952
0.224808, 0.410388, 0.238358, 0.451107
0.224975, 0.537782, 0.222170, 0.573812
0.225772, 0.146415, 0.264962, 0.170062
0.225978, 0.456164, 0.234066, 0.496077
0.226045, 0.870393, -0.788543, -0.101859
0.226790, 1.000000, -0.800444, 0.000000
0.228086, 0.294529, 0.253557, 0.331013
0.228298, 0.910968, -0.794325, -0.071461
0.229843, 0.768465, -0.244669, 0.324595
0.230519, 0.609641, 0.215203, 0.637409
0.231256, 0.564219, 0.223819, 0.596790
0.232056, 0.047193, 0.277991, 0.055503
0.232339, 0.680522, 0.213287, 0.707500
0.232350, 0.364513, 0.251007, 0.403434
0.232532, 0.239141, 0.263898, 0.271685
0.233459, 0.000000, 0.280605, 0.000000
0.234183, 0.498030, 0.236724, 0.535168
0.234376, 0.726215, 0.116705, 0.657527
0.234525, 0.848218, -0.779164, -0.121584
0.235359, 0.432799, 0.246498, 0.472057
0.236636, 0.086685, 0.280574, 0.100903
0.236893, 0.212658, 0.271179, 0.242548
0.237502, 0.321455, 0.260968, 0.358376
0.238464, 0.953503, -0.789329, -0.038316
0.239029, 0.890673, -0.783454, -0.088811
0.240356, 0.185926, 0.276530, 0.212238
0.240367, 0.977639, -0.789826, -0.018455
0.240414, 0.655339, 0.211657, 0.670956
0.240606, 0.109986, 0.283116, 0.127262
0.240872, 0.476434, 0.246137, 0.513351
0.241151, 0.388418, 0.257522, 0.426770
0.241409, 0.587240, 0.228846, 0.615095
0.242639, 0.521114, 0.241617, 0.555928
0.242664, 0.827510, -0.755323, -0.124094
0.244314, 0.804762, -0.824784, -0.219839
0.244469, 0.163612, 0.283809, 0.187863
0.245599, 0.023221, 0.292350, 0.027127
0.246031, 0.931077, -0.782239, -0.057074
0.246459, 0.066664, 0.292242, 0.077479
0.247191, 0.255856, 0.277920, 0.288079
0.247460, 0.278862, 0.275740, 0.312401
0.247665, 0.135763, 0.288888, 0.156050
0.248323, 0.780111, -0.722502, -0.145904
0.248851, 0.343579, 0.270564, 0.380083
0.248873, 0.701754, 0.325628, 0.824263
0.248980, 0.631843, 0.224999, 0.650606
0.249165, 0.750157, -0.311367, 0.223116
0.249365, 0.545226, 0.244181, 0.577261
0.250722, 0.454288, 0.259092, 0.490978
0.250845, 0.411037, 0.264769, 0.448317
0.251293, 0.303718, 0.277307, 0.338240
0.251725, 0.868498, -0.769361, -0.107961
0.254036, 1.000000, -0.778873, 0.000000
0.254643, 0.609994, 0.235922, 0.631969
0.256243, 0.674153, 0.208592, 0.670130
0.256551, 0.910112, -0.771833, -0.075187
0.257238, 0.725989, 0.638185, 1.147535
0.257253, 0.228241, 0.291246, 0.257222
0.257346, 0.568316, 0.247612, 0.596803
0.257748, 0.367277, 0.277127, 0.403319
0.257962, 0.202572, 0.294050, 0.229019
0.258168, 0.500090, 0.259467, 0.533334
0.259056, 0.044574, 0.306524, 0.051635
0.259307, 0.000000, 0.307656, 0.000000
0.260415, 0.955847, -0.771525, -0.037456
0.261058, 0.845569, -0.758853, -0.128592
0.262083, 0.090180, 0.307590, 0.103560
0.262290, 0.432673, 0.273479, 0.468124
0.262893, 0.116893, 0.306270, 0.133611
0.264495, 0.154956, 0.305569, 0.176339
0.265756, 0.478457, 0.270328, 0.511888
0.265812, 0.323386, 0.290800, 0.357560
0.266409, 0.649085, 0.235679, 0.660747
0.266890, 0.767218, -0.625581, -0.077638
0.266944, 0.888754, -0.760907, -0.093971
0.266955, 0.524321, 0.263617, 0.554211
0.267202, 0.820378, -0.746216, -0.146110
0.267245, 0.389905, 0.284113, 0.425001
0.267511, 0.180911, 0.307122, 0.205075
0.267542, 0.592616, 0.252513, 0.616497
0.268199, 0.796131, -0.760589, -0.187376
0.268251, 0.978363, -0.767127, -0.018494
0.268970, 0.248564, 0.301842, 0.277988
0.271093, 0.293725, 0.299240, 0.325534
0.271633, 0.932642, -0.761592, -0.057667
0.272014, 0.022053, 0.320166, 0.025373
0.272062, 0.692038, 0.170276, 0.632241
0.272066, 0.271676, 0.303129, 0.302653
0.272927, 0.066737, 0.320147, 0.076450
0.274413, 0.456410, 0.281990, 0.489276
0.274576, 0.547593, 0.265945, 0.573429
0.274587, 0.347239, 0.297056, 0.380951
0.275392, 0.622454, 0.256190, 0.643726
0.276787, 0.740812, -1.105937, -0.602660
0.276850, 0.713463, 0.016450, 0.484836
0.277480, 0.136693, 0.320427, 0.154895
0.277505, 0.865587, -0.748802, -0.114412
0.277545, 0.411715, 0.291648, 0.445334
0.278587, 0.208805, 0.316163, 0.234384
0.281569, 1.000000, -0.755628, 0.000000
0.281645, 0.571977, 0.266026, 0.592111
0.282219, 0.670004, 0.239133, 0.668597
0.282575, 0.503016, 0.282436, 0.532343
0.282837, 0.107162, 0.328193, 0.121462
0.283509, 0.910221, -0.749898, -0.077700
0.284252, 0.369850, 0.304089, 0.402596
0.284989, 0.955516, -0.751212, -0.038825
0.285054, 0.231719, 0.320478, 0.258260
0.285054, 0.839298, -0.738369, -0.137071
0.285439, 0.043929, 0.334153, 0.050156
0.285876, 0.000000, 0.335416, 0.000000
0.286379, 0.308116, 0.313774, 0.338958
0.286740, 0.163907, 0.328757, 0.184636
0.287421, 0.786447, -0.725237, -0.180329
0.288043, 0.434002, 0.298841, 0.465565
0.288871, 0.762497, -0.695951, -0.175610
0.289041, 0.598976, 0.260430, 0.607612
0.289865, 0.481418, 0.292880, 0.510571
0.290073, 0.085487, 0.337140, 0.096850
0.290418, 0.644708, 0.268852, 0.663981
0.291515, 0.813647, -0.728656, -0.159387
0.292012, 0.526249, 0.286946, 0.551832
0.292615, 0.189367, 0.332794, 0.212003
0.292776, 0.330239, 0.318019, 0.361351
0.292842, 0.257824, 0.326273, 0.285529
0.292989, 0.887326, -0.739205, -0.098239
0.294213, 0.391619, 0.311174, 0.422925
0.295490, 0.978149, -0.743866, -0.019287
0.296874, 0.457529, 0.303577, 0.486519
0.297090, 0.283838, 0.328163, 0.312764
0.297617, 0.125429, 0.342680, 0.141009
0.297626, 0.693809, 0.200078, 0.628561
0.297738, 0.932217, -0.739573, -0.059786
0.298259, 0.721911, -0.668821, -0.208093
0.298611, 0.021448, 0.347954, 0.024312
0.298750, 0.550787, 0.288486, 0.572694
0.300603, 0.860108, -0.729261, -0.122309
0.300675, 0.063938, 0.349395, 0.072279
0.300970, 0.621485, 0.249830, 0.607994
0.302113, 0.352127, 0.324895, 0.382593
0.303875, 0.147904, 0.347594, 0.165429
0.303994, 0.213993, 0.342841, 0.237820
0.304024, 0.575830, 0.289908, 0.595495
0.304125, 0.413151, 0.317826, 0.442555
0.304271, 0.745447, -0.752168, -0.266461
0.305316, 0.666707, 0.300290, 0.704022
0.308522, 0.504957, 0.305748, 0.528640
0.308881, 1.000000, -0.732093, 0.000000
0.309144, 0.794786, -0.710341, -0.178440
0.309279, 0.835188, -0.718101, -0.144636
0.309376, 0.238680, 0.345410, 0.263285
0.309697, 0.104971, 0.356638, 0.117590
0.309794, 0.308409, 0.338377, 0.336763
0.310349, 0.955749, -0.729647, -0.039666
0.310394, 0.909002, -0.727175, -0.081121
0.311251, 0.771441, -0.690882, -0.184921
0.311336, 0.172571, 0.354007, 0.192144
0.312089, 0.374032, 0.331992, 0.403257
0.312578, 0.041585, 0.362402, 0.046824
0.312902, 0.000000, 0.363409, 0.000000
0.312991, 0.480008, 0.314977, 0.504847
0.313525, 0.599034, 0.300626, 0.620844
0.313550, 0.434674, 0.323514, 0.461699
0.315339, 0.879893, -0.719303, -0.107158
0.315768, 0.641776, 0.219081, 0.581527
0.315896, 0.264645, 0.349593, 0.290186
0.316220, 0.530481, 0.306460, 0.548845
0.317572, 0.084346, 0.366261, 0.094439
0.318834, 0.331856, 0.344610, 0.359628
0.319123, 0.456344, 0.325028, 0.481223
0.319176, 0.196078, 0.359984, 0.216840
0.319313, 0.813869, -0.706222, -0.164608
0.319415, 0.709494, -0.823257, -0.390859
0.322094, 0.395993, 0.338641, 0.423438
0.322208, 0.684443, -0.367251, 0.023930
0.322436, 0.128827, 0.368837, 0.143309
0.322517, 0.978261, -0.720112, -0.019727
0.322703, 0.555069, 0.304110, 0.566234
0.323263, 0.933398, -0.717487, -0.060314
0.323589, 0.288739, 0.354878, 0.314571
0.324182, 0.734267, -0.644132, -0.191055
0.325578, 0.855542, -0.707633, -0.129609
0.326201, 0.020270, 0.376614, 0.022654
0.327357, 0.061448, 0.377212, 0.068587
0.327531, 0.618471, 0.340840, 0.666497
0.328045, 0.577966, 0.299348, 0.580695
0.328797, 0.154123, 0.373203, 0.170399
0.328872, 0.354788, 0.351608, 0.381444
0.329563, 0.221301, 0.369059, 0.243264
0.329610, 0.759076, -0.695584, -0.221368
0.330568, 0.660488, 0.216146, 0.573649
0.330960, 0.895508, -0.707263, -0.094905
0.331782, 0.418375, 0.344385, 0.443499
0.332554, 0.491868, 0.330685, 0.511638
0.333030, 0.787343, -0.686167, -0.186169
0.333260, 0.244976, 0.369634, 0.267459
0.334591, 0.515633, 0.327541, 0.532817
0.335389, 0.108056, 0.382988, 0.119552
0.335467, 0.311864, 0.364269, 0.337033
0.336197, 1.000000, -0.707949, 0.000000
0.336529, 0.956482, -0.706689, -0.039980
0.336655, 0.833828, -0.694942, -0.150220
0.337058, 0.177592, 0.380376, 0.195427
0.338176, 0.466563, 0.341019, 0.487052
0.339348, 0.377651, 0.358627, 0.402632
0.339432, 0.916104, -0.702030, -0.076978
0.340205, 0.039851, 0.390991, 0.044265
0.340243, 0.596660, 0.298771, 0.587493
0.340434, 0.270165, 0.374238, 0.293091
0.340473, 0.441724, 0.348406, 0.464006
0.340735, 0.000000, 0.392236, 0.000000
0.341799, 0.540753, 0.329510, 0.554660
0.342147, 0.082467, 0.391666, 0.091255
0.342293, 0.872772, -0.695052, -0.116365
0.342309, 0.636401, 0.494799, 0.821959
0.342832, 0.811122, -0.685836, -0.170829
0.342893, 0.698479, -0.568460, -0.174750
0.343883, 0.202711, 0.384814, 0.221562
0.344250, 0.722484, -0.701730, -0.281306
0.345212, 0.334978, 0.370946, 0.359152
0.345859, 0.136032, 0.392766, 0.149712
0.348217, 0.566793, 0.334800, 0.581112
0.349192, 0.400769, 0.364420, 0.423559
0.349260, 0.676530, -0.825343, -0.456805
0.349703, 0.978586, -0.695675, -0.019916
0.350115, 0.745691, -0.652312, -0.213822
0.350917, 0.292080, 0.382327, 0.314524
0.351546, 0.937075, -0.692331, -0.058464
0.352056, 0.771292, -0.674292, -0.210184
0.353505, 0.850094, -0.682849, -0.138019
0.354031, 0.059622, 0.404570, 0.065675
0.354601, 0.020082, 0.406018, 0.022143
0.355371, 0.358204, 0.377555, 0.380797
0.355383, 0.158701, 0.400497, 0.173383
0.355711, 0.616636, 0.309197, 0.602828
0.355885, 0.653221, -0.566583, -0.244535
0.355928, 0.475919, 0.355300, 0.491713
0.356075, 0.894388, -0.684981, -0.098109
0.356086, 0.498873, 0.349705, 0.511844
0.356248, 0.250889, 0.392774, 0.271215
0.356298, 0.228089, 0.395749, 0.247556
0.358026, 0.425025, 0.368387, 0.445053
0.359081, 0.796622, -0.668169, -0.185005
0.359294, 0.099523, 0.407922, 0.108980
0.359982, 0.522029, 0.344350, 0.528036
0.360120, 0.121538, 0.407833, 0.132872
0.361282, 0.183633, 0.404801, 0.199793
0.361597, 0.590189, 0.346016, 0.602046
0.361677, 0.314728, 0.390264, 0.336268
0.363688, 1.000000, -0.683069, 0.000000
0.363761, 0.451915, 0.368019, 0.468575
0.364139, 0.825531, -0.670044, -0.161722
0.364343, 0.958328, -0.681630, -0.039188
0.365369, 0.709599, -0.620279, -0.236980
0.366056, 0.381912, 0.384102, 0.402273
0.366379, 0.545537, 0.329056, 0.531876
0.366613, 0.916265, -0.677654, -0.078664
0.367148, 0.271372, 0.401569, 0.291247
0.367542, 0.208605, 0.408426, 0.225469
0.368239, 0.871720, -0.672075, -0.120025
0.368651, 0.040118, 0.420246, 0.043954
0.368780, 0.000000, 0.421148, 0.000000
0.369231, 0.076857, 0.419655, 0.084014
0.370599, 0.688870, -0.681759, -0.325005
0.371222, 0.730868, -0.652096, -0.251414
0.371306, 0.337778, 0.396489, 0.357996
0.372537, 0.567208, 0.300342, 0.520599
0.372549, 0.635932, -0.562946, -0.275578
0.373845, 0.755313, -0.644063, -0.220058
0.374970, 0.664781, -0.573671, -0.251171
0.374995, 0.406129, 0.388159, 0.423795
0.375176, 0.142974, 0.422720, 0.155279
0.376124, 0.779243, -0.652887, -0.205480
0.376685, 0.477892, 0.373634, 0.488880
0.377363, 0.293131, 0.408997, 0.312150
0.377614, 0.979346, -0.670056, -0.019644
0.378337, 0.848312, -0.660823, -0.142710
0.379011, 0.937657, -0.667357, -0.059229
0.379329, 0.245881, 0.417261, 0.263608
0.379478, 0.609508, 0.323919, 0.573948
0.379714, 0.503390, 0.370628, 0.511169
0.380317, 0.168284, 0.425379, 0.181703
0.381052, 0.361856, 0.402092, 0.380095
0.381352, 0.805876, -0.651271, -0.181136
0.381461, 0.894252, -0.662228, -0.100290
0.381568, 0.432431, 0.388838, 0.446989
0.382844, 0.020233, 0.435019, 0.022009
0.383175, 0.117831, 0.431836, 0.127532
0.383488, 0.096217, 0.433068, 0.104285
0.383692, 0.058841, 0.435131, 0.063952
0.385116, 0.528834, 0.378171, 0.541154
0.385401, 0.194365, 0.428660, 0.209066
0.386191, 0.223490, 0.426101, 0.239293
0.386231, 0.584648, 0.222583, 0.447596
0.387285, 0.314751, 0.415709, 0.332470
0.389156, 0.457127, 0.389740, 0.467248
0.390392, 0.709828, -0.621937, -0.264590
0.391409, 0.269875, 0.426338, 0.286719
0.391591, 1.000000, -0.657217, 0.000000
0.391961, 0.827147, -0.645629, -0.163901
0.392033, 0.958756, -0.656131, -0.039615
0.392115, 0.386842, 0.407950, 0.401933
0.392873, 0.554526, 0.463207, 0.646289
0.393360, 0.916389, -0.653127, -0.080195
0.393565, 0.871718, -0.649205, -0.122480
0.393637, 0.682449, -0.607063, -0.283743
0.393793, 0.653018, -0.576555, -0.285835
0.394154, 0.737283, -0.629610, -0.246197
0.395696, 0.337219, 0.420336, 0.353341
0.396570, 0.627385, -0.743146, -0.483447
0.396750, 0.000000, 0.449710, 0.000000
0.397559, 0.039791, 0.449838, 0.043011
0.398079, 0.762784, -0.627981, -0.221437
0.398150, 0.078802, 0.449474, 0.085060
0.398587, 0.786426, -0.633597, -0.202106
0.398646, 0.483613, 0.390267, 0.487038
0.398939, 0.413466, 0.408798, 0.425411
0.400391, 0.131087, 0.448539, 0.140670
0.400638, 0.154365, 0.447572, 0.165476
0.403099, 0.509149, 0.381923, 0.502436
0.403290, 0.291794, 0.435094, 0.307231
0.403685, 0.849858, -0.637903, -0.144130
0.404135, 0.359687, 0.424453, 0.373616
0.404294, 0.248611, 0.442285, 0.263558
0.404633, 0.601435, -0.113188, 0.102162
0.404716, 0.178907, 0.449339, 0.190896
0.405592, 0.979487, -0.643957, -0.019912
0.406279, 0.937824, -0.642069, -0.060262
0.406695, 0.438554, 0.409947, 0.446346
0.406736, 0.204823, 0.449080, 0.217839
0.406881, 0.575968, 0.784114, 0.974260
0.407157, 0.894621, -0.638701, -0.101874
0.407704, 0.103470, 0.457575, 0.110889
0.408625, 0.806147, -0.627319, -0.185308
0.409167, 0.534553, 0.348202, 0.489816
0.410522, 0.227953, 0.450197, 0.241280
0.411212, 0.020164, 0.463943, 0.021646
0.412107, 0.060089, 0.464263, 0.064481
0.412373, 0.314872, 0.440444, 0.328775
0.413063, 0.723445, -0.607306, -0.259168
0.413091, 0.697372, -0.602502, -0.283552
0.413363, 0.669127, -0.577871, -0.290136
0.413882, 0.463622, 0.409519, 0.466218
0.414439, 0.379464, 0.430406, 0.390444
0.416851, 0.643221, -0.641781, -0.386625
0.417679, 0.750760, -0.610465, -0.237642
0.417962, 0.269418, 0.452955, 0.282809
0.418575, 0.828036, -0.621454, -0.166323
0.418627, 0.401067, 0.429622, 0.409559
0.419545, 1.000000, -0.630936, 0.000000
0.419624, 0.873308, -0.625266, -0.123286
0.419693, 0.958879, -0.630185, -0.040265
0.419695, 0.558476, 0.311107, 0.464017
0.420174, 0.617057, -0.370053, -0.148426
0.420175, 0.916550, -0.628076, -0.081567
0.420730, 0.338639, 0.444380, 0.350477
0.421539, 0.778901, -0.611321, -0.212152
0.421580, 0.489463, 0.409321, 0.486654
0.422462, 0.120582, 0.471565, 0.128207
0.423813, 0.083415, 0.475248, 0.088906
0.424497, 0.143360, 0.472114, 0.151997
0.424668, 0.000000, 0.478099, 0.000000
0.425702, 0.040764, 0.478509, 0.043493
0.425819, 0.423446, 0.430650, 0.427935
0.425876, 0.166133, 0.472126, 0.175816
0.426602, 0.514790, 0.418805, 0.519310
0.427800, 0.851461, -0.615566, -0.145083
0.428126, 0.190974, 0.471780, 0.201301
0.428153, 0.587694, -0.931778, -0.754137
0.429152, 0.293717, 0.459904, 0.305155
0.430982, 0.360878, 0.449715, 0.369633
0.431577, 0.216037, 0.472836, 0.226823
0.431652, 0.242943, 0.469696, 0.254176
0.432227, 0.802884, -0.605653, -0.191673
0.432702, 0.446688, 0.430140, 0.446105
0.433550, 0.979458, -0.617467, -0.020315
0.433556, 0.938072, -0.616344, -0.061130
0.433657, 0.683302, -0.573227, -0.292027
0.433725, 0.895194, -0.613852, -0.103164
0.433996, 0.539788, 0.525603, 0.646693
0.435092, 0.710533, -0.587341, -0.277639
0.436186, 0.734697, -0.590026, -0.254510
0.437268, 0.658885, -0.592090, -0.342020
0.437322, 0.319035, 0.463527, 0.328531
0.437507, 0.102819, 0.487998, 0.108746
0.438655, 0.063350, 0.490999, 0.067102
0.438950, 0.470643, 0.427461, 0.463566
0.439008, 0.020725, 0.492117, 0.021963
0.439481, 0.384640, 0.452459, 0.389861
0.439514, 0.632871, -0.504260, -0.285750
0.440008, 0.761659, -0.592336, -0.231456
0.440731, 0.265616, 0.475509, 0.275695
0.440765, 0.606329, -0.639965, -0.453176
0.441582, 0.567788, -0.097499, 0.041147
0.442878, 0.825394, -0.598749, -0.171655
0.445284, 0.495495, 0.426175, 0.483318
0.445542, 0.407403, 0.452230, 0.408716
0.446328, 0.873502, -0.600231, -0.125301
0.446946, 0.126384, 0.496090, 0.132822
0.447114, 0.342634, 0.468360, 0.349241
0.447139, 0.917247, -0.602508, -0.082313
0.447442, 1.000000, -0.604327, 0.000000
0.447472, 0.958818, -0.603695, -0.041043
0.448419, 0.846593, -0.595228, -0.151746
0.448616, 0.784714, -0.587978, -0.211056
0.448726, 0.149697, 0.495889, 0.156808
0.449473, 0.173867, 0.494996, 0.181764
0.450455, 0.520011, 0.480807, 0.559772
0.450920, 0.285709, 0.482404, 0.294036
0.451938, 0.198658, 0.494672, 0.206795
0.452131, 0.000000, 0.505834, 0.000000
0.452217, 0.084526, 0.503834, 0.088882
0.452472, 0.430068, 0.451779, 0.426220
0.452491, 0.042744, 0.505465, 0.045008
0.453738, 0.696010, -0.563010, -0.289910
0.453797, 0.224158, 0.493747, 0.232463
0.456359, 0.545865, -0.355484, -0.257799
0.456580, 0.307258, 0.483971, 0.313811
0.456628, 0.366730, 0.472007, 0.369567
0.458169, 0.744230, -0.572259, -0.250186
0.458219, 0.590570, -0.475713, -0.325676
0.458564, 0.246783, 0.495387, 0.254468
0.458570, 0.453223, 0.449401, 0.443303
0.459319, 0.646504, -0.528418, -0.316547
0.459334, 0.672509, -0.563709, -0.322739
0.459429, 0.808224, -0.580926, -0.190068
0.460133, 0.896278, -0.588789, -0.103816
0.460217, 0.721177, -0.566706, -0.272460
0.460669, 0.618871, -0.573258, -0.394217
0.461212, 0.938129, -0.589827, -0.062121
0.461451, 0.979337, -0.590657, -0.020786
0.463791, 0.477226, 0.448671, 0.463981
0.464431, 0.107739, 0.514742, 0.112429
0.465147, 0.390484, 0.473848, 0.388789
0.465455, 0.328922, 0.488231, 0.332747
0.465654, 0.569522, -0.525500, -0.407338
0.465822, 0.021336, 0.518998, 0.022308
0.465934, 0.064714, 0.518341, 0.067640
0.466409, 0.857546, -0.579235, -0.142633
0.466828, 0.765825, -0.568225, -0.231661
0.468408, 0.268625, 0.501743, 0.274593
0.469548, 0.501732, 0.501304, 0.538088
0.470764, 0.831745, -0.573007, -0.168476
0.471495, 0.131629, 0.520443, 0.136650
0.471750, 0.155829, 0.518181, 0.161268
0.472319, 0.413284, 0.473601, 0.406359
0.472748, 0.180660, 0.517317, 0.186508
0.473540, 0.526621, -0.154637, -0.096248
0.474218, 0.351407, 0.491361, 0.351633
0.474609, 0.917343, -0.576025, -0.083571
0.474923, 0.788440, -0.564058, -0.211164
0.474940, 0.878391, -0.573037, -0.122576
0.475044, 0.205910, 0.516478, 0.211585
0.475218, 1.000000, -0.577474, 0.000000
0.475346, 0.958593, -0.576744, -0.041951
0.475384, 0.698689, -0.546214, -0.294031
0.476837, 0.291992, 0.506080, 0.295891
0.478590, 0.088368, 0.530081, 0.091706
0.478801, 0.436016, 0.472675, 0.423947
0.479001, 0.042978, 0.531898, 0.044650
0.479179, 0.000000, 0.532860, 0.000000
0.479363, 0.229091, 0.517963, 0.234196
0.479869, 0.603800, -0.500722, -0.359894
0.480166, 0.631953, -0.539586, -0.367515
0.480982, 0.551604, -0.509447, -0.429291
0.481618, 0.656525, -0.525725, -0.327383
0.481937, 0.742267, -0.550211, -0.256219
0.483381, 0.374542, 0.493992, 0.370204
0.483477, 0.679199, -0.537703, -0.316129
0.483741, 0.459888, 0.471239, 0.444038
0.484205, 0.314411, 0.508427, 0.315491
0.485437, 0.719022, -0.542360, -0.278323
0.485764, 0.810593, -0.556372, -0.190846
0.485933, 0.251645, 0.520944, 0.255388
0.486933, 0.579153, -0.515706, -0.410920
0.488332, 0.854322, -0.557974, -0.147713
0.488459, 0.483910, 0.539205, 0.534012
0.488887, 0.898045, -0.560921, -0.103742
0.489045, 0.937779, -0.562778, -0.063476
0.489233, 0.979082, -0.563613, -0.021378
0.491153, 0.113124, 0.540416, 0.116318
0.491441, 0.065395, 0.543556, 0.067440
0.491729, 0.767242, -0.545298, -0.234002
0.492078, 0.397239, 0.494413, 0.386553
0.492573, 0.021652, 0.545569, 0.022331
0.493070, 0.336711, 0.511893, 0.334242
0.493515, 0.508638, -0.269319, -0.252762
0.494316, 0.163233, 0.539474, 0.166792
0.494567, 0.275235, 0.525358, 0.276746
0.495127, 0.138780, 0.543194, 0.142235
0.495711, 0.188696, 0.538662, 0.192192
0.496890, 0.532865, -0.466785, -0.425905
0.497483, 0.832811, -0.547625, -0.170092
0.499466, 0.419246, 0.489055, 0.397802
0.499693, 0.621689, -0.502598, -0.363904
0.500567, 0.211647, 0.540427, 0.214254
0.500829, 0.788578, -0.539452, -0.214345
0.501232, 0.359036, 0.512761, 0.351332
0.501391, 0.876186, -0.547386, -0.126712
0.502380, 0.697784, -0.523372, -0.301830
0.502774, 1.000000, -0.550517, 0.000000
0.502924, 0.087909, 0.553846, 0.090009
0.503140, 0.917715, -0.548110, -0.084512
0.503155, 0.559464, -0.483010, -0.419005
0.503174, 0.298734, 0.529293, 0.297464
0.503180, 0.958013, -0.549489, -0.043195
0.503810, 0.646907, -0.513742, -0.351243
0.504011, 0.443323, 0.499785, 0.430849
0.504024, 0.595787, -0.500696, -0.396402
0.505316, 0.044017, 0.557884, 0.045096
0.505475, 0.234701, 0.542067, 0.236128
0.505703, 0.671300, -0.513493, -0.325383
0.506045, 0.000000, 0.559455, 0.000000
0.506140, 0.748970, -0.528638, -0.253602
0.506873, 0.725887, -0.523732, -0.275611
0.508855, 0.467399, 0.547465, 0.500131
0.510901, 0.381955, 0.517466, 0.371060
0.511274, 0.321385, 0.531200, 0.316025
0.511661, 0.812739, -0.531634, -0.191549
0.511905, 0.258216, 0.544278, 0.257683
0.512695, 0.491667, -0.222124, -0.245310
0.513181, 0.853991, -0.533991, -0.150107
0.515643, 0.107662, 0.564830, 0.109298
0.516265, 0.896514, -0.534128, -0.106883
0.516640, 0.174040, 0.559862, 0.175386
0.516696, 0.978970, -0.536564, -0.021814
0.517344, 0.576906, -0.476822, -0.409084
0.517354, 0.937073, -0.534881, -0.065170
0.517628, 0.066943, 0.569218, 0.068055
0.517696, 0.128821, 0.565673, 0.130413
0.517958, 0.516451, -0.453114, -0.454840
0.518850, 0.021846, 0.571345, 0.022210
0.519018, 0.539974, -0.463476, -0.439614
0.519357, 0.152168, 0.565568, 0.153646
0.520438, 0.402503, 0.527730, 0.393891
0.520538, 0.768109, -0.517915, -0.237032
0.520573, 0.282410, 0.547963, 0.278811
0.520682, 0.343768, 0.536127, 0.335591
0.520828, 0.612745, -0.488009, -0.383491
0.522242, 0.194726, 0.563366, 0.195130
0.523212, 0.710316, -0.506199, -0.293570
0.524295, 0.793404, -0.517213, -0.212312
0.524398, 0.427312, 0.485000, 0.374835
0.524548, 0.636019, -0.488819, -0.361938
0.525067, 0.832349, -0.520538, -0.173076
0.526061, 0.217570, 0.563959, 0.216728
0.526387, 0.684120, -0.498224, -0.318641
0.527564, 0.366341, 0.527836, 0.345177
0.528355, 0.875476, -0.520638, -0.129242
0.528811, 0.659953, -0.491938, -0.342604
0.529122, 0.451888, 0.640254, 0.553665
0.529234, 0.740402, -0.504978, -0.265178
0.529972, 0.305954, 0.552141, 0.298745
0.530172, 1.000000, -0.523383, 0.000000
0.530444, 0.089582, 0.580665, 0.090340
0.530663, 0.957938, -0.522281, -0.043899
0.530966, 0.240928, 0.564985, 0.238259
0.531025, 0.044225, 0.582950, 0.044652
0.531138, 0.915136, -0.520394, -0.088434
0.531803, 0.557072, -0.460585, -0.431806
0.532864, 0.000000, 0.585766, 0.000000
0.533407, 0.594211, -0.469647, -0.400467
0.533546, 0.477032, -0.181433, -0.243990
0.536373, 0.502298, -0.441305, -0.480100
0.536981, 0.264781, 0.566072, 0.259523
0.538230, 0.854778, -0.509463, -0.151276
0.538303, 0.328356, 0.550573, 0.313246
0.540596, 0.812735, -0.503111, -0.194445
0.540983, 0.171192, 0.584259, 0.170222
0.541217, 0.115604, 0.589011, 0.115555
0.541218, 0.384591, 0.510492, 0.332775
0.541692, 0.142733, 0.587714, 0.142298
0.541775, 0.529978, -0.442699, -0.456120
0.542970, 0.719541, -0.488651, -0.287666
0.543223, 0.066545, 0.594035, 0.066652
0.543728, 0.783684, -0.497274, -0.224367
0.544058, 0.978916, -0.509302, -0.022177
0.544319, 0.936346, -0.508111, -0.066846
0.544386, 0.618937, -0.467778, -0.382876
0.544405, 0.410914, 0.572618, 0.421708
0.544478, 0.892248, -0.505884, -0.112854
0.545017, 0.022048, 0.596669, 0.022079
0.545762, 0.694540, -0.482068, -0.312409
0.545839, 0.760093, -0.492335, -0.248260
0.545875, 0.197843, 0.585274, 0.195286
0.546600, 0.288838, 0.569794, 0.279397
0.546711, 0.575193, -0.454288, -0.421808
0.547346, 0.354449, 0.570700, 0.352508
0.549131, 0.643531, -0.469027, -0.361362
0.549332, 0.435896, 0.374002, 0.247899
0.550642, 0.223315, 0.585900, 0.218701
0.551303, 0.837249, -0.494856, -0.170336
0.552587, 0.668790, -0.471500, -0.338815
0.553357, 0.461337, -0.438603, -0.540250
0.554055, 0.089925, 0.603157, 0.089355
0.555678, 0.551427, -0.439287, -0.444126
0.555760, 0.248068, 0.586269, 0.240733
0.556518, 0.737666, -0.478171, -0.271740
0.556976, 0.044611, 0.607992, 0.044350
0.557066, 0.868024, -0.491404, -0.138861
0.557425, 0.914124, -0.494183, -0.090679
0.557435, 1.000000, -0.496100, 0.000000
0.557731, 0.957538, -0.495198, -0.044918
0.557736, 0.486851, -0.408504, -0.489068
0.557838, 0.308530, 0.576566, 0.295515
0.558102, 0.510995, -0.424301, -0.477884
0.558563, 0.598652, -0.450043, -0.404312
0.559743, 0.000000, 0.611845, 0.000000
0.560899, 0.332652, 0.564483, 0.307015
0.561542, 0.272798, 0.586281, 0.262062
0.561956, 0.799543, -0.481085, -0.210238
0.562817, 0.158400, 0.606048, 0.155492
0.564514, 0.132351, 0.609997, 0.130125
0.564544, 0.397143, 0.447663, 0.257839
0.564586, 0.371444, 0.622328, 0.404142
0.565526, 0.183873, 0.605525, 0.179537
0.565863, 0.110205, 0.612831, 0.108519
0.566332, 0.711527, -0.465152, -0.299254
0.567765, 0.623703, -0.447559, -0.383716
0.567923, 0.820497, -0.476853, -0.189086
0.568450, 0.687607, -0.459366, -0.323219
0.568473, 0.776947, -0.471899, -0.233927
0.568764, 0.068015, 0.618454, 0.067042
0.569613, 0.530004, -0.421395, -0.466461
0.569851, 0.891336, -0.480481, -0.115251
0.569856, 0.421279, 0.730759, 0.568186
0.570513, 0.209477, 0.606274, 0.202841
0.570903, 0.022036, 0.621328, 0.021716
0.570917, 0.935701, -0.481392, -0.068408
0.570931, 0.576434, -0.433526, -0.427218
0.571167, 0.978812, -0.482049, -0.022587
0.572583, 0.649297, -0.448369, -0.360727
0.572820, 0.754275, -0.464407, -0.257232
0.573445, 0.447111, -0.360522, -0.500794
0.573559, 0.846934, -0.473693, -0.162118
0.575279, 0.348631, 0.560961, 0.305247
0.575498, 0.234946, 0.606571, 0.225527
0.576842, 0.473882, -0.395566, -0.512382
0.576906, 0.291101, 0.596228, 0.275067
0.579125, 0.554298, -0.420505, -0.448796
0.579845, 0.261122, 0.604773, 0.247605
0.580706, 0.728253, -0.453607, -0.284713
0.580760, 0.502728, -0.402638, -0.491439
0.580808, 0.090770, 0.628519, 0.088662
0.581500, 0.318895, 0.594695, 0.299447
0.582126, 0.671044, -0.443427, -0.341688
0.582181, 0.045095, 0.631931, 0.044102
0.582444, 0.601598, -0.429306, -0.407392
0.583116, 0.870148, -0.465964, -0.138503
0.583519, 0.913429, -0.467841, -0.092556
0.584488, 0.957377, -0.468191, -0.045675
0.584542, 1.000000, -0.468734, 0.000000
0.585216, 0.144735, 0.627863, 0.140082
0.585934, 0.385724, 0.846526, 0.620077
0.586542, 0.170900, 0.626412, 0.164695
0.586920, 0.000000, 0.637947, 0.000000
0.587402, 0.798408, -0.455562, -0.213993
0.589762, 0.116787, 0.635006, 0.113114
0.589982, 0.699428, -0.440356, -0.315011
0.590021, 0.824804, -0.455172, -0.186626
0.590441, 0.628287, -0.427496, -0.384190
0.590489, 0.196152, 0.626495, 0.187694
0.591626, 0.406912, -0.331452, -0.532868
0.592312, 0.529422, -0.402146, -0.473810
0.592768, 0.773279, -0.446969, -0.240297
0.593449, 0.365837, 0.522401, 0.266213
0.593853, 0.431438, -0.525685, -0.709542
0.594337, 0.067951, 0.642649, 0.065840
0.595289, 0.579612, -0.412640, -0.430537
0.595401, 0.221323, 0.626456, 0.209582
0.596211, 0.022269, 0.645022, 0.021577
0.596258, 0.748168, -0.440564, -0.266423
0.596455, 0.891672, -0.453363, -0.116293
0.596669, 0.457263, -0.383594, -0.541423
0.597207, 0.935726, -0.454760, -0.069243
0.598001, 0.341325, 0.627548, 0.338680
0.598182, 0.978589, -0.454655, -0.023121
0.598395, 0.483636, -0.383169, -0.513450
0.598865, 0.651292, -0.423836, -0.363768
0.599101, 0.849684, -0.447932, -0.161125
0.599316, 0.273960, 0.617430, 0.253446
0.599431, 0.246787, 0.625690, 0.231968
0.600352, 0.554814, -0.401955, -0.453873
0.600428, 0.297908, 0.616020, 0.277037
0.602343, 0.721248, -0.431456, -0.294948
0.604550, 0.091539, 0.650440, 0.087882
0.604786, 0.510097, -0.386018, -0.493716
0.605306, 0.607834, -0.409410, -0.406496
0.605416, 0.677278, -0.421872, -0.339433
0.605682, 0.319872, 0.600411, 0.280283
0.607028, 0.135608, 0.648648, 0.129316
0.607446, 0.045824, 0.655508, 0.044033
0.608104, 0.160820, 0.647007, 0.152676
0.609657, 0.914401, -0.441224, -0.092630
0.609882, 0.869654, -0.438743, -0.140743
0.611189, 0.809097, -0.432710, -0.205165
0.611352, 0.956924, -0.440826, -0.046744
0.611441, 1.000000, -0.441382, 0.000000
0.611488, 0.185268, 0.646779, 0.174593
0.612333, 0.386513, 0.077138, -0.168648
0.613669, 0.786663, -0.427439, -0.228679
0.613933, 0.832889, -0.431317, -0.180008
0.614432, 0.000000, 0.663858, 0.000000
0.614921, 0.413327, -0.286425, -0.514007
0.615896, 0.111005, 0.659210, 0.105513
0.615934, 0.209662, 0.646977, 0.196168
0.615951, 0.699441, -0.414754, -0.318845
0.616073, 0.630719, -0.403558, -0.386747
0.616850, 0.439389, -0.353792, -0.554769
0.617031, 0.537665, -0.382838, -0.473276
0.617298, 0.359910, 0.785715, 0.495511
0.617701, 0.589126, -0.393978, -0.426646
0.617824, 0.763745, -0.420716, -0.252908
0.619352, 0.740887, -0.416767, -0.276932
0.619790, 0.464928, -0.360136, -0.535689
0.619947, 0.069944, 0.666370, 0.066496
0.620321, 0.234344, 0.644777, 0.215564
0.620345, 0.022632, 0.667392, 0.021560
0.620364, 0.565682, -0.386338, -0.448732
0.620906, 0.489472, -0.366679, -0.515855
0.621521, 0.260260, 0.642732, 0.240240
0.622077, 0.893355, -0.427226, -0.115849
0.622390, 0.657392, -0.401964, -0.361781
0.623276, 0.285240, 0.630061, 0.252888
0.624151, 0.935155, -0.427177, -0.070725
0.624439, 0.335966, 0.563697, 0.242605
0.624995, 0.978270, -0.427266, -0.023765
0.626661, 0.309379, 0.646448, 0.291127
0.627537, 0.515337, -0.368127, -0.495690
0.627969, 0.721016, -0.405674, -0.298566
0.629835, 0.849559, -0.415991, -0.163296
0.630038, 0.151565, 0.667477, 0.141499
0.630795, 0.128902, 0.670904, 0.120746
0.631783, 0.048435, 0.677579, 0.045686
0.632164, 0.091079, 0.675797, 0.085603
0.632191, 0.680227, -0.395678, -0.340456
0.632630, 0.610049, -0.383919, -0.409798
0.633150, 0.175457, 0.667586, 0.162741
0.633609, 0.872314, -0.414163, -0.139262
0.634998, 0.821878, -0.409457, -0.193734
0.635526, 0.398545, -0.356911, -0.623580
0.636557, 0.797640, -0.405038, -0.219338
0.636765, 0.913109, -0.413257, -0.095156
0.636941, 0.373003, -0.216868, -0.504198
0.637123, 0.199217, 0.666468, 0.182561
0.638075, 1.000000, -0.414113, 0.000000
0.638112, 0.956248, -0.413374, -0.048071
0.638306, 0.424754, -0.334484, -0.575446
0.638445, 0.638978, -0.383194, -0.382554
0.639811, 0.773752, -0.399427, -0.244859
0.640154, 0.555824, -0.365958, -0.462156
0.640804, 0.448812, -0.338182, -0.555410
0.641122, 0.584080, -0.370711, -0.435923
0.641632, 0.025280, 0.687039, 0.023721
0.641748, 0.222844, 0.667919, 0.204299
0.642132, 0.534212, -0.359501, -0.482330
0.642140, 0.748689, -0.394380, -0.271441
0.642292, 0.000000, 0.689107, 0.000000
0.643092, 0.701589, -0.387531, -0.320193
0.643406, 0.498018, -0.349750, -0.514732
0.643635, 0.474453, -0.343311, -0.535138
0.643942, 0.247998, 0.657083, 0.217543
0.644084, 0.349481, 0.525562, 0.206523
0.645155, 0.110977, 0.685765, 0.103034
0.645577, 0.272487, 0.667402, 0.252883
0.647604, 0.071203, 0.691590, 0.066195
0.647733, 0.323820, 0.667061, 0.304104
0.647881, 0.297301, 0.641043, 0.251400
0.648971, 0.663131, -0.376522, -0.360199
0.649349, 0.890390, -0.398891, -0.120490
0.649868, 0.726236, -0.383826, -0.295758
0.650754, 0.933655, -0.399758, -0.073249
0.651488, 0.977968, -0.400004, -0.024401
0.653104, 0.621451, -0.365734, -0.402053
0.653307, 0.837765, -0.392004, -0.178208
0.653651, 0.160831, 0.686921, 0.146789
0.653794, 0.136963, 0.690649, 0.125580
0.655265, 0.863834, -0.391164, -0.149816
0.656204, 0.049434, 0.699468, 0.045700
0.656837, 0.516582, -0.342194, -0.501536
0.657507, 0.384188, -0.291994, -0.597810
0.658157, 0.186630, 0.687266, 0.168624
0.658338, 0.411552, -0.311475, -0.589227
0.658655, 0.811731, -0.383641, -0.206393
0.659495, 0.568174, -0.350246, -0.454576
0.659955, 0.598956, -0.355493, -0.425406
0.660475, 0.685846, -0.368042, -0.338762
0.660614, 0.092449, 0.701378, 0.084794
0.661824, 0.787081, -0.378159, -0.232996
0.662592, 0.022956, 0.706605, 0.021164
0.662927, 0.909845, -0.386000, -0.099868
0.662975, 0.460935, -0.323171, -0.551665
0.663368, 0.210017, 0.685565, 0.185771
0.664015, 0.762080, -0.373953, -0.260170
0.664269, 0.955450, -0.386361, -0.049556
0.664350, 0.435714, -0.314763, -0.572648
0.664392, 0.645136, -0.358234, -0.380359
0.664445, 1.000000, -0.386929, 0.000000
0.664890, 0.360780, -0.388737, -0.729796
0.665713, 0.235436, 0.689536, 0.214805
0.666021, 0.541891, -0.339031, -0.480372
0.666204, 0.490628, -0.327952, -0.527256
0.668571, 0.710290, -0.362734, -0.314535
0.668717, 0.260332, 0.654423, 0.201321
0.668887, 0.738261, -0.365699, -0.285448
0.669149, 0.337062, -0.095277, -0.456458
0.669508, 0.118708, 0.706567, 0.107681
0.669649, 0.284337, 0.737255, 0.311515
0.669794, 0.310428, 0.665155, 0.270587
0.670197, 0.000000, 0.713295, 0.000000
0.673256, 0.883033, -0.373956, -0.130000
0.674570, 0.851470, -0.370608, -0.164792
0.675673, 0.170391, 0.704276, 0.151934
0.675723, 0.072259, 0.716494, 0.065507
0.676086, 0.668609, -0.349878, -0.358467
0.676101, 0.932051, -0.373447, -0.075911
0.676513, 0.622291, -0.342926, -0.405274
0.676790, 0.396875, -0.291936, -0.606040
0.676935, 0.583405, -0.335737, -0.442597
0.677119, 0.145862, 0.709312, 0.130474
0.677587, 0.977628, -0.372968, -0.025094
0.677603, 0.045830, 0.718532, 0.041552
0.678404, 0.826583, -0.364484, -0.192098
0.678831, 0.516183, -0.322107, -0.507281
0.681790, 0.472509, -0.309580, -0.546045
0.683335, 0.801357, -0.357183, -0.219766
0.683957, 0.559940, -0.325480, -0.467067
0.684249, 0.373192, -0.297886, -0.646196
0.684815, 0.195070, 0.706646, 0.170017
0.684826, 0.099337, 0.721848, 0.088944
0.685205, 0.419843, -0.293138, -0.591705
0.685876, 0.775219, -0.352642, -0.248513
0.686519, 0.907344, -0.361468, -0.103796
0.686576, 0.019419, 0.727805, 0.017485
0.686668, 0.221463, 0.701726, 0.190015
0.686694, 0.693939, -0.342477, -0.334045
0.687540, 0.448328, -0.299060, -0.569151
0.688849, 0.603351, -0.327122, -0.424987
0.688910, 0.645329, -0.333843, -0.384114
0.689243, 0.723382, -0.343044, -0.303457
0.689510, 0.750460, -0.345712, -0.274938
0.689789, 0.954669, -0.359846, -0.051051
0.690066, 0.247318, 0.720314, 0.234041
0.690553, 1.000000, -0.359868, 0.000000
0.690884, 0.323487, -0.222024, -0.620110
0.691278, 0.865503, -0.353807, -0.150398
0.691822, 0.296144, 1.003440, 0.576421
0.691969, 0.494885, -0.305234, -0.528334
0.692088, 0.537074, -0.313662, -0.490481
0.692538, 0.349000, -0.236542, -0.617870
0.693107, 0.125764, 0.725871, 0.111289
0.693957, 0.272702, 0.610707, 0.142290
0.697108, 0.170554, 0.722091, 0.148518
0.699210, 0.061468, 0.737035, 0.054434
0.699438, 0.395494, -0.277752, -0.618151
0.699594, 0.000000, 0.738906, 0.000000
0.699596, 0.841149, -0.343342, -0.177838
0.699883, 0.037794, 0.738403, 0.033553
0.699951, 0.668027, -0.325506, -0.362445
0.700112, 0.886403, -0.345984, -0.127799
0.700650, 0.931100, -0.347849, -0.077893
0.701489, 0.149854, 0.729049, 0.130188
0.701872, 0.580640, -0.311460, -0.450219
0.702350, 0.085425, 0.738380, 0.075249
0.702899, 0.624917, -0.316261, -0.405824
0.703325, 0.977333, -0.346151, -0.025759
0.703850, 0.817398, -0.337121, -0.204224
0.704625, 0.432437, -0.280445, -0.586581
0.704633, 0.470911, -0.289037, -0.553379
0.705249, 0.515305, -0.296764, -0.512272
0.706196, 0.789868, -0.332641, -0.234692
0.707906, 0.208656, 0.716593, 0.170571
0.708451, 0.711918, -0.321904, -0.317813
0.708637, 0.371081, -0.253997, -0.630229
0.708886, 0.558413, -0.300849, -0.472711
0.710218, 0.688054, -0.317077, -0.342769
0.710458, 0.111101, 0.742081, 0.096408
0.710673, 0.233471, 0.736184, 0.213210
0.711058, 0.764167, -0.324603, -0.262640
0.711196, 0.306651, -0.568373, -1.015809
0.711501, 0.186888, 0.732684, 0.161427
0.711947, 0.738872, -0.321118, -0.289732
0.712157, 0.908850, -0.334452, -0.103287
0.714421, 0.259585, 0.793727, 0.298475
0.714627, 0.412138, -0.267747, -0.606837
0.714780, 0.601743, -0.301683, -0.431438
0.714948, 0.330274, -0.318844, -0.746131
0.714959, 0.647525, -0.307063, -0.384805
0.715012, 0.954358, -0.333492, -0.052060
0.715555, 0.018916, 0.753142, 0.016533
0.715575, 0.861492, -0.327990, -0.156547
0.716467, 1.000000, -0.332869, 0.000000
0.716902, 0.452084, -0.274090, -0.572456
0.717675, 0.492175, -0.281195, -0.536784
0.718377, 0.536261, -0.287720, -0.494836
0.719293, 0.137114, 0.746651, 0.118019
0.719814, 0.351021, -0.270192, -0.680294
0.719884, 0.284934, -0.027390, -0.496585
0.722268, 0.043302, 0.757632, 0.037509
0.722745, 0.069595, 0.756465, 0.059943
0.724238, 0.884696, -0.320597, -0.131258
0.724550, 0.806352, -0.314482, -0.218311
0.724602, 0.165087, 0.742269, 0.135700
0.724803, 0.836634, -0.316567, -0.184891
0.724878, 0.388688, -0.250980, -0.626414
0.726087, 0.931777, -0.321082, -0.078089
0.727532, 0.670092, -0.296932, -0.363431
0.727672, 0.622350, -0.291246, -0.412460
0.727825, 0.095165, 0.758667, 0.081348
0.727830, 0.580101, -0.285080, -0.454092
0.728855, 0.000000, 0.764851, 0.000000
0.728964, 0.977534, -0.319295, -0.025892
0.730285, 0.779364, -0.305748, -0.248210
0.730663, 0.724034, -0.299813, -0.307518
0.730692, 0.513115, -0.272411, -0.519477
0.731112, 0.215565, 0.744028, 0.181511
0.731336, 0.432057, -0.257097, -0.592786
0.731472, 0.698105, -0.295921, -0.334741
0.731974, 0.471789, -0.264158, -0.557865
0.733413, 0.558392, -0.276281, -0.475859
0.733477, 0.242631, 0.875678, 0.344680
0.733978, 0.192498, 0.754522, 0.166208
0.734176, 0.310939, -0.152833, -0.620543
0.735611, 0.752529, -0.297705, -0.277855
0.735684, 0.121318, 0.761181, 0.101617
0.736625, 0.908222, -0.308640, -0.105281
0.737444, 0.365707, -0.241566, -0.655131
0.738468, 0.642886, -0.282485, -0.392760
0.739583, 0.267431, -0.079831, -0.584741
0.739947, 0.860809, -0.302271, -0.159162
0.740497, 0.955391, -0.306711, -0.051583
0.741010, 0.410615, -0.243972, -0.613473
0.741772, 0.600697, -0.273690, -0.435562
0.741868, 0.336001, -0.200922, -0.650854
0.742077, 0.023392, 0.775267, 0.019794
0.742176, 0.821279, -0.296507, -0.203140
0.742229, 0.052284, 0.773743, 0.044209
0.742496, 1.000000, -0.305552, 0.000000
0.742617, 0.148596, 0.763707, 0.123982
0.743239, 0.534385, -0.263418, -0.501063
0.745046, 0.492509, -0.255351, -0.541022
0.745193, 0.451181, -0.248153, -0.578478
0.746451, 0.078637, 0.775077, 0.065475
0.747653, 0.290544, -0.202534, -0.703764
0.748010, 0.884154, -0.295364, -0.133433
0.748648, 0.796489, -0.287631, -0.231213
0.748988, 0.389399, -0.233857, -0.634606
0.749732, 0.175354, 0.752027, 0.131222
0.750143, 0.661017, -0.272136, -0.375172
0.750689, 0.933003, -0.295134, -0.077712
0.751250, 0.684252, -0.273610, -0.351370
0.751639, 0.224893, 0.950847, 0.380976
0.751937, 0.732965, -0.277665, -0.299854
0.752309, 0.104883, 0.777721, 0.087174
0.753681, 0.842262, -0.285935, -0.180802
0.754004, 0.709136, -0.273340, -0.325716
0.754271, 0.622057, -0.263359, -0.415492
0.754580, 0.771324, -0.279341, -0.259594
0.754973, 0.579329, -0.257424, -0.458227
0.755194, 0.977830, -0.291691, -0.025946
0.755697, 0.000000, 0.786565, 0.000000
0.755958, 0.556294, -0.253683, -0.481345
0.757272, 0.513632, -0.246680, -0.522899
0.758332, 0.428684, -0.232333, -0.601641
0.758534, 0.248775, -0.296242, -0.838715
0.758588, 0.202113, 0.823145, 0.219111
0.758603, 0.354008, -0.213569, -0.661963
0.759084, 0.314622, -0.214848, -0.704166
0.759085, 0.472084, -0.238648, -0.561688
0.759921, 0.131180, 0.777366, 0.104640
0.760070, 0.910575, -0.283778, -0.103871
0.761920, 0.038615, 0.790704, 0.031755
0.764546, 0.375702, -0.215191, -0.647199
0.765264, 0.749166, -0.264810, -0.283721
0.765332, 0.062113, 0.791647, 0.050806
0.765711, 0.817664, -0.271035, -0.209372
0.766333, 0.271473, -0.241867, -0.782228
0.766354, 0.641882, -0.252971, -0.396645
0.766409, 0.955588, -0.279350, -0.052137
0.766694, 0.158237, 0.778151, 0.124998
0.768320, 0.863950, -0.272202, -0.157787
0.768729, 1.000000, -0.277896, 0.000000
0.768758, 0.405732, -0.218877, -0.623740
0.768782, 0.602016, -0.246103, -0.437494
0.769259, 0.535947, -0.237804, -0.502958
0.769926, 0.888519, -0.271788, -0.129759
0.769964, 0.088424, 0.792295, 0.070617
0.770969, 0.335883, -0.208591, -0.688910
0.771407, 0.450021, -0.223911, -0.584783
0.771547, 0.019615, 0.799201, 0.016086
0.772428, 0.493486, -0.228980, -0.543622
0.772549, 0.792660, -0.261615, -0.237788
0.772640, 0.668062, -0.249044, -0.370230
0.774656, 0.226560, 0.335541, -0.245129
0.774834, 0.694323, -0.249551, -0.343308
0.774972, 0.293726, -0.204647, -0.732142
0.775349, 0.183764, 0.790220, 0.152096
0.776020, 0.721525, -0.251192, -0.315089
0.776098, 0.932906, -0.268077, -0.078951
0.776977, 0.113100, 0.797670, 0.092506
0.778369, 0.561498, -0.231677, -0.478989
0.779164, 0.839364, -0.258488, -0.186461
0.780894, 0.769386, -0.249891, -0.263499
0.781744, 0.977602, -0.263706, -0.026683
0.781818, 0.584246, -0.230795, -0.456994
0.782501, 0.620985, -0.233965, -0.420021
0.783280, 0.516228, -0.221280, -0.523339
0.783366, 0.140892, 0.784668, 0.099558
0.783798, 0.386449, -0.202249, -0.643626
0.783940, 0.250477, -0.102485, -0.684266
0.784293, 0.000000, 0.809831, 0.000000
0.784435, 0.427425, -0.208315, -0.607648
0.785285, 0.471823, -0.213984, -0.566838
0.785286, 0.909519, -0.256728, -0.106577
0.785788, 0.360582, -0.196863, -0.667385
0.786368, 0.314986, -0.188188, -0.706052
0.786377, 0.069861, 0.807336, 0.055221
0.786728, 0.206525, 0.664958, 0.052987
0.787230, 0.043977, 0.810591, 0.034669
0.789204, 0.744677, -0.239221, -0.291781
0.789341, 0.647085, -0.229306, -0.393837
0.789432, 0.813778, -0.244979, -0.215934
0.791344, 0.882962, -0.248538, -0.137823
0.792201, 0.166019, 0.822260, 0.151770
0.792443, 0.954790, -0.251750, -0.053990
0.792969, 0.273350, -0.146746, -0.713974
0.793283, 0.542201, -0.214246, -0.499104
0.794120, 0.673918, -0.226704, -0.366355
0.794868, 1.000000, -0.250319, 0.000000
0.795028, 0.858972, -0.242938, -0.165725
0.795044, 0.093668, 0.810108, 0.071292
0.795756, 0.338010, -0.182611, -0.686695
0.796853, 0.406941, -0.193734, -0.627712
0.796964, 0.449151, -0.199695, -0.589712
0.797261, 0.700008, -0.225785, -0.339316
0.797768, 0.789005, -0.233343, -0.243800
0.798409, 0.122467, 0.813580, 0.098040
0.798500, 0.021641, 0.820053, 0.017043
0.798757, 0.494442, -0.203816, -0.547358
0.799598, 0.600352, -0.213931, -0.442425
0.800081, 0.722225, -0.224563, -0.315741
0.800257, 0.230229, -0.269330, -0.882842
0.801292, 0.930704, -0.241078, -0.082862
0.802492, 0.570103, -0.207838, -0.472671
0.802824, 0.294751, -0.159743, -0.715207
0.803621, 0.188766, 0.697608, 0.051747
0.804625, 0.834107, -0.230156, -0.194657
0.806001, 0.763821, -0.222562, -0.272708
0.806114, 0.627376, -0.209715, -0.415752
0.806522, 0.382500, -0.181112, -0.650669
0.806523, 0.518344, -0.198770, -0.525161
0.806692, 0.065448, 0.823875, 0.050306
0.808314, 0.976842, -0.235670, -0.028171
0.808395, 0.904492, -0.231796, -0.114208
0.808771, 0.147832, 0.792819, 0.090179
0.810404, 0.253959, -0.182106, -0.783953
0.810661, 0.472656, -0.189426, -0.569215
0.811434, 0.360165, -0.172986, -0.670601
0.811617, 0.000000, 0.831037, 0.000000
0.811660, 0.654938, -0.206192, -0.387707
0.812235, 0.426234, -0.182151, -0.612413
0.812809, 0.316305, -0.162023, -0.705835
0.814012, 0.042388, 0.830414, 0.031300
0.814182, 0.809037, -0.217062, -0.223271
0.814849, 0.878621, -0.222729, -0.144843
0.814862, 0.210602, -0.271233, -0.915260
0.815284, 0.544680, -0.192551, -0.500008
0.815553, 0.739126, -0.209054, -0.299038
0.815685, 0.682838, -0.204229, -0.358958
0.816284, 0.107283, 0.821207, 0.076201
0.817741, 0.952171, -0.224751, -0.058208
0.819498, 0.170617, 0.871818, 0.192909
0.819554, 0.085343, 0.828393, 0.061705
0.820168, 0.338002, -0.161450, -0.690711
0.820552, 1.000000, -0.223199, 0.000000
0.820790, 0.853549, -0.214046, -0.174193
0.820876, 0.448037, -0.176574, -0.593243
0.820976, 0.276914, -0.158894, -0.749385
0.822297, 0.587125, -0.189084, -0.457922
0.822362, 0.710672, -0.199432, -0.330413
0.822416, 0.783953, -0.206047, -0.252119
0.822992, 0.402583, -0.169035, -0.635529
0.823765, 0.129627, 0.848344, 0.115410
0.824830, 0.497307, -0.178111, -0.547134
0.824903, 0.925755, -0.215497, -0.090334
0.825024, 0.611160, -0.188306, -0.433861
0.826094, 0.021510, 0.840019, 0.016220
0.826749, 0.563482, -0.182440, -0.482255
0.826854, 0.233912, -0.136917, -0.775210
0.828261, 0.524378, -0.177232, -0.520808
0.829817, 0.636622, -0.185271, -0.408134
0.830232, 0.828357, -0.200962, -0.203281
0.831052, 0.299649, -0.149625, -0.728195
0.831112, 0.759357, -0.193657, -0.278755
0.831745, 0.377481, -0.157745, -0.659235
0.831922, 0.899185, -0.205783, -0.122413
0.831929, 0.061999, 0.844350, 0.047385
0.832692, 0.192125, -0.313740, -0.991589
0.834045, 0.662559, -0.182745, -0.381595
0.834124, 0.472176, -0.166297, -0.571707
0.834131, 0.973478, -0.208392, -0.033019
0.836412, 0.152052, 0.818534, 0.107512
0.837026, 0.687978, -0.181388, -0.355136
0.837238, 0.256905, -0.129009, -0.755765
0.837990, 0.352971, -0.148899, -0.681620
0.838329, 0.733668, -0.183744, -0.307314
0.838776, 0.872818, -0.195741, -0.153789
0.838828, 0.423140, -0.156687, -0.618871
0.838863, 0.000000, 0.852172, 0.000000
0.839207, 0.803338, -0.188883, -0.232234
0.840048, 0.324684, -0.143995, -0.707132
0.840848, 0.107202, 0.836493, 0.069828
0.841743, 0.946293, -0.198675, -0.066713
0.842078, 0.214317, -0.136862, -0.808508
0.842231, 0.447800, -0.155912, -0.595520
0.842256, 0.042529, 0.850304, 0.028314
0.842882, 0.083867, 0.840087, 0.052587
0.843777, 0.544029, -0.163055, -0.502676
0.844523, 1.000000, -0.198112, 0.000000
0.846086, 0.847162, -0.184879, -0.183643
0.847048, 0.514414, -0.157319, -0.532349
0.847055, 0.595756, -0.163838, -0.451493
0.847125, 0.172256, -0.345459, -1.054764
0.847506, 0.571506, -0.161413, -0.475762
0.847539, 0.711411, -0.171639, -0.331234
0.847553, 0.130549, 0.963650, 0.213634
0.847597, 0.778734, -0.176894, -0.259267
0.848020, 0.396769, -0.145075, -0.643877
0.848417, 0.919385, -0.189452, -0.099906
0.848623, 0.278202, -0.126046, -0.743578
0.850118, 0.619993, -0.162360, -0.426964
0.850690, 0.489351, -0.151480, -0.556931
0.853215, 0.020362, 0.856562, 0.013621
0.854060, 0.238619, -0.115950, -0.776239
0.854091, 0.644077, -0.159749, -0.402323
0.855494, 0.892330, -0.178933, -0.132773
0.855631, 0.753461, -0.165962, -0.287450
0.856078, 0.821706, -0.171382, -0.213365
0.856156, 0.300571, -0.124604, -0.727792
0.856990, 0.371001, -0.133884, -0.668135
0.857528, 0.667487, -0.157553, -0.378057
0.857565, 0.980656, -0.182487, -0.024694
0.859114, 0.066227, 0.868709, 0.054771
0.859874, 0.689804, -0.156365, -0.354540
0.859968, 0.464971, -0.140173, -0.581213
0.860689, 0.346178, -0.127546, -0.690009
0.861504, 0.195317, -0.074743, -0.783410
0.861896, 0.959903, -0.177773, -0.051135
0.862806, 0.438413, -0.135142, -0.606869
0.862916, 0.322249, -0.122354, -0.710746
0.862966, 0.865872, -0.167470, -0.163965
0.864377, 0.147441, -0.062070, -0.802943
0.864471, 0.729696, -0.154133, -0.313057
0.864509, 0.413805, -0.131234, -0.630044
0.864580, 0.093832, 0.813334, 0.014466
0.864968, 0.797434, -0.158786, -0.240354
0.865229, 0.531824, -0.140043, -0.516532
0.865914, 0.259125, -0.111438, -0.763953
0.866600, 0.000000, 0.876627, 0.000000
0.866834, 0.118591, 1.032818, 0.262317
0.866874, 0.219613, -0.095182, -0.785259
0.867324, 0.936365, -0.170251, -0.080964
0.867474, 0.041358, 0.869245, 0.026576
0.867733, 0.556622, -0.139210, -0.492183
0.869653, 0.171183, -0.030176, -0.766024
0.869847, 0.505383, -0.133450, -0.542907
0.870388, 0.582466, -0.138112, -0.466276
0.871115, 0.840075, -0.155793, -0.194231
0.871867, 1.000000, -0.168136, 0.000000
0.872011, 0.607045, -0.137976, -0.441432
0.872275, 0.910855, -0.162061, -0.112653
0.872382, 0.772510, -0.148442, -0.268147
0.873394, 0.387131, -0.120363, -0.655598
0.874619, 0.706767, -0.141208, -0.337769
0.875570, 0.631487, -0.135625, -0.416461
0.876260, 0.283885, -0.106952, -0.745999
0.877332, 0.481704, -0.124201, -0.566668
0.879282, 0.655818, -0.133012, -0.391412
0.879548, 0.884337, -0.150363, -0.144435
0.880910, 0.021089, 0.864737, 0.007082
0.881398, 0.747255, -0.136326, -0.295531
0.881892, 0.680464, -0.131570, -0.365808
0.882469, 0.060230, 0.888535, 0.052744
0.882967, 0.815058, -0.139573, -0.222505
0.882987, 0.360944, -0.109061, -0.680160
0.883180, 0.307216, -0.103701, -0.727207
0.883539, 0.333932, -0.105998, -0.704001
0.883993, 0.238088, -0.095218, -0.783852
0.884034, 0.977782, -0.154377, -0.029562
0.884157, 0.456123, -0.115597, -0.591974
0.885001, 0.082100, 0.888307, 0.064374
0.885247, 0.431919, -0.112780, -0.614866
0.887079, 0.209330, -0.094364, -0.811412
0.887473, 0.132363, -0.222934, -0.999402
0.887603, 0.858522, -0.138382, -0.174949
0.888133, 0.954370, -0.148925, -0.060313
0.888175, 0.521636, -0.115782, -0.528051
0.888351, 0.184911, -0.095296, -0.834491
0.888418, 0.405685, -0.107722, -0.639699
0.889039, 0.106301, 0.718715, -0.073410
0.889714, 0.157158, -0.106527, -0.871289
0.890326, 0.543765, -0.114815, -0.506073
0.890488, 0.264572, -0.092615, -0.763352
0.890648, 0.790837, -0.128884, -0.249626
0.890935, 0.723035, -0.124070, -0.321824
0.891632, 0.929136, -0.142337, -0.092750
0.891726, 0.568251, -0.114758, -0.481811
0.893826, 0.000000, 0.904999, 0.000000
0.894111, 0.593780, -0.113635, -0.456281
0.895467, 0.499512, -0.107045, -0.550750
0.895565, 0.903227, -0.133960, -0.124235
0.896084, 0.041746, 0.907132, 0.040881
0.896337, 0.834098, -0.125612, -0.202712
0.896757, 0.765312, -0.120047, -0.277241
0.896793, 0.619074, -0.112096, -0.430700
0.897790, 1.000000, -0.141273, 0.000000
0.898903, 0.381166, -0.095923, -0.663078
0.899014, 0.698146, -0.113624, -0.348461
0.900454, 0.644516, -0.109388, -0.404647
0.902063, 0.473917, -0.098895, -0.576093
0.902909, 0.670370, -0.107939, -0.377846
0.903950, 0.341863, -0.088187, -0.698473
0.904060, 0.291744, -0.083697, -0.741974
0.904074, 0.876980, -0.120805, -0.155567
0.906065, 0.423823, -0.091965, -0.623758
0.906076, 0.317278, -0.084224, -0.720461
0.907194, 0.739174, -0.106650, -0.305747
0.907446, 0.066320, 0.971270, 0.124243
0.908009, 0.221724, -0.071407, -0.797876
0.908303, 0.021864, 0.853767, -0.011605
0.909223, 0.245729, -0.074152, -0.780089
0.909335, 0.973592, -0.127588, -0.037055
0.909413, 0.447981, -0.090076, -0.600936
0.910210, 0.807475, -0.107450, -0.233110
0.910561, 0.090366, 0.296389, -0.526034
0.910840, 0.195801, -0.064332, -0.816107
0.910909, 0.169632, -0.059770, -0.834014
0.910921, 0.116991, -0.209908, -1.026282
0.911351, 0.142672, -0.067610, -0.865515
0.911796, 0.360885, -0.082410, -0.681884
0.912046, 0.946278, -0.121438, -0.074091
0.912115, 0.523603, -0.091207, -0.527863
0.913175, 0.551014, -0.091434, -0.501026
0.913241, 0.270300, -0.073749, -0.760630
0.913877, 0.855342, -0.106762, -0.180582
0.914007, 0.400595, -0.082879, -0.646054
0.914859, 0.577971, -0.090838, -0.473849
0.915080, 0.919639, -0.113157, -0.107273
0.915313, 0.781829, -0.099696, -0.260609
0.917032, 0.715786, -0.094337, -0.331080
0.917211, 0.496031, -0.084663, -0.554807
0.917496, 0.604723, -0.089127, -0.446601
0.918514, 0.830382, -0.099080, -0.208223
0.918611, 0.893746, -0.105081, -0.137803
0.920265, 0.756363, -0.092552, -0.288021
0.920448, 0.000000, 0.926600, 0.000000
0.920546, 0.631409, -0.086898, -0.419260
0.920907, 0.687902, -0.088748, -0.360465
0.921940, 0.046361, 1.079310, 0.192949
0.922011, 1.000000, -0.116052, 0.000000
0.923236, 0.658908, -0.085018, -0.390829
0.925736, 0.468729, -0.074858, -0.581925
0.927830, 0.379135, -0.068537, -0.666424
0.927843, 0.334684, -0.066073, -0.706746
0.927921, 0.425028, -0.070687, -0.623417
0.928945, 0.309093, -0.063530, -0.729464
0.932005, 0.285569, -0.059306, -0.749588
0.932291, 0.233166, -0.055538, -0.792960
0.932341, 0.208019, -0.053410, -0.812452
0.932477, 0.072390, 0.173384, -0.676006
0.932700, 0.100562, -0.090124, -0.936406
0.933226, 0.873172, -0.085274, -0.162926
0.933246, 0.154824, -0.041975, -0.845652
0.933281, 0.181426, -0.049438, -0.831525
0.933411, 0.022728, 0.900159, 0.057438
0.933481, 0.127808, -0.025418, -0.851407
0.933553, 0.956619, -0.098098, -0.063942
0.933604, 0.980178, -0.100658, -0.030224
0.934123, 0.258339, -0.055812, -0.772662
0.934556, 0.537186, -0.068450, -0.514872
0.935090, 0.734472, -0.074694, -0.312512
0.935468, 0.930351, -0.090131, -0.097554
0.935548, 0.791774, -0.076656, -0.251325
0.935701, 0.563524, -0.068130, -0.488566
0.935912, 0.512082, -0.066152, -0.539584
0.936293, 0.447862, -0.063430, -0.602242
0.936688, 0.816512, -0.076809, -0.225098
0.936868, 0.356155, -0.058893, -0.688111
0.937369, 0.845737, -0.077697, -0.193043
0.937685, 0.590212, -0.066882, -0.461689
0.937850, 0.902968, -0.082611, -0.129624
0.938551, 0.400596, -0.059317, -0.647097
0.938848, 0.705363, -0.069293, -0.342939
0.939062, 0.764726, -0.071224, -0.280189
0.939508, 0.486467, -0.061602, -0.564913
0.940187, 0.617352, -0.065022, -0.434101
0.941165, 0.675767, -0.065696, -0.373701
0.942137, 0.645520, -0.063730, -0.405169
0.946293, 0.045905, 0.767891, -0.114893
0.946582, 0.000000, 1.062412, 0.000000
0.949551, 1.000000, -0.084826, 0.000000
0.951394, 0.423620, -0.047721, -0.626094
0.951973, 0.325992, -0.043685, -0.716500
0.953980, 0.300131, -0.040769, -0.739007
0.954741, 0.377736, -0.043012, -0.669380
0.954906, 0.088508, -0.071150, -0.936188
0.955130, 0.273578, -0.038539, -0.761543
0.955227, 0.467551, -0.045142, -0.584078
0.955228, 0.194200, -0.034510, -0.825010
0.955300, 0.220408, -0.035694, -0.804728
0.955341, 0.114396, -0.028020, -0.876307
0.955571, 0.167527, -0.033718, -0.845370
0.955571, 0.140972, -0.033703, -0.864574
0.955658, 0.886034, -0.058528, -0.151073
0.955943, 0.246452, -0.036530, -0.783982
0.956012, 0.943411, -0.065897, -0.085254
0.956452, 0.971737, -0.072850, -0.047838
0.956623, 0.859363, -0.055147, -0.180075
0.956934, 0.747424, -0.050045, -0.299652
0.956988, 0.548911, -0.045315, -0.504199
0.957176, 0.064713, -0.082799, -0.964709
0.957292, 0.915272, -0.059395, -0.118304
0.957315, 0.830790, -0.052703, -0.210978
0.957618, 0.720106, -0.048479, -0.328261
0.957643, 0.522564, -0.044029, -0.530413
0.957940, 0.350625, -0.039078, -0.694092
0.958128, 0.575806, -0.044693, -0.477115
0.958361, 0.803122, -0.050239, -0.240613
0.958502, 0.776498, -0.049060, -0.268745
0.958607, 0.024143, 0.926068, 0.151633
0.959266, 0.496220, -0.041736, -0.556350
0.959511, 0.691224, -0.045624, -0.358369
0.959886, 0.603261, -0.043375, -0.449205
0.960225, 0.661484, -0.044170, -0.389174
0.960819, 0.443322, -0.038942, -0.607611
0.961131, 0.631646, -0.042582, -0.420080
0.962125, 0.402653, -0.036654, -0.646234
0.972154, 0.000000, 1.562506, 0.000000
0.974027, 1.000000, -0.056383, 0.000000
0.975577, 0.045739, -0.227498, -1.169031
0.976275, 0.313130, -0.021320, -0.728102
0.977286, 0.951897, -0.037155, -0.079021
0.977296, 0.287025, -0.019862, -0.750710
0.977382, 0.898160, -0.031151, -0.139913
0.977668, 0.099873, -0.007356, -0.894044
0.977678, 0.260395, -0.018918, -0.773099
0.977704, 0.180316, -0.016088, -0.835607
0.977706, 0.206890, -0.017293, -0.815788
0.977799, 0.126689, -0.013115, -0.874837
0.977847, 0.925588, -0.032749, -0.109670
0.977862, 0.153530, -0.014473, -0.854937
0.977899, 0.479043, -0.022466, -0.573987
0.977944, 0.366137, -0.020782, -0.680580
0.977950, 0.338238, -0.020313, -0.705873
0.977998, 0.233469, -0.017948, -0.795023
0.978068, 0.844097, -0.027673, -0.197893
0.978072, 0.871316, -0.028728, -0.168826
0.978409, 0.977288, -0.041024, -0.045454
0.978412, 0.760515, -0.025346, -0.286430
0.978698, 0.422802, -0.020899, -0.627801
0.978774, 0.732986, -0.024505, -0.315376
0.978863, 0.534687, -0.022117, -0.518769
0.978881, 0.561714, -0.022399, -0.491664
0.978882, 0.816544, -0.025885, -0.227117
0.979077, 0.073189, -0.030087, -0.948293
0.979162, 0.705106, -0.023680, -0.344504
0.979586, 0.676259, -0.022859, -0.374469
0.979630, 0.788570, -0.024390, -0.256722
0.979705, 0.589304, -0.021810, -0.463707
0.979773, 0.507321, -0.020861, -0.545950
0.979952, 0.647194, -0.022129, -0.404434
0.980192, 0.452276, -0.019790, -0.599628
0.980223, 0.392586, -0.019056, -0.656326
0.980489, 0.617849, -0.021250, -0.434557
0.982486, 0.020013, 0.045221, -0.849640
1.000000, 0.000000, 0.000000, 0.000000
1.000000, 0.030936, 0.000000, -0.839362
1.000000, 0.057655, 0.000000, -0.806715
1.000000, 0.085657, 0.000000, -0.868457
1.000000, 0.112697, 0.000000, -0.876419
1.000000, 0.139670, 0.000000, -0.863646
1.000000, 0.166581, 0.000000, -0.846399
1.000000, 0.193337, 0.000000, -0.827047
1.000000, 0.220045, 0.000000, -0.806451
1.000000, 0.246890, 0.000000, -0.784834
1.000000, 0.273566, 0.000000, -0.762711
1.000000, 0.300022, 0.000000, -0.740133
1.000000, 0.325974, 0.000000, -0.717535
1.000000, 0.352860, 0.000000, -0.693179
1.000000, 0.379982, 0.000000, -0.668375
1.000000, 0.408530, 0.000000, -0.641211
1.000000, 0.436563, 0.000000, -0.614954
1.000000, 0.465138, 0.000000, -0.587095
1.000000, 0.492364, 0.000000, -0.560892
1.000000, 0.520472, 0.000000, -0.532900
1.000000, 0.548014, 0.000000, -0.505603
1.000000, 0.575635, 0.000000, -0.477851
1.000000, 0.603888, 0.000000, -0.449062
1.000000, 0.632815, 0.000000, -0.419352
1.000000, 0.661550, 0.000000, -0.389891
1.000000, 0.690101, 0.000000, -0.360364
1.000000, 0.718336, 0.000000, -0.330987
1.000000, 0.746211, 0.000000, -0.301836
1.000000, 0.773780, 0.000000, -0.272919
1.000000, 0.801847, 0.000000, -0.243076
1.000000, 0.829313, 0.000000, -0.214200
1.000000, 0.856088, 0.000000, -0.186023
1.000000, 0.882475, 0.000000, -0.158014
1.000000, 0.907977, 0.000000, -0.130847
1.000000, 0.932670, 0.000000, -0.103737
1.000000, 0.955843, 0.000000, -0.076983
1.000000, 0.978099, 0.000000, -0.046347
1.000000, 1.000000, 0.000000, 0.000000
