0.000000, 0.000000, 0.000000, 0.000000
0.000000, 0.029021, 0.000000, 0.081441
0.000000, 0.056003, 0.000000, 0.132807
0.000000, 0.082472, 0.000000, 0.182080
0.000000, 0.109014, 0.000000, 0.231221
0.000000, 0.136105, 0.000000, 0.280725
0.000000, 0.164611, 0.000000, 0.332673
0.000000, 0.194376, 0.000000, 0.388484
0.000000, 0.222208, 0.000000, 0.437164
0.000000, 0.251923, 0.000000, 0.489031
0.000000, 0.281839, 0.000000, 0.540404
0.000000, 0.310797, 0.000000, 0.589418
0.000000, 0.337786, 0.000000, 0.632360
0.000000, 0.365748, 0.000000, 0.676074
0.000000, 0.393541, 0.000000, 0.716560
0.000000, 0.422563, 0.000000, 0.758235
0.000000, 0.450038, 0.000000, 0.794884
0.000000, 0.477148, 0.000000, 0.828659
0.000000, 0.504111, 0.000000, 0.859576
0.000000, 0.531347, 0.000000, 0.888089
0.000000, 0.558609, 0.000000, 0.913673
0.000000, 0.584626, 0.000000, 0.934385
0.000000, 0.610989, 0.000000, 0.951873
0.000000, 0.636910, 0.000000, 0.964923
0.000000, 0.662307, 0.000000, 0.973191
0.000000, 0.688824, 0.000000, 0.976722
0.000000, 0.715827, 0.000000, 0.974091
0.000000, 0.742847, 0.000000, 0.964141
0.000000, 0.769486, 0.000000, 0.946129
0.000000, 0.795477, 0.000000, 0.919529
0.000000, 0.820995, 0.000000, 0.883597
0.000000, 0.846479, 0.000000, 0.836579
0.000000, 0.872229, 0.000000, 0.775771
0.000000, 0.898064, 0.000000, 0.698920
0.000000, 0.923541, 0.000000, 0.603693
0.000000, 0.948427, 0.000000, 0.502611
0.000000, 0.973004, 0.000000, 0.416385
0.000000, 1.000000, 0.000000, 0.000000
0.018189, 0.178444, 0.035029, 0.358949
0.018281, 0.267328, 0.032267, 0.515233
0.018734, 0.236793, 0.034119, 0.462718
0.018896, 0.409359, 0.027301, 0.738504
0.019293, 0.984915, -0.291053, 0.208737
0.019452, 0.297296, 0.033243, 0.566107
0.019654, 0.019337, 0.054891, 0.054111
0.019874, 0.149502, 0.039460, 0.306084
0.020665, 0.544990, 0.019453, 0.899742
0.020922, 0.517765, 0.022246, 0.872783
0.021053, 0.350280, 0.033357, 0.651235
0.021135, 0.436918, 0.028692, 0.776157
0.021183, 0.729813, -0.007988, 0.967252
0.021238, 0.702259, -0.002315, 0.973925
0.021523, 0.463839, 0.027301, 0.810822
0.021614, 0.490545, 0.025295, 0.842795
0.021764, 0.379852, 0.032979, 0.695848
0.021802, 0.756596, -0.015049, 0.952759
0.021824, 0.597310, 0.014514, 0.941581
0.021913, 0.674763, 0.002763, 0.973417
0.022110, 0.121583, 0.045258, 0.254467
0.022149, 0.208174, 0.041534, 0.413098
0.022371, 0.885957, -0.072000, 0.729338
0.022583, 0.624419, 0.011307, 0.957279
0.022661, 0.912242, -0.093996, 0.639753
0.022725, 0.572255, 0.018351, 0.923292
0.022739, 0.044448, 0.054825, 0.107743
0.022768, 0.859830, -0.056692, 0.800373
0.022816, 0.783577, -0.023806, 0.929025
0.022823, 0.324628, 0.037658, 0.611123
0.023006, 0.095475, 0.048888, 0.205640
0.023281, 0.069970, 0.052009, 0.157337
0.023377, 0.937588, -0.122501, 0.537586
0.023454, 0.834113, -0.044985, 0.855233
0.023533, 0.808963, -0.034002, 0.897071
0.023741, 0.648317, 0.007719, 0.966953
0.023811, 0.961293, -0.191932, 0.393356
0.027795, 0.000000, 0.079609, 0.000000
0.032728, 1.000000, -0.436508, 0.000000
0.036759, 0.253549, 0.065846, 0.491056
0.037405, 0.282760, 0.064948, 0.541154
0.038200, 0.186654, 0.072911, 0.371887
0.038341, 0.400010, 0.055911, 0.723936
0.039483, 0.361481, 0.061591, 0.667013
0.040004, 0.161515, 0.078210, 0.326065
0.041235, 0.227539, 0.075890, 0.445843
0.041866, 0.557627, 0.036312, 0.908506
0.041888, 0.135269, 0.084137, 0.278047
0.041922, 0.716834, -0.010481, 0.964753
0.041932, 0.610503, 0.024066, 0.945906
0.042067, 0.531238, 0.041746, 0.884383
0.042143, 0.425026, 0.058370, 0.758957
0.042220, 0.688823, 0.000371, 0.968822
0.042281, 0.504629, 0.046744, 0.856889
0.042649, 0.309370, 0.071630, 0.584866
0.043108, 0.026966, 0.104345, 0.065112
0.043299, 0.451109, 0.056361, 0.793362
0.043413, 0.770163, -0.038160, 0.932274
0.043564, 0.743133, -0.023529, 0.952561
0.043582, 0.477199, 0.052709, 0.825438
0.044124, 0.660426, 0.010368, 0.965257
0.044142, 0.900916, -0.168190, 0.653656
0.044823, 0.874262, -0.131914, 0.740938
0.045194, 0.928399, -0.231561, 0.534359
0.045648, 0.978298, -0.449527, 0.147512
0.045654, 0.054995, 0.102324, 0.123932
0.045720, 0.107484, 0.094582, 0.225803
0.045957, 0.848114, -0.104146, 0.808333
0.046430, 0.585445, 0.033481, 0.929135
0.046816, 0.081883, 0.100183, 0.176830
0.046856, 0.797383, -0.060160, 0.899121
0.047154, 0.335929, 0.076359, 0.626551
0.047368, 0.954749, -0.366342, 0.339517
0.047404, 0.822351, -0.081913, 0.859568
0.049148, 0.633976, 0.020677, 0.955514
0.049440, 0.204381, 0.092908, 0.403521
0.050685, 0.382642, 0.076339, 0.697292
0.051706, 0.000000, 0.123124, 0.000000
0.056084, 0.268467, 0.098742, 0.514405
0.059642, 1.000000, -0.533102, 0.000000
0.061108, 0.176389, 0.117392, 0.351377
0.061181, 0.245439, 0.110281, 0.474242
0.062059, 0.291743, 0.106447, 0.553544
0.062131, 0.409234, 0.088910, 0.733813
0.062153, 0.704678, -0.009420, 0.956794
0.062621, 0.676033, 0.006482, 0.958925
0.062828, 0.357928, 0.098335, 0.658205
0.063155, 0.566832, 0.051684, 0.909424
0.063188, 0.150920, 0.124327, 0.304990
0.063369, 0.491674, 0.073111, 0.837310
0.063456, 0.124141, 0.127831, 0.254598
0.063850, 0.607850, 0.037379, 0.937062
0.064253, 0.517996, 0.067337, 0.865182
0.064449, 0.542662, 0.060485, 0.888680
0.064835, 0.436996, 0.087191, 0.770677
0.065005, 0.916045, -0.309337, 0.534543
0.065082, 0.756590, -0.047713, 0.927933
0.065652, 0.729700, -0.027372, 0.945364
0.065684, 0.782337, -0.072000, 0.900891
0.065933, 0.463256, 0.082757, 0.803313
0.066168, 0.020295, 0.148692, 0.045538
0.066303, 0.889203, -0.232558, 0.654773
0.066808, 0.316489, 0.111079, 0.593834
0.066952, 0.221048, 0.123513, 0.431089
0.067097, 0.945212, -0.469036, 0.317309
0.067411, 0.043396, 0.149587, 0.095383
0.067822, 0.863042, -0.184217, 0.737711
0.068497, 0.650547, 0.020410, 0.952000
0.069047, 0.069167, 0.148002, 0.148325
0.069561, 0.837080, -0.145804, 0.801838
0.070399, 0.974915, -0.571582, 0.118958
0.070706, 0.095641, 0.146231, 0.199102
0.071761, 0.811158, -0.113610, 0.851269
0.072791, 0.195719, 0.137283, 0.385168
0.073150, 0.382082, 0.109844, 0.692065
0.074854, 0.585490, 0.053428, 0.918899
0.075997, 0.338155, 0.122526, 0.626449
0.077068, 0.627354, 0.035060, 0.940000
0.078350, 0.000000, 0.174630, 0.000000
0.079247, 0.268443, 0.139126, 0.511772
0.080655, 0.692213, -0.004326, 0.946272
0.083434, 0.480335, 0.099524, 0.818760
0.084089, 0.240144, 0.151944, 0.462425
0.084248, 0.402840, 0.121448, 0.719277
0.084316, 0.116180, 0.170236, 0.236771
0.085003, 0.929408, -0.517913, 0.340849
0.085197, 0.167845, 0.164303, 0.332980
0.085231, 0.141670, 0.168490, 0.285241
0.085237, 0.295351, 0.144945, 0.555541
0.085256, 1.000000, -0.635774, 0.000000
0.085453, 0.507308, 0.092780, 0.847517
0.085658, 0.426167, 0.117509, 0.751334
0.086042, 0.791631, -0.109738, 0.863967
0.086299, 0.558616, 0.073236, 0.894089
0.086780, 0.743334, -0.051800, 0.918355
0.087220, 0.668316, 0.012899, 0.942987
0.087519, 0.533456, 0.084906, 0.872306
0.087707, 0.903879, -0.400332, 0.502445
0.087801, 0.958216, -0.613924, 0.176284
0.088073, 0.715702, -0.025834, 0.933494
0.088291, 0.361273, 0.137039, 0.659150
0.089060, 0.451182, 0.114977, 0.782360
0.089299, 0.766739, -0.081346, 0.893015
0.089659, 0.878833, -0.301762, 0.629132
0.090262, 0.026085, 0.194760, 0.055614
0.090291, 0.603964, 0.053527, 0.922172
0.091002, 0.052791, 0.193683, 0.111180
0.091324, 0.215954, 0.168814, 0.419233
0.091484, 0.853920, -0.235715, 0.715895
0.092624, 0.079184, 0.192509, 0.164119
0.093492, 0.318899, 0.154084, 0.591793
0.093687, 0.829323, -0.188385, 0.777102
0.094440, 0.190778, 0.178400, 0.373460
0.095224, 0.645736, 0.029608, 0.934300
0.098998, 0.979956, -0.679394, 0.076400
0.099553, 0.577985, 0.073080, 0.901719
0.099717, 0.383591, 0.148605, 0.688745
0.100205, 0.254105, 0.178177, 0.483788
0.100937, 0.101106, 0.204907, 0.205236
0.101784, 0.807777, -0.164342, 0.808608
0.102186, 0.000000, 0.217526, 0.000000
0.102939, 0.690997, -0.008253, 0.926922
0.103137, 0.470945, 0.125095, 0.801146
0.103346, 0.341842, 0.164657, 0.625312
0.103482, 0.278518, 0.179271, 0.524812
0.104642, 0.942015, -0.648577, 0.214081
0.104760, 0.623694, 0.047444, 0.921406
0.105945, 0.496374, 0.117827, 0.828386
0.106334, 0.733476, -0.056342, 0.901605
0.107110, 0.127287, 0.212858, 0.254656
0.107576, 0.408672, 0.152281, 0.721235
0.107918, 0.152880, 0.210241, 0.302717
0.108476, 0.522705, 0.108186, 0.853397
0.109381, 0.918435, -0.605003, 0.304796
0.109556, 0.781986, -0.131146, 0.840923
0.109949, 0.432631, 0.147432, 0.752115
0.110044, 0.550254, 0.095402, 0.876123
0.111218, 0.231120, 0.201816, 0.441719
0.111936, 0.301134, 0.188507, 0.560223
0.111937, 0.894895, -0.508791, 0.429297
0.112044, 0.667361, 0.012749, 0.921595
0.112213, 0.176882, 0.213950, 0.345546
0.113718, 0.870985, -0.391718, 0.563339
0.113750, 1.000000, -0.737163, 0.000000
0.114168, 0.041166, 0.238867, 0.084338
0.114243, 0.756364, -0.095806, 0.868177
0.114591, 0.066130, 0.236783, 0.134611
0.114752, 0.019568, 0.240328, 0.040406
0.114869, 0.205076, 0.213854, 0.396176
0.115000, 0.599703, 0.068166, 0.904047
0.115051, 0.364628, 0.176424, 0.656301
0.115169, 0.711023, -0.034253, 0.905563
0.115887, 0.847067, -0.299256, 0.666980
0.116363, 0.961905, -0.721268, 0.121988
0.118244, 0.454013, 0.149784, 0.775027
0.120696, 0.323939, 0.196913, 0.594199
0.121138, 0.824318, -0.248266, 0.723568
0.121320, 0.644923, 0.033574, 0.912103
0.121363, 0.088597, 0.246585, 0.178243
0.121810, 0.258654, 0.214663, 0.487059
0.122916, 0.575286, 0.089402, 0.885117
0.124460, 0.389249, 0.182196, 0.688504
0.126015, 0.479781, 0.147071, 0.800725
0.126935, 0.112600, 0.253165, 0.223411
0.127419, 0.800214, -0.203003, 0.767228
0.127969, 0.688095, -0.012432, 0.899631
0.128623, 0.937858, -0.724987, 0.180848
0.128893, 0.505329, 0.136877, 0.825404
0.129048, 0.980522, -0.773478, 0.054961
0.129259, 0.000000, 0.269476, 0.000000
0.129632, 0.281273, 0.222457, 0.522814
0.130009, 0.732648, -0.075475, 0.867615
0.130339, 0.622313, 0.055591, 0.899457
0.130460, 0.138032, 0.255381, 0.270908
0.130920, 0.346487, 0.206163, 0.625595
0.131275, 0.530757, 0.124280, 0.847002
0.131453, 0.414123, 0.182400, 0.719512
0.132835, 0.162678, 0.255115, 0.316168
0.133330, 0.775470, -0.157973, 0.803652
0.133821, 0.913635, -0.689752, 0.248920
0.134123, 0.238932, 0.240913, 0.450627
0.134215, 0.189175, 0.251997, 0.363323
0.135111, 0.553930, 0.112381, 0.862222
0.135848, 0.889483, -0.613430, 0.343839
0.136232, 0.216628, 0.249747, 0.411603
0.136239, 0.051190, 0.278509, 0.102181
0.136873, 0.436869, 0.179708, 0.745864
0.137908, 0.865374, -0.501460, 0.463926
0.138029, 0.304760, 0.229764, 0.558378
0.138058, 0.665693, 0.011692, 0.893170
0.139276, 0.599672, 0.078657, 0.883924
0.139360, 0.023814, 0.286880, 0.047755
0.140847, 0.370509, 0.212540, 0.657162
0.141233, 0.709119, -0.048050, 0.869449
0.141711, 0.841753, -0.391352, 0.576824
0.141833, 0.752422, -0.124189, 0.822184
0.142091, 0.074626, 0.287031, 0.147651
0.142478, 1.000000, -0.812906, 0.000000
0.143226, 0.461362, 0.175407, 0.771454
0.143248, 0.957777, -0.791574, 0.104131
0.146795, 0.817700, -0.306311, 0.660010
0.147203, 0.259793, 0.258205, 0.482936
0.147362, 0.578257, 0.101122, 0.867053
0.147385, 0.643264, 0.036964, 0.884072
0.147559, 0.327733, 0.237521, 0.590993
0.147866, 0.098596, 0.294906, 0.193453
0.149061, 0.487043, 0.167335, 0.795370
0.149406, 0.395309, 0.214466, 0.687843
0.152054, 0.123487, 0.298417, 0.239748
0.152146, 0.512346, 0.154362, 0.817132
0.153058, 0.794155, -0.247351, 0.710798
0.153157, 0.933408, -0.784445, 0.152986
0.153806, 0.686809, -0.022092, 0.863582
0.154374, 0.000000, 0.315425, 0.000000
0.154565, 0.284341, 0.263312, 0.521146
0.154592, 0.148773, 0.298152, 0.286235
0.154916, 0.203442, 0.285855, 0.383817
0.155045, 0.175062, 0.293205, 0.334017
0.155486, 0.728855, -0.095266, 0.824875
0.156231, 0.620802, 0.062932, 0.872366
0.156663, 0.977459, -0.837454, 0.048384
0.156822, 0.535408, 0.141742, 0.832211
0.156903, 0.040269, 0.318120, 0.079016
0.157089, 0.351505, 0.243176, 0.622810
0.157297, 0.419433, 0.213492, 0.715224
0.157862, 0.907760, -0.748277, 0.210755
0.158213, 0.234305, 0.283757, 0.436539
0.158701, 0.771257, -0.195875, 0.748753
0.159409, 0.557252, 0.125668, 0.844584
0.159795, 0.883527, -0.688999, 0.279654
0.161802, 0.443399, 0.206222, 0.741360
0.162704, 0.859238, -0.604431, 0.364003
0.163799, 0.062289, 0.329131, 0.121166
0.164030, 0.307781, 0.270621, 0.555047
0.164039, 0.664131, 0.007009, 0.857913
0.165368, 0.598345, 0.089279, 0.857405
0.166162, 0.376264, 0.245610, 0.653842
0.166794, 0.834148, -0.485502, 0.475833
0.167355, 0.469039, 0.196919, 0.765926
0.168037, 0.020230, 0.339503, 0.039563
0.168453, 0.707116, -0.067213, 0.822291
0.168707, 0.747832, -0.154467, 0.767641
0.169114, 0.084688, 0.335856, 0.163356
0.169357, 1.000000, -0.866910, 0.000000
0.169743, 0.262462, 0.294987, 0.480313
0.169941, 0.953452, -0.845938, 0.087446
0.171976, 0.496101, 0.182641, 0.788814
0.173134, 0.810865, -0.382892, 0.567475
0.173351, 0.331656, 0.275688, 0.587595
0.173410, 0.575564, 0.115707, 0.840843
0.173457, 0.108841, 0.340649, 0.208632
0.173461, 0.641540, 0.036602, 0.849782
0.173762, 0.215554, 0.315749, 0.399903
0.174938, 0.401037, 0.245152, 0.682235
0.175051, 0.187624, 0.325974, 0.351521
0.176626, 0.134592, 0.341372, 0.255663
0.176642, 0.926067, -0.825534, 0.134387
0.177243, 0.160210, 0.336831, 0.302119
0.177436, 0.521517, 0.167104, 0.805208
0.179718, 0.286545, 0.302893, 0.515561
0.179840, 0.788246, -0.304207, 0.632413
0.180105, 0.684417, -0.034729, 0.819315
0.181667, 0.000000, 0.366057, 0.000000
0.181678, 0.243509, 0.320955, 0.444915
0.182138, 0.618750, 0.066626, 0.839364
0.182157, 0.043438, 0.364863, 0.083424
0.182172, 0.979942, -0.885318, 0.031897
0.182258, 0.356618, 0.277534, 0.619529
0.182281, 0.548326, 0.146825, 0.818265
0.182675, 0.900313, -0.792828, 0.177994
0.182893, 0.727404, -0.127176, 0.765143
0.183020, 0.425690, 0.241121, 0.707790
0.183489, 0.766221, -0.238849, 0.682532
0.183900, 0.876784, -0.739344, 0.232901
0.185307, 0.449808, 0.228319, 0.733118
0.186121, 0.849728, -0.660136, 0.304248
0.189310, 0.310611, 0.308322, 0.548890
0.189687, 0.477985, 0.212410, 0.758229
0.190365, 0.661570, -0.000577, 0.815128
0.190562, 0.067297, 0.377855, 0.127900
0.191208, 0.595562, 0.097037, 0.825142
0.191307, 0.381890, 0.276875, 0.649028
0.193470, 0.825474, -0.581744, 0.366287
0.193547, 0.962368, -0.893680, 0.054267
0.194325, 0.091229, 0.380858, 0.171999
0.194703, 0.225487, 0.348652, 0.410565
0.194936, 0.022423, 0.388495, 0.042693
0.195258, 0.704732, -0.090436, 0.766767
0.195313, 0.200241, 0.357580, 0.367578
0.195507, 0.940119, -0.876725, 0.085500
0.195605, 0.571597, 0.127540, 0.813609
0.195925, 0.266223, 0.336559, 0.477245
0.196113, 0.502994, 0.197150, 0.774092
0.196920, 0.118756, 0.381345, 0.222749
0.196959, 0.173813, 0.368121, 0.321279
0.197499, 0.747958, -0.211716, 0.682309
0.197581, 1.000000, -0.911307, 0.000000
0.197957, 0.336002, 0.309638, 0.582274
0.199565, 0.637914, 0.035314, 0.809288
0.199983, 0.801083, -0.469783, 0.455987
0.200053, 0.530875, 0.173284, 0.789539
0.200299, 0.407200, 0.273143, 0.675287
0.200491, 0.146052, 0.380950, 0.270859
0.202061, 0.915417, -0.855770, 0.117224
0.204291, 0.866341, -0.761064, 0.206289
0.205201, 0.289189, 0.341802, 0.509325
0.205207, 0.459213, 0.241978, 0.727860
0.205883, 0.774188, -0.335138, 0.566688
0.206548, 0.682484, -0.053293, 0.765940
0.206908, 0.361353, 0.308887, 0.612688
0.207343, 0.046642, 0.410460, 0.087575
0.207681, 0.613008, 0.072826, 0.801520
0.207790, 0.000000, 0.413326, 0.000000
0.208785, 0.433013, 0.265312, 0.698400
0.208991, 0.555754, 0.150742, 0.791659
0.209016, 0.725261, -0.167275, 0.693858
0.209391, 0.246164, 0.366273, 0.440153
0.209501, 0.891465, -0.828987, 0.143803
0.212096, 0.981279, -0.926100, 0.020171
0.212152, 0.843172, -0.714967, 0.238597
0.213462, 0.315322, 0.342214, 0.544609
0.214727, 0.483350, 0.229996, 0.741438
0.215630, 0.219354, 0.385832, 0.393379
0.215723, 0.099156, 0.417233, 0.183049
0.215910, 0.659060, -0.012105, 0.766365
0.216037, 0.585932, 0.112397, 0.789092
0.216175, 0.385836, 0.306108, 0.638567
0.216777, 0.071238, 0.423915, 0.131982
0.216952, 0.512787, 0.202941, 0.760683
0.217278, 0.958919, -0.922525, 0.042988
0.217573, 0.193445, 0.398029, 0.349331
0.218870, 0.168444, 0.406754, 0.305358
0.219663, 0.819353, -0.657996, 0.274394
0.219994, 0.934028, -0.903671, 0.069222
0.220359, 0.023394, 0.433970, 0.043418
0.220545, 0.124631, 0.421319, 0.228245
0.221596, 0.748163, -0.271341, 0.593688
0.222433, 0.341017, 0.341384, 0.576193
0.222503, 0.703501, -0.128700, 0.693385
0.223147, 0.267641, 0.379584, 0.468792
0.223405, 0.793395, -0.549170, 0.353829
0.224190, 0.634357, 0.031285, 0.765283
0.224808, 0.410388, 0.299253, 0.661554
0.224975, 0.537782, 0.178900, 0.764601
0.225772, 0.146415, 0.425387, 0.265705
0.225978, 0.456164, 0.263421, 0.707159
0.226045, 0.870393, -0.815896, 0.147120
0.226790, 1.000000, -0.943094, 0.000000
0.228086, 0.294529, 0.374339, 0.506895
0.228298, 0.910968, -0.886768, 0.087745
0.229843, 0.768465, -0.425502, 0.443953
0.230519, 0.609641, 0.074150, 0.763318
0.231256, 0.564219, 0.145858, 0.764042
0.232056, 0.047193, 0.454142, 0.086471
0.232339, 0.680522, -0.080267, 0.702190
0.232350, 0.364513, 0.340186, 0.601068
0.232532, 0.239141, 0.406124, 0.419395
0.233459, 0.000000, 0.458596, 0.000000
0.234183, 0.498030, 0.229156, 0.731826
0.234376, 0.726215, -0.218184, 0.610810
0.234525, 0.848218, -0.778096, 0.168225
0.235359, 0.432799, 0.292737, 0.676719
0.236636, 0.086685, 0.456326, 0.157205
0.236893, 0.212658, 0.423646, 0.374931
0.237502, 0.321455, 0.373578, 0.540589
0.238464, 0.953503, -0.939178, 0.035008
0.239029, 0.890673, -0.869633, 0.097300
0.240356, 0.185926, 0.437481, 0.328548
0.240367, 0.977639, -0.950349, 0.015977
0.240414, 0.655339, -0.026731, 0.712117
0.240606, 0.109986, 0.458581, 0.197844
0.240872, 0.476434, 0.256678, 0.709226
0.241151, 0.388418, 0.334208, 0.623911
0.241409, 0.587240, 0.110503, 0.748409
0.242639, 0.521114, 0.206249, 0.734403
0.242664, 0.827510, -0.736550, 0.188742
0.244314, 0.804762, -0.671448, 0.231053
0.244469, 0.163612, 0.452618, 0.290463
0.245599, 0.023221, 0.478208, 0.041961
0.246031, 0.931077, -0.926813, 0.048290
0.246459, 0.066664, 0.476559, 0.120154
0.247191, 0.255856, 0.421706, 0.439067
0.247460, 0.278862, 0.410985, 0.473791
0.247665, 0.135763, 0.464901, 0.241397
0.248323, 0.780111, -0.587674, 0.282695
0.248851, 0.343579, 0.375200, 0.563262
0.248873, 0.701754, -0.168162, 0.615349
0.248980, 0.631843, 0.019789, 0.713060
0.249165, 0.750157, -0.410273, 0.416856
0.249365, 0.545226, 0.175210, 0.732911
0.250722, 0.454288, 0.286721, 0.681641
0.250845, 0.411037, 0.326746, 0.640923
0.251293, 0.303718, 0.403087, 0.507666
0.251725, 0.868498, -0.848925, 0.102022
0.254036, 1.000000, -0.962056, 0.000000
0.254643, 0.609994, 0.063636, 0.715183
0.256243, 0.674153, -0.096863, 0.642050
0.256551, 0.910112, -0.914200, 0.054938
0.257238, 0.725989, -0.295945, 0.495031
0.257253, 0.228241, 0.449587, 0.391502
0.257346, 0.568316, 0.139205, 0.721612
0.257748, 0.367277, 0.369526, 0.586393
0.257962, 0.202572, 0.460454, 0.349868
0.258168, 0.500090, 0.239792, 0.703727
0.259056, 0.044574, 0.500895, 0.079463
0.259307, 0.000000, 0.503038, 0.000000
0.260415, 0.955847, -0.955518, 0.021424
0.261058, 0.845569, -0.815142, 0.112931
0.262083, 0.090180, 0.499699, 0.159295
0.262290, 0.432673, 0.317934, 0.651134
0.262893, 0.116893, 0.494788, 0.205248
0.264495, 0.154956, 0.487946, 0.269607
0.265756, 0.478457, 0.270898, 0.682267
0.265812, 0.323386, 0.411159, 0.526039
0.266409, 0.649085, -0.040351, 0.649850
0.266890, 0.767218, -0.593350, 0.244065
0.266944, 0.888754, -0.895239, 0.059458
0.266955, 0.524321, 0.209755, 0.700838
0.267202, 0.820378, -0.764251, 0.136449
0.267245, 0.389905, 0.361961, 0.604227
0.267511, 0.180911, 0.485123, 0.311955
0.267542, 0.592616, 0.092214, 0.696250
0.268199, 0.796131, -0.697963, 0.175112
0.268251, 0.978363, -0.965645, 0.008971
0.268970, 0.248564, 0.458340, 0.417498
0.271093, 0.293725, 0.436700, 0.481853
0.271633, 0.932642, -0.944494, 0.027250
0.272014, 0.022053, 0.523499, 0.038749
0.272062, 0.692038, -0.189897, 0.544990
0.272066, 0.271676, 0.451020, 0.450176
0.272927, 0.066737, 0.521469, 0.116840
0.274413, 0.456410, 0.302167, 0.656907
0.274576, 0.547593, 0.173637, 0.691563
0.274587, 0.347239, 0.405263, 0.549815
0.275392, 0.622454, 0.018390, 0.656319
0.276787, 0.740812, -0.500474, 0.286424
0.276850, 0.713463, -0.305848, 0.440327
0.277480, 0.136693, 0.514254, 0.235405
0.277505, 0.865587, -0.870013, 0.063340
0.277545, 0.411715, 0.352053, 0.616451
0.278587, 0.208805, 0.491427, 0.352026
0.281569, 1.000000, -0.973419, 0.000000
0.281645, 0.571977, 0.127591, 0.674237
0.282219, 0.670004, -0.127075, 0.565256
0.282575, 0.503016, 0.244920, 0.670672
0.282837, 0.107162, 0.530494, 0.184312
0.283509, 0.910221, -0.931026, 0.027870
0.284252, 0.369850, 0.398028, 0.567932
0.284989, 0.955516, -0.964684, 0.010286
0.285054, 0.231719, 0.490633, 0.384228
0.285054, 0.839298, -0.830268, 0.073716
0.285439, 0.043929, 0.545281, 0.075994
0.285876, 0.000000, 0.547829, 0.000000
0.286379, 0.308116, 0.448154, 0.491494
0.286740, 0.163907, 0.521634, 0.277551
0.287421, 0.786447, -0.706552, 0.136126
0.288043, 0.434002, 0.337298, 0.624180
0.288871, 0.762497, -0.630529, 0.178802
0.289041, 0.598976, 0.063981, 0.642344
0.289865, 0.481418, 0.278791, 0.651462
0.290073, 0.085487, 0.546823, 0.146396
0.290418, 0.644708, -0.062331, 0.582167
0.291515, 0.813647, -0.782501, 0.089504
0.292012, 0.526249, 0.209404, 0.659842
0.292615, 0.189367, 0.521328, 0.315959
0.292776, 0.330239, 0.440310, 0.515065
0.292842, 0.257824, 0.488591, 0.418645
0.292989, 0.887326, -0.910382, 0.028085
0.294213, 0.391619, 0.388080, 0.580982
0.295490, 0.978149, -0.973080, 0.002893
0.296874, 0.457529, 0.314691, 0.629258
0.297090, 0.283838, 0.478742, 0.452200
0.297617, 0.125429, 0.550283, 0.211365
0.297626, 0.693809, -0.285024, 0.402483
0.297738, 0.932217, -0.953347, 0.009493
0.298259, 0.721911, -0.490816, 0.242974
0.298611, 0.021448, 0.567878, 0.036508
0.298750, 0.550787, 0.163299, 0.644762
0.300603, 0.860108, -0.877970, 0.033183
0.300675, 0.063938, 0.567858, 0.108407
0.300970, 0.621485, -0.007207, 0.585348
0.302113, 0.352127, 0.433019, 0.532756
0.303875, 0.147904, 0.553480, 0.245912
0.303994, 0.213993, 0.528061, 0.348723
0.304024, 0.575830, 0.107316, 0.622099
0.304125, 0.413151, 0.374033, 0.589456
0.304271, 0.745447, -0.604450, 0.163268
0.305316, 0.666707, -0.166536, 0.479554
0.308522, 0.504957, 0.246530, 0.628552
0.308881, 1.000000, -0.976875, 0.000000
0.309144, 0.794786, -0.758879, 0.071344
0.309279, 0.835188, -0.843370, 0.034115
0.309376, 0.238680, 0.522621, 0.381927
0.309697, 0.104971, 0.574726, 0.174873
0.309794, 0.308409, 0.477690, 0.474874
0.310349, 0.955749, -0.968179, -0.000168
0.310394, 0.909002, -0.938384, 0.004782
0.311251, 0.771441, -0.702338, 0.094006
0.311336, 0.172571, 0.557012, 0.282389
0.312089, 0.374032, 0.422518, 0.545912
0.312578, 0.041585, 0.589847, 0.069580
0.312902, 0.000000, 0.592071, 0.000000
0.312991, 0.480008, 0.288609, 0.615493
0.313525, 0.599034, 0.040340, 0.576245
0.313550, 0.434674, 0.354741, 0.593452
0.315339, 0.879893, -0.910146, 0.005658
0.315768, 0.641776, -0.098766, 0.498342
0.315896, 0.264645, 0.516378, 0.414214
0.316220, 0.530481, 0.199262, 0.613272
0.317572, 0.084346, 0.591938, 0.139673
0.318834, 0.331856, 0.469169, 0.495124
0.319123, 0.456344, 0.327711, 0.597370
0.319176, 0.196078, 0.558538, 0.314877
0.319313, 0.813869, -0.809819, 0.033386
0.319415, 0.709494, -0.506414, 0.182905
0.322094, 0.395993, 0.407409, 0.554450
0.322208, 0.684443, -0.362591, 0.273483
0.322436, 0.128827, 0.589131, 0.210086
0.322517, 0.978261, -0.973637, -0.002395
0.322703, 0.555069, 0.143728, 0.589334
0.323263, 0.933398, -0.956538, -0.006105
0.323589, 0.288739, 0.509779, 0.440234
0.324182, 0.734267, -0.607754, 0.118638
0.325578, 0.855542, -0.882719, 0.001170
0.326201, 0.020270, 0.612652, 0.033304
0.327357, 0.061448, 0.611043, 0.100649
0.327531, 0.618471, -0.042116, 0.499659
0.328045, 0.577966, 0.081484, 0.556692
0.328797, 0.154123, 0.589818, 0.247262
0.328872, 0.354788, 0.458075, 0.509785
0.329563, 0.221301, 0.561442, 0.346318
0.329610, 0.759076, -0.694110, 0.062830
0.330568, 0.660488, -0.228403, 0.356106
0.330960, 0.895508, -0.928445, -0.012224
0.331782, 0.418375, 0.386203, 0.558279
0.332554, 0.491868, 0.270713, 0.583266
0.333030, 0.787343, -0.767130, 0.025405
0.333260, 0.244976, 0.551977, 0.376741
0.334591, 0.515633, 0.223489, 0.577043
0.335389, 0.108056, 0.613997, 0.173705
0.335467, 0.311864, 0.505270, 0.458132
0.336197, 1.000000, -0.973724, 0.000000
0.336529, 0.956482, -0.966089, -0.009504
0.336655, 0.833828, -0.855461, -0.008255
0.337058, 0.177592, 0.593370, 0.279450
0.338176, 0.466563, 0.316944, 0.569957
0.339348, 0.377651, 0.442496, 0.518939
0.339432, 0.916104, -0.944392, -0.017021
0.340205, 0.039851, 0.633864, 0.064216
0.340243, 0.596660, 0.009942, 0.494593
0.340434, 0.270165, 0.544407, 0.404723
0.340473, 0.441724, 0.356760, 0.557587
0.340735, 0.000000, 0.636541, 0.000000
0.341799, 0.540753, 0.162793, 0.549373
0.342147, 0.082467, 0.630499, 0.131898
0.342293, 0.872772, -0.906368, -0.021728
0.342309, 0.636401, -0.129531, 0.404266
0.342832, 0.811122, -0.819590, -0.007260
0.342893, 0.698479, -0.521052, 0.121404
0.343883, 0.202711, 0.590597, 0.312572
0.344250, 0.722484, -0.605188, 0.075913
0.345212, 0.334978, 0.494066, 0.473595
0.345859, 0.136032, 0.622656, 0.214095
0.348217, 0.566793, 0.091454, 0.511467
0.349192, 0.400769, 0.420241, 0.523190
0.349260, 0.676530, -0.448946, 0.141967
0.349703, 0.978586, -0.968031, -0.006915
0.350115, 0.745691, -0.683132, 0.026665
0.350917, 0.292080, 0.539831, 0.422731
0.351546, 0.937075, -0.954223, -0.019913
0.352056, 0.771292, -0.746675, -0.000566
0.353505, 0.850094, -0.880874, -0.032446
0.354031, 0.059622, 0.652437, 0.093907
0.354601, 0.020082, 0.657357, 0.031697
0.355371, 0.358204, 0.478289, 0.483919
0.355383, 0.158701, 0.627440, 0.244051
0.355711, 0.616636, -0.078804, 0.403665
0.355885, 0.653221, -0.331957, 0.198623
0.355928, 0.475919, 0.300836, 0.537944
0.356075, 0.894388, -0.925889, -0.032974
0.356086, 0.498873, 0.252756, 0.534129
0.356248, 0.250889, 0.578005, 0.369416
0.356298, 0.228089, 0.593506, 0.339952
0.358026, 0.425025, 0.389007, 0.522710
0.359081, 0.796622, -0.801740, -0.029332
0.359294, 0.099523, 0.652021, 0.154632
0.359982, 0.522029, 0.197500, 0.515252
0.360120, 0.121538, 0.647509, 0.187469
0.361282, 0.183633, 0.624942, 0.277005
0.361597, 0.590189, -0.002705, 0.432261
0.361677, 0.314728, 0.530691, 0.437134
0.363688, 1.000000, -0.964746, 0.000000
0.363761, 0.451915, 0.345186, 0.520640
0.364139, 0.825531, -0.849321, -0.044608
0.364343, 0.958328, -0.958246, -0.017491
0.365369, 0.709599, -0.598707, 0.030776
0.366056, 0.381912, 0.456271, 0.487944
0.366379, 0.545537, 0.131067, 0.479671
0.366613, 0.916265, -0.938415, -0.033885
0.367148, 0.271372, 0.575769, 0.385883
0.367542, 0.208605, 0.619255, 0.307700
0.368239, 0.871720, -0.903417, -0.046986
0.368651, 0.040118, 0.677478, 0.061868
0.368780, 0.000000, 0.679864, 0.000000
0.369231, 0.076857, 0.672406, 0.117942
0.370599, 0.688870, -0.538209, 0.048069
0.371222, 0.730868, -0.666636, -0.009875
0.371306, 0.337778, 0.515200, 0.448304
0.372537, 0.567208, 0.054763, 0.429801
0.372549, 0.635932, -0.300678, 0.171317
0.373845, 0.755313, -0.726726, -0.035189
0.374970, 0.664781, -0.463214, 0.074289
0.374995, 0.406129, 0.425235, 0.487517
0.375176, 0.142974, 0.662859, 0.213725
0.376124, 0.779243, -0.776529, -0.051963
0.376685, 0.477892, 0.290590, 0.492267
0.377363, 0.293131, 0.567827, 0.400581
0.377614, 0.979346, -0.956615, -0.010608
0.378337, 0.848312, -0.877813, -0.060632
0.379011, 0.937657, -0.944383, -0.031553
0.379329, 0.245881, 0.609866, 0.346393
0.379478, 0.609508, -0.126237, 0.290533
0.379714, 0.503390, 0.228942, 0.474531
0.380317, 0.168284, 0.658117, 0.246781
0.381052, 0.361856, 0.492895, 0.454564
0.381352, 0.805876, -0.821783, -0.065733
0.381461, 0.894252, -0.918676, -0.051463
0.381568, 0.432431, 0.381597, 0.483501
0.382844, 0.020233, 0.700046, 0.030493
0.383175, 0.117831, 0.682089, 0.174651
0.383488, 0.096217, 0.688469, 0.143592
0.383692, 0.058841, 0.697108, 0.088320
0.385116, 0.528834, 0.156274, 0.439957
0.385401, 0.194365, 0.651570, 0.278740
0.386191, 0.223490, 0.634005, 0.315403
0.386231, 0.584648, -0.020208, 0.356267
0.387285, 0.314751, 0.555263, 0.411025
0.389156, 0.457127, 0.332855, 0.468880
0.390392, 0.709828, -0.631298, -0.038644
0.391409, 0.269875, 0.603734, 0.363615
0.391591, 1.000000, -0.950328, 0.000000
0.391961, 0.827147, -0.850323, -0.079059
0.392033, 0.958756, -0.944695, -0.024653
0.392115, 0.386842, 0.463178, 0.452680
0.392873, 0.554526, 0.060300, 0.376364
0.393360, 0.916389, -0.927175, -0.048512
0.393565, 0.871718, -0.896327, -0.069046
0.393637, 0.682449, -0.553897, -0.013357
0.393793, 0.653018, -0.457374, 0.030171
0.394154, 0.737283, -0.699344, -0.066184
0.395696, 0.337219, 0.535598, 0.419104
0.396570, 0.627385, -0.364151, 0.065183
0.396750, 0.000000, 0.721210, 0.000000
0.397559, 0.039791, 0.720075, 0.058354
0.398079, 0.762784, -0.752732, -0.085382
0.398150, 0.078802, 0.714332, 0.114822
0.398587, 0.786426, -0.793147, -0.089986
0.398646, 0.483613, 0.265614, 0.436034
0.398939, 0.413466, 0.419818, 0.449034
0.400391, 0.131087, 0.701300, 0.187320
0.400638, 0.154365, 0.692236, 0.218696
0.403099, 0.509149, 0.191907, 0.404008
0.403290, 0.291794, 0.594349, 0.373773
0.403685, 0.849858, -0.872853, -0.085965
0.404135, 0.359687, 0.510495, 0.421822
0.404294, 0.248611, 0.635963, 0.329831
0.404633, 0.601435, -0.225797, 0.128277
0.404716, 0.178907, 0.684555, 0.248351
0.405592, 0.979487, -0.940025, -0.014016
0.406279, 0.937824, -0.929373, -0.041794
0.406695, 0.438554, 0.368967, 0.433245
0.406736, 0.204823, 0.671405, 0.278786
0.406881, 0.575968, -0.025959, 0.287854
0.407157, 0.894621, -0.906997, -0.068043
0.407704, 0.103470, 0.720778, 0.147100
0.408625, 0.806147, -0.820841, -0.102763
0.409167, 0.534553, 0.099607, 0.348271
0.410522, 0.227953, 0.659144, 0.303184
0.411212, 0.020164, 0.741029, 0.028841
0.412107, 0.060089, 0.737720, 0.085466
0.412373, 0.314872, 0.575888, 0.382497
0.413063, 0.723445, -0.679129, -0.098634
0.413091, 0.697372, -0.617263, -0.081731
0.413363, 0.669127, -0.539606, -0.054172
0.413882, 0.463622, 0.307828, 0.408272
0.414439, 0.379464, 0.483851, 0.413940
0.416851, 0.643221, -0.459352, -0.027839
0.417679, 0.750760, -0.734952, -0.116954
0.417962, 0.269418, 0.630530, 0.338332
0.418575, 0.828036, -0.844190, -0.108271
0.418627, 0.401067, 0.444962, 0.409691
0.419545, 1.000000, -0.931243, 0.000000
0.419624, 0.873308, -0.885297, -0.088418
0.419693, 0.958879, -0.926411, -0.031081
0.419695, 0.558476, 0.020159, 0.282248
0.420174, 0.617057, -0.371231, 0.007218
0.420175, 0.916550, -0.911229, -0.061483
0.420730, 0.338639, 0.550012, 0.386711
0.421539, 0.778901, -0.781207, -0.123996
0.421580, 0.489463, 0.229501, 0.366976
0.422462, 0.120582, 0.734544, 0.165057
0.423813, 0.083415, 0.748412, 0.115048
0.424497, 0.143360, 0.727630, 0.193388
0.424668, 0.000000, 0.760642, 0.000000
0.425702, 0.040764, 0.759484, 0.056481
0.425819, 0.423446, 0.397784, 0.392980
0.425876, 0.166133, 0.718010, 0.220941
0.426602, 0.514790, 0.140554, 0.318074
0.427800, 0.851461, -0.863282, -0.106957
0.428126, 0.190974, 0.705333, 0.248870
0.428153, 0.587694, -0.267764, 0.025598
0.429152, 0.293717, 0.613978, 0.347440
0.430982, 0.360878, 0.520503, 0.380688
0.431577, 0.216037, 0.691392, 0.273923
0.431652, 0.242943, 0.668909, 0.301160
0.432227, 0.802884, -0.810585, -0.132027
0.432702, 0.446688, 0.338327, 0.366859
0.433550, 0.979458, -0.918978, -0.017117
0.433556, 0.938072, -0.909980, -0.050804
0.433657, 0.683302, -0.596957, -0.120383
0.433725, 0.895194, -0.890515, -0.083129
0.433996, 0.539788, 0.061223, 0.267808
0.435092, 0.710533, -0.659820, -0.138096
0.436186, 0.734697, -0.707914, -0.146388
0.437268, 0.658885, -0.535134, -0.108719
0.437322, 0.319035, 0.587580, 0.354041
0.437507, 0.102819, 0.760637, 0.136813
0.438655, 0.063350, 0.772891, 0.084852
0.438950, 0.470643, 0.266166, 0.331246
0.439008, 0.020725, 0.779140, 0.027927
0.439481, 0.384640, 0.479008, 0.369168
0.439514, 0.632871, -0.459003, -0.085278
0.440008, 0.761659, -0.752352, -0.152100
0.440731, 0.265616, 0.654703, 0.312529
0.440765, 0.606329, -0.368306, -0.045918
0.441582, 0.567788, -0.192014, 0.039369
0.442878, 0.825394, -0.830388, -0.133406
0.445284, 0.495495, 0.176167, 0.279778
0.445542, 0.407403, 0.429913, 0.353047
0.446328, 0.873502, -0.868285, -0.106477
0.446946, 0.126384, 0.763232, 0.162446
0.447114, 0.342634, 0.556689, 0.349724
0.447139, 0.917247, -0.891226, -0.072647
0.447442, 1.000000, -0.908089, 0.000000
0.447472, 0.958818, -0.903837, -0.036948
0.448419, 0.846593, -0.846481, -0.127123
0.448616, 0.784714, -0.782309, -0.157794
0.448726, 0.149697, 0.753783, 0.189297
0.449473, 0.173867, 0.740600, 0.216136
0.450455, 0.520011, 0.091557, 0.233162
0.450920, 0.285709, 0.639599, 0.316176
0.451938, 0.198658, 0.725735, 0.240757
0.452131, 0.000000, 0.797301, 0.000000
0.452217, 0.084526, 0.784915, 0.108869
0.452472, 0.430068, 0.370439, 0.324782
0.452491, 0.042744, 0.794568, 0.055529
0.453738, 0.696010, -0.635192, -0.171463
0.453797, 0.224158, 0.706746, 0.263896
0.456359, 0.545865, -0.104514, 0.056733
0.456580, 0.307258, 0.614217, 0.321093
0.456628, 0.366730, 0.515619, 0.336655
0.458169, 0.744230, -0.722575, -0.182018
0.458219, 0.590570, -0.343977, -0.081688
0.458564, 0.246783, 0.689305, 0.279263
0.458570, 0.453223, 0.297459, 0.286367
0.459319, 0.646504, -0.519614, -0.155367
0.459334, 0.672509, -0.585003, -0.172643
0.459429, 0.808224, -0.804065, -0.159433
0.460133, 0.896278, -0.870433, -0.096035
0.460217, 0.721177, -0.683856, -0.186331
0.460669, 0.618871, -0.440024, -0.130185
0.461212, 0.938129, -0.886243, -0.059058
0.461451, 0.979337, -0.894050, -0.019977
0.463791, 0.477226, 0.208326, 0.236893
0.464431, 0.107739, 0.791902, 0.133104
0.465147, 0.390484, 0.464258, 0.314702
0.465455, 0.328922, 0.585011, 0.316005
0.465654, 0.569522, -0.279556, -0.072405
0.465822, 0.021336, 0.813594, 0.026821
0.465934, 0.064714, 0.807151, 0.080761
0.466409, 0.857546, -0.841790, -0.132217
0.466828, 0.765825, -0.750479, -0.187491
0.468408, 0.268625, 0.672207, 0.284237
0.469548, 0.501732, 0.114911, 0.183966
0.470764, 0.831745, -0.818495, -0.154327
0.471495, 0.131629, 0.789464, 0.157097
0.471750, 0.155829, 0.775769, 0.183335
0.472319, 0.413284, 0.404107, 0.284850
0.472748, 0.180660, 0.760195, 0.207717
0.473540, 0.526621, -0.049693, 0.046700
0.474218, 0.351407, 0.546601, 0.303863
0.474609, 0.917343, -0.866689, -0.083145
0.474923, 0.788440, -0.774012, -0.185994
0.474940, 0.878391, -0.847830, -0.119570
0.475044, 0.205910, 0.741998, 0.229508
0.475218, 1.000000, -0.881404, 0.000000
0.475346, 0.958593, -0.877437, -0.042406
0.475384, 0.698689, -0.643835, -0.213911
0.476837, 0.291992, 0.646399, 0.285998
0.478590, 0.088368, 0.815483, 0.105357
0.478801, 0.436016, 0.331734, 0.243955
0.479001, 0.042978, 0.827187, 0.051842
0.479179, 0.000000, 0.830978, 0.000000
0.479363, 0.229091, 0.724030, 0.244478
0.479869, 0.603800, -0.414094, -0.167612
0.480166, 0.631953, -0.495478, -0.197039
0.480982, 0.551604, -0.241002, -0.097085
0.481618, 0.656525, -0.556443, -0.214467
0.481937, 0.742267, -0.713071, -0.216775
0.483381, 0.374542, 0.496509, 0.280146
0.483477, 0.679199, -0.605752, -0.225637
0.483741, 0.459888, 0.241630, 0.191124
0.484205, 0.314411, 0.614490, 0.282716
0.485437, 0.719022, -0.676279, -0.227294
0.485764, 0.810593, -0.788970, -0.182383
0.485933, 0.251645, 0.704025, 0.253450
0.486933, 0.579153, -0.341026, -0.155873
0.488332, 0.854322, -0.821237, -0.149305
0.488459, 0.483910, 0.143418, 0.132825
0.488887, 0.898045, -0.844551, -0.107608
0.489045, 0.937779, -0.858674, -0.066925
0.489233, 0.979082, -0.865759, -0.022717
0.491153, 0.113124, 0.819134, 0.128118
0.491441, 0.065395, 0.836783, 0.075399
0.491729, 0.767242, -0.739931, -0.216549
0.492078, 0.397239, 0.435149, 0.245338
0.492573, 0.021652, 0.845586, 0.025107
0.493070, 0.336711, 0.575224, 0.268135
0.493515, 0.508638, -0.032420, -0.003511
0.494316, 0.163233, 0.793296, 0.176538
0.494567, 0.275235, 0.678238, 0.254623
0.495127, 0.138780, 0.810477, 0.152195
0.495711, 0.188696, 0.774782, 0.197686
0.496890, 0.532865, -0.187606, -0.111165
0.497483, 0.832811, -0.797795, -0.173867
0.499466, 0.419246, 0.364027, 0.201873
0.499693, 0.621689, -0.480078, -0.237906
0.500567, 0.211647, 0.757496, 0.211181
0.500829, 0.788578, -0.756973, -0.212189
0.501232, 0.359036, 0.527229, 0.247229
0.501391, 0.876186, -0.821806, -0.135724
0.502380, 0.697784, -0.638505, -0.258830
0.502774, 1.000000, -0.851744, 0.000000
0.502924, 0.087909, 0.842132, 0.096409
0.503140, 0.917715, -0.837595, -0.092588
0.503155, 0.559464, -0.295508, -0.180021
0.503174, 0.298734, 0.645202, 0.248523
0.503180, 0.958013, -0.847708, -0.047777
0.503810, 0.646907, -0.541755, -0.259914
0.504011, 0.443323, 0.271608, 0.147216
0.504024, 0.595787, -0.412855, -0.229010
0.505316, 0.044017, 0.856945, 0.048622
0.505475, 0.234701, 0.736007, 0.220817
0.505703, 0.671300, -0.590797, -0.266437
0.506045, 0.000000, 0.861842, 0.000000
0.506140, 0.748970, -0.709586, -0.243927
0.506873, 0.725887, -0.678822, -0.256052
0.508855, 0.467399, 0.189029, 0.102905
0.510901, 0.381955, 0.464536, 0.209087
0.511274, 0.321385, 0.605371, 0.236358
0.511661, 0.812739, -0.769791, -0.202406
0.511905, 0.258216, 0.709582, 0.224859
0.512695, 0.491667, -0.015784, -0.057061
0.513181, 0.853991, -0.797437, -0.164511
0.515643, 0.107662, 0.846451, 0.111345
0.516265, 0.896514, -0.815303, -0.120506
0.516640, 0.174040, 0.803970, 0.169363
0.516696, 0.978970, -0.834772, -0.025093
0.517344, 0.576906, -0.369255, -0.248507
0.517354, 0.937073, -0.827240, -0.074634
0.517628, 0.066943, 0.864390, 0.070012
0.517696, 0.128821, 0.837374, 0.129622
0.517958, 0.516451, -0.152956, -0.156099
0.518850, 0.021846, 0.874362, 0.023005
0.519018, 0.539974, -0.246073, -0.201852
0.519357, 0.152168, 0.823922, 0.149231
0.520438, 0.402503, 0.394738, 0.159769
0.520538, 0.768109, -0.721215, -0.246559
0.520573, 0.282410, 0.675872, 0.218640
0.520682, 0.343768, 0.554907, 0.208944
0.520828, 0.612745, -0.467898, -0.284674
0.522242, 0.194726, 0.789380, 0.178594
0.523212, 0.710316, -0.649569, -0.285126
0.524295, 0.793404, -0.742225, -0.229737
0.524398, 0.427312, 0.298296, 0.103069
0.524548, 0.636019, -0.520988, -0.299773
0.525067, 0.832349, -0.771230, -0.193341
0.526061, 0.217570, 0.767493, 0.188183
0.526387, 0.684120, -0.608494, -0.298887
0.527564, 0.366341, 0.494964, 0.179161
0.528355, 0.875476, -0.792769, -0.149686
0.528811, 0.659953, -0.567145, -0.308188
0.529122, 0.451888, 0.212977, 0.063609
0.529234, 0.740402, -0.684611, -0.276090
0.529972, 0.305954, 0.633772, 0.201511
0.530172, 1.000000, -0.819383, 0.000000
0.530444, 0.089582, 0.868849, 0.087663
0.530663, 0.957938, -0.815533, -0.052158
0.530966, 0.240928, 0.740731, 0.192698
0.531025, 0.044225, 0.883399, 0.044006
0.531138, 0.915136, -0.805052, -0.104278
0.531803, 0.557072, -0.321722, -0.269632
0.532864, 0.000000, 0.889810, 0.000000
0.533407, 0.594211, -0.427678, -0.305574
0.533546, 0.477032, -0.032951, -0.138899
0.536373, 0.502298, -0.136200, -0.208560
0.536981, 0.264781, 0.707522, 0.191029
0.538230, 0.854778, -0.771226, -0.177481
0.538303, 0.328356, 0.584649, 0.179306
0.540596, 0.812735, -0.742039, -0.224028
0.540983, 0.171192, 0.824649, 0.146398
0.541217, 0.115604, 0.865349, 0.105408
0.541218, 0.384591, 0.426885, 0.119584
0.541692, 0.142733, 0.848269, 0.125880
0.541775, 0.529978, -0.243027, -0.267941
0.542970, 0.719541, -0.649908, -0.305392
0.543223, 0.066545, 0.888987, 0.061983
0.543728, 0.783684, -0.716047, -0.255012
0.544058, 0.978916, -0.801179, -0.027187
0.544319, 0.936346, -0.794679, -0.081610
0.544386, 0.618937, -0.486800, -0.338088
0.544405, 0.410914, 0.329802, 0.065433
0.544478, 0.892248, -0.781052, -0.136224
0.545017, 0.022048, 0.900150, 0.020647
0.545762, 0.694540, -0.615364, -0.323050
0.545839, 0.760093, -0.692344, -0.277394
0.545875, 0.197843, 0.800340, 0.157001
0.546600, 0.288838, 0.665870, 0.174637
0.546711, 0.575193, -0.385729, -0.327862
0.547346, 0.354449, 0.511418, 0.136415
0.549131, 0.643531, -0.533532, -0.345855
0.549332, 0.435896, 0.223990, 0.013228
0.550642, 0.223315, 0.771468, 0.161649
0.551303, 0.837249, -0.746185, -0.204455
0.552587, 0.668790, -0.574535, -0.344415
0.553357, 0.461337, -0.027161, -0.200011
0.554055, 0.089925, 0.889012, 0.077801
0.555678, 0.551427, -0.323333, -0.332270
0.555760, 0.248068, 0.736959, 0.159882
0.556518, 0.737666, -0.660337, -0.307238
0.556976, 0.044611, 0.907147, 0.038988
0.557066, 0.868024, -0.755895, -0.171449
0.557425, 0.914124, -0.772528, -0.113236
0.557435, 1.000000, -0.784641, 0.000000
0.557731, 0.957538, -0.781254, -0.056524
0.557736, 0.486851, -0.118150, -0.263191
0.557838, 0.308530, 0.620559, 0.143740
0.558102, 0.510995, -0.203608, -0.300428
0.558563, 0.598652, -0.444593, -0.364017
0.559743, 0.000000, 0.914614, 0.000000
0.560899, 0.332652, 0.559903, 0.122402
0.561542, 0.272798, 0.694294, 0.150351
0.561956, 0.799543, -0.710064, -0.252843
0.562817, 0.158400, 0.849277, 0.119661
0.564514, 0.132351, 0.871470, 0.102470
0.564544, 0.397143, 0.354244, 0.028551
0.564586, 0.371444, 0.436875, 0.064495
0.565526, 0.183873, 0.825149, 0.129748
0.565863, 0.110205, 0.887031, 0.087231
0.566332, 0.711527, -0.623695, -0.338385
0.567765, 0.623703, -0.493769, -0.382027
0.567923, 0.820497, -0.717288, -0.233206
0.568450, 0.687607, -0.592693, -0.357477
0.568473, 0.776947, -0.685517, -0.281447
0.568764, 0.068015, 0.909766, 0.054662
0.569613, 0.530004, -0.277568, -0.358116
0.569851, 0.891336, -0.749284, -0.146577
0.569856, 0.421279, 0.209733, -0.058933
0.570513, 0.209477, 0.795756, 0.132591
0.570903, 0.022036, 0.922559, 0.017848
0.570917, 0.935701, -0.760172, -0.087972
0.570931, 0.576434, -0.397293, -0.386157
0.571167, 0.978812, -0.765530, -0.029170
0.572583, 0.649297, -0.535259, -0.382582
0.572820, 0.754275, -0.661617, -0.307849
0.573445, 0.447111, -0.025369, -0.265163
0.573559, 0.846934, -0.725492, -0.204608
0.575279, 0.348631, 0.497802, 0.063502
0.575498, 0.234946, 0.759499, 0.128967
0.576842, 0.473882, -0.107094, -0.314044
0.576906, 0.291101, 0.651710, 0.112173
0.579125, 0.554298, -0.347861, -0.398061
0.579845, 0.261122, 0.712943, 0.118445
0.580706, 0.728253, -0.629445, -0.339495
0.580760, 0.502728, -0.208613, -0.366594
0.580808, 0.090770, 0.908328, 0.065829
0.581500, 0.318895, 0.579847, 0.082085
0.582126, 0.671044, -0.561822, -0.385326
0.582181, 0.045095, 0.926958, 0.033502
0.582444, 0.601598, -0.450180, -0.411682
0.583116, 0.870148, -0.724586, -0.179459
0.583519, 0.913429, -0.738052, -0.121190
0.584488, 0.957377, -0.745186, -0.060249
0.584542, 1.000000, -0.747857, 0.000000
0.585216, 0.144735, 0.872934, 0.093592
0.585934, 0.385724, 0.352051, -0.027807
0.586542, 0.170900, 0.847652, 0.102871
0.586920, 0.000000, 0.936092, 0.000000
0.587402, 0.798408, -0.680619, -0.271370
0.589762, 0.116787, 0.897903, 0.076071
0.589982, 0.699428, -0.591126, -0.374832
0.590021, 0.824804, -0.693370, -0.240716
0.590441, 0.628287, -0.494282, -0.418600
0.590489, 0.196152, 0.817893, 0.104578
0.591626, 0.406912, 0.181320, -0.148525
0.592312, 0.529422, -0.292710, -0.419572
0.592768, 0.773279, -0.656162, -0.303969
0.593449, 0.365837, 0.417184, -0.014613
0.593853, 0.431438, -0.007499, -0.316560
0.594337, 0.067951, 0.927547, 0.045053
0.595289, 0.579612, -0.406996, -0.438521
0.595401, 0.221323, 0.781303, 0.098940
0.596211, 0.022269, 0.941113, 0.015004
0.596258, 0.748168, -0.632267, -0.334056
0.596455, 0.891672, -0.713853, -0.154926
0.596669, 0.457263, -0.083464, -0.358294
0.597207, 0.935726, -0.724117, -0.092963
0.598001, 0.341325, 0.488578, 0.003832
0.598182, 0.978589, -0.727873, -0.031166
0.598395, 0.483636, -0.172544, -0.401271
0.598865, 0.651292, -0.523809, -0.419207
0.599101, 0.849684, -0.694139, -0.213163
0.599316, 0.273960, 0.678088, 0.073841
0.599431, 0.246787, 0.735338, 0.086496
0.600352, 0.554814, -0.356572, -0.447966
0.600428, 0.297908, 0.618584, 0.053014
0.602343, 0.721248, -0.602140, -0.367277
0.604550, 0.091539, 0.921676, 0.053553
0.604786, 0.510097, -0.252406, -0.441852
0.605306, 0.607834, -0.455927, -0.450859
0.605416, 0.677278, -0.552267, -0.409301
0.605682, 0.319872, 0.548505, 0.013478
0.607028, 0.135608, 0.890104, 0.071349
0.607446, 0.045824, 0.943266, 0.027439
0.608104, 0.160820, 0.864882, 0.077302
0.609657, 0.914401, -0.701864, -0.126271
0.609882, 0.869654, -0.688416, -0.190264
0.611189, 0.809097, -0.658036, -0.272449
0.611352, 0.956924, -0.706906, -0.064129
0.611441, 1.000000, -0.709395, 0.000000
0.611488, 0.185268, 0.834995, 0.076458
0.612333, 0.386513, 0.212876, -0.192239
0.613669, 0.786663, -0.640641, -0.302206
0.613933, 0.832889, -0.666311, -0.242419
0.614432, 0.000000, 0.953688, 0.000000
0.614921, 0.413327, 0.024518, -0.357522
0.615896, 0.111005, 0.913896, 0.055367
0.615934, 0.209662, 0.798107, 0.068641
0.615951, 0.699441, -0.567171, -0.401519
0.616073, 0.630719, -0.484807, -0.455528
0.616850, 0.439389, -0.055738, -0.400759
0.617031, 0.537665, -0.323081, -0.481747
0.617298, 0.359910, 0.381740, -0.091645
0.617701, 0.589126, -0.420582, -0.477745
0.617824, 0.763745, -0.619874, -0.332894
0.619352, 0.740887, -0.601125, -0.361149
0.619790, 0.464928, -0.143256, -0.447744
0.619947, 0.069944, 0.940434, 0.035260
0.620321, 0.234344, 0.751815, 0.052552
0.620345, 0.022632, 0.955429, 0.012089
0.620364, 0.565682, -0.379064, -0.488328
0.620906, 0.489472, -0.211463, -0.471797
0.621521, 0.260260, 0.694683, 0.034230
0.622077, 0.893355, -0.678323, -0.160245
0.622390, 0.657392, -0.514831, -0.444998
0.623276, 0.285240, 0.629651, 0.007495
0.624151, 0.935155, -0.685049, -0.098499
0.624439, 0.335966, 0.460300, -0.074305
0.624995, 0.978270, -0.688625, -0.033195
0.626661, 0.309379, 0.548701, -0.037557
0.627537, 0.515337, -0.278138, -0.500984
0.627969, 0.721016, -0.574947, -0.390552
0.629835, 0.849559, -0.651476, -0.226115
0.630038, 0.151565, 0.878748, 0.052105
0.630795, 0.128902, 0.902554, 0.048104
0.631783, 0.048435, 0.954572, 0.021565
0.632164, 0.091079, 0.933521, 0.037055
0.632191, 0.680227, -0.531604, -0.435949
0.632630, 0.610049, -0.446274, -0.491447
0.633150, 0.175457, 0.847870, 0.047422
0.633609, 0.872314, -0.655158, -0.194682
0.634998, 0.821878, -0.633038, -0.267732
0.635526, 0.398545, 0.039053, -0.406570
0.636557, 0.797640, -0.617470, -0.301453
0.636765, 0.913109, -0.661803, -0.134270
0.636941, 0.373003, 0.163343, -0.310841
0.637123, 0.199217, 0.810375, 0.037270
0.638075, 1.000000, -0.669570, 0.000000
0.638112, 0.956248, -0.666982, -0.068150
0.638306, 0.424754, -0.043838, -0.453668
0.638445, 0.638978, -0.480262, -0.479184
0.639811, 0.773752, -0.599078, -0.334900
0.640154, 0.555824, -0.358232, -0.526065
0.640804, 0.448812, -0.120876, -0.493803
0.641122, 0.584080, -0.404379, -0.518065
0.641632, 0.025280, 0.964508, 0.010126
0.641748, 0.222844, 0.763595, 0.017431
0.642132, 0.534212, -0.319311, -0.533279
0.642140, 0.748689, -0.579898, -0.369039
0.642292, 0.000000, 0.967119, 0.000000
0.643092, 0.701589, -0.540835, -0.424581
0.643406, 0.498018, -0.246144, -0.532148
0.643635, 0.474453, -0.190930, -0.522128
0.643942, 0.247998, 0.705028, -0.006744
0.644084, 0.349481, 0.310616, -0.214370
0.645155, 0.110977, 0.921596, 0.032619
0.645577, 0.272487, 0.637987, -0.037064
0.647604, 0.071203, 0.949660, 0.022274
0.647733, 0.323820, 0.456163, -0.131111
0.647881, 0.297301, 0.551460, -0.086685
0.648971, 0.663131, -0.497912, -0.469647
0.649349, 0.890390, -0.637219, -0.172143
0.649868, 0.726236, -0.553608, -0.402104
0.650754, 0.933655, -0.644680, -0.105156
0.651488, 0.977968, -0.648176, -0.035107
0.653104, 0.621451, -0.447533, -0.510657
0.653307, 0.837765, -0.614347, -0.252966
0.653651, 0.160831, 0.865619, 0.022851
0.653794, 0.136963, 0.895890, 0.025392
0.655265, 0.863834, -0.620290, -0.214462
0.656204, 0.049434, 0.962354, 0.013502
0.656837, 0.516582, -0.287333, -0.563269
0.657507, 0.384188, 0.055154, -0.454404
0.658157, 0.186630, 0.823513, 0.007016
0.658338, 0.411552, -0.033686, -0.501955
0.658655, 0.811731, -0.594167, -0.292960
0.659495, 0.568174, -0.371426, -0.552805
0.659955, 0.598956, -0.414279, -0.535859
0.660475, 0.685846, -0.507741, -0.457136
0.660614, 0.092449, 0.938437, 0.018070
0.661824, 0.787081, -0.577227, -0.329503
0.662592, 0.022956, 0.971509, 0.005563
0.662927, 0.909845, -0.621161, -0.144915
0.662975, 0.460935, -0.170711, -0.562770
0.663368, 0.210017, 0.775166, -0.016916
0.664015, 0.762080, -0.560642, -0.365727
0.664269, 0.955450, -0.626406, -0.072180
0.664350, 0.435714, -0.110475, -0.549343
0.664392, 0.645136, -0.464751, -0.503124
0.664445, 1.000000, -0.628579, 0.000000
0.664890, 0.360780, 0.125970, -0.427784
0.665713, 0.235436, 0.713688, -0.045686
0.666021, 0.541891, -0.329633, -0.574615
0.666204, 0.490628, -0.237005, -0.580496
0.668571, 0.710290, -0.518366, -0.435281
0.668717, 0.260332, 0.638599, -0.087022
0.668887, 0.738261, -0.538320, -0.400492
0.669149, 0.337062, 0.247465, -0.339118
0.669508, 0.118708, 0.914528, 0.010191
0.669649, 0.284337, 0.554294, -0.134641
0.669794, 0.310428, 0.444151, -0.193532
0.670197, 0.000000, 0.974453, 0.000000
0.673256, 0.883033, -0.599105, -0.190052
0.674570, 0.851470, -0.587356, -0.240083
0.675673, 0.170391, 0.842489, -0.013180
0.675723, 0.072259, 0.953347, 0.006968
0.676086, 0.668609, -0.475349, -0.490222
0.676101, 0.932051, -0.604783, -0.111681
0.676513, 0.622291, -0.428982, -0.537107
0.676790, 0.396875, -0.015704, -0.540761
0.676935, 0.583405, -0.383389, -0.568451
0.677119, 0.145862, 0.880940, -0.003269
0.677587, 0.977628, -0.606868, -0.036997
0.677603, 0.045830, 0.967199, 0.004768
0.678404, 0.826583, -0.571858, -0.279489
0.678831, 0.516183, -0.282999, -0.602471
0.681790, 0.472509, -0.205120, -0.609709
0.683335, 0.801357, -0.553515, -0.319467
0.683957, 0.559940, -0.348262, -0.593147
0.684249, 0.373192, 0.048761, -0.526471
0.684815, 0.195070, 0.789008, -0.047440
0.684826, 0.099337, 0.931774, -0.001525
0.685205, 0.419843, -0.089667, -0.592470
0.685876, 0.775219, -0.537688, -0.359640
0.686519, 0.907344, -0.583697, -0.153879
0.686576, 0.019419, 0.975257, 0.000725
0.686668, 0.221463, 0.724148, -0.080194
0.686694, 0.693939, -0.483906, -0.469359
0.687540, 0.448328, -0.156433, -0.615008
0.688849, 0.603351, -0.398253, -0.567449
0.688910, 0.645329, -0.440172, -0.527159
0.689243, 0.723382, -0.501402, -0.433295
0.689510, 0.750460, -0.518102, -0.396770
0.689789, 0.954669, -0.585503, -0.076023
0.690066, 0.247318, 0.641195, -0.130713
0.690553, 1.000000, -0.586654, 0.000000
0.690884, 0.323487, 0.227185, -0.418116
0.691278, 0.865503, -0.565420, -0.223005
0.691822, 0.296144, 0.424907, -0.264191
0.691969, 0.494885, -0.247311, -0.629727
0.692088, 0.537074, -0.311435, -0.616312
0.692538, 0.349000, 0.112523, -0.511907
0.693107, 0.125764, 0.900875, -0.016941
0.693957, 0.272702, 0.544123, -0.191615
0.697108, 0.170554, 0.827762, -0.049984
0.699210, 0.061468, 0.958415, -0.006235
0.699438, 0.395494, -0.040839, -0.607929
0.699594, 0.000000, 0.976237, 0.000000
0.699596, 0.841149, -0.544585, -0.264584
0.699883, 0.037794, 0.969784, -0.003253
0.699951, 0.668027, -0.447553, -0.511320
0.700112, 0.886403, -0.557226, -0.191319
0.700650, 0.931100, -0.565080, -0.116915
0.701489, 0.149854, 0.860995, -0.041856
0.701872, 0.580640, -0.362076, -0.601584
0.702350, 0.085425, 0.939990, -0.013841
0.702899, 0.624917, -0.406809, -0.561405
0.703325, 0.977333, -0.564870, -0.038747
0.703850, 0.817398, -0.529384, -0.303609
0.704625, 0.432437, -0.130631, -0.646338
0.704633, 0.470911, -0.204815, -0.654046
0.705249, 0.515305, -0.276292, -0.645684
0.706196, 0.789868, -0.514785, -0.347715
0.707906, 0.208656, 0.727931, -0.116008
0.708451, 0.711918, -0.468450, -0.461400
0.708637, 0.371081, 0.015224, -0.604430
0.708886, 0.558413, -0.330687, -0.626468
0.710218, 0.688054, -0.449833, -0.494078
0.710458, 0.111101, 0.910936, -0.031090
0.710673, 0.233471, 0.644406, -0.170375
0.711058, 0.764167, -0.494578, -0.388595
0.711196, 0.306651, 0.240976, -0.462613
0.711501, 0.186888, 0.776605, -0.096934
0.711947, 0.738872, -0.479706, -0.425851
0.712157, 0.908850, -0.542018, -0.156234
0.714421, 0.259585, 0.536793, -0.241315
0.714627, 0.412138, -0.091072, -0.658210
0.714780, 0.601743, -0.372810, -0.596511
0.714948, 0.330274, 0.134783, -0.552713
0.714959, 0.647525, -0.413286, -0.547275
0.715012, 0.954358, -0.543946, -0.078948
0.715555, 0.018916, 0.972412, -0.004492
0.715575, 0.861492, -0.525386, -0.236500
0.716467, 1.000000, -0.543849, 0.000000
0.716902, 0.452084, -0.173002, -0.676648
0.717675, 0.492175, -0.237771, -0.672612
0.718377, 0.536261, -0.298150, -0.652993
0.719293, 0.137114, 0.868219, -0.060261
0.719814, 0.351021, 0.059082, -0.607839
0.719884, 0.284934, 0.339164, -0.403473
0.722268, 0.043302, 0.962540, -0.013372
0.722745, 0.069595, 0.945897, -0.023923
0.724238, 0.884696, -0.517508, -0.199909
0.724550, 0.806352, -0.493047, -0.329509
0.724602, 0.165087, 0.810608, -0.097980
0.724803, 0.836634, -0.503186, -0.280267
0.724878, 0.388688, -0.044952, -0.666304
0.726087, 0.931777, -0.522800, -0.119250
0.727532, 0.670092, -0.415034, -0.529431
0.727672, 0.622350, -0.378271, -0.586921
0.727825, 0.095165, 0.919232, -0.041745
0.727830, 0.580101, -0.339628, -0.629855
0.728855, 0.000000, 0.969617, 0.000000
0.728964, 0.977534, -0.521922, -0.039585
0.730285, 0.779364, -0.472579, -0.374425
0.730663, 0.724034, -0.444738, -0.457921
0.730692, 0.513115, -0.261916, -0.682458
0.731112, 0.215565, 0.659879, -0.198503
0.731336, 0.432057, -0.139031, -0.701271
0.731472, 0.698105, -0.428178, -0.494845
0.731974, 0.471789, -0.204231, -0.700636
0.733413, 0.558392, -0.312691, -0.654307
0.733477, 0.242631, 0.549099, -0.273018
0.733978, 0.192498, 0.727101, -0.160888
0.734176, 0.310939, 0.158380, -0.584542
0.735611, 0.752529, -0.452323, -0.418343
0.735684, 0.121318, 0.878832, -0.071447
0.736625, 0.908222, -0.501078, -0.161750
0.737444, 0.365707, -0.002387, -0.678080
0.738468, 0.642886, -0.381954, -0.571481
0.739583, 0.267431, 0.350664, -0.441489
0.739947, 0.860809, -0.485299, -0.244288
0.740497, 0.955391, -0.500928, -0.079397
0.741010, 0.410615, -0.102111, -0.715023
0.741772, 0.600697, -0.344702, -0.622353
0.741868, 0.336001, 0.071276, -0.652513
0.742077, 0.023392, 0.961724, -0.012260
0.742176, 0.821279, -0.469402, -0.311165
0.742229, 0.052284, 0.948580, -0.027682
0.742496, 1.000000, -0.499654, 0.000000
0.742617, 0.148596, 0.822251, -0.113430
0.743239, 0.534385, -0.279453, -0.684120
0.745046, 0.492509, -0.228720, -0.712074
0.745193, 0.451181, -0.170928, -0.725047
0.746451, 0.078637, 0.923864, -0.049163
0.747653, 0.290544, 0.202883, -0.583163
0.748010, 0.884154, -0.477473, -0.206112
0.748648, 0.796489, -0.450373, -0.354448
0.748988, 0.389399, -0.064389, -0.722572
0.749732, 0.175354, 0.744700, -0.173236
0.750143, 0.661017, -0.379581, -0.556323
0.750689, 0.933003, -0.481041, -0.120283
0.751250, 0.684252, -0.392512, -0.525823
0.751639, 0.224893, 0.562038, -0.300635
0.751937, 0.732965, -0.417602, -0.455492
0.752309, 0.104883, 0.886927, -0.079209
0.753681, 0.842262, -0.456907, -0.279416
0.754004, 0.709136, -0.402502, -0.492184
0.754271, 0.622057, -0.347564, -0.608210
0.754580, 0.771324, -0.431371, -0.397684
0.754973, 0.579329, -0.312931, -0.655830
0.755194, 0.977830, -0.476938, -0.040174
0.755697, 0.000000, 0.956391, 0.000000
0.755958, 0.556294, -0.291397, -0.679119
0.757272, 0.513632, -0.246879, -0.714681
0.758332, 0.428684, -0.135400, -0.748255
0.758534, 0.248775, 0.373780, -0.463984
0.758588, 0.202113, 0.643453, -0.253674
0.758603, 0.354008, 0.005078, -0.718974
0.759084, 0.314622, 0.106836, -0.669045
0.759085, 0.472084, -0.196937, -0.739344
0.759921, 0.131180, 0.833283, -0.123306
0.760070, 0.910575, -0.461186, -0.161547
0.761920, 0.038615, 0.942174, -0.029792
0.764546, 0.375702, -0.045142, -0.747671
0.765264, 0.749166, -0.404413, -0.436611
0.765332, 0.062113, 0.923723, -0.051820
0.765711, 0.817664, -0.429535, -0.325133
0.766333, 0.271473, 0.227698, -0.604577
0.766354, 0.641882, -0.346185, -0.592046
0.766409, 0.955588, -0.456142, -0.081175
0.766694, 0.158237, 0.757995, -0.184792
0.768320, 0.863950, -0.438084, -0.245882
0.768729, 1.000000, -0.454084, 0.000000
0.768758, 0.405732, -0.100423, -0.765111
0.768782, 0.602016, -0.315829, -0.642511
0.769259, 0.535947, -0.260530, -0.709940
0.769926, 0.888519, -0.439957, -0.202634
0.769964, 0.088424, 0.890052, -0.084568
0.770969, 0.335883, 0.035804, -0.730840
0.771407, 0.450021, -0.164162, -0.764087
0.771547, 0.019615, 0.942013, -0.016788
0.772428, 0.493486, -0.215778, -0.744459
0.772549, 0.792660, -0.410060, -0.369576
0.772640, 0.668062, -0.353501, -0.560737
0.774656, 0.226560, 0.434716, -0.444104
0.774834, 0.694323, -0.364473, -0.524697
0.774972, 0.293726, 0.140800, -0.680700
0.775349, 0.183764, 0.662185, -0.264482
0.776020, 0.721525, -0.375806, -0.484892
0.776098, 0.932906, -0.436658, -0.123486
0.776977, 0.113100, 0.842130, -0.127903
0.778369, 0.561498, -0.274225, -0.693985
0.779164, 0.839364, -0.413279, -0.291883
0.780894, 0.769386, -0.387565, -0.410632
0.781744, 0.977602, -0.430535, -0.041685
0.781818, 0.584246, -0.287894, -0.672500
0.782501, 0.620985, -0.311988, -0.629267
0.783280, 0.516228, -0.231039, -0.739294
0.783366, 0.140892, 0.769204, -0.191651
0.783798, 0.386449, -0.070637, -0.787142
0.783940, 0.250477, 0.259165, -0.614293
0.784293, 0.000000, 0.931823, 0.000000
0.784435, 0.427425, -0.130878, -0.787843
0.785285, 0.471823, -0.184809, -0.772234
0.785286, 0.909519, -0.416799, -0.167372
0.785788, 0.360582, -0.027016, -0.782554
0.786368, 0.314986, 0.067211, -0.745888
0.786377, 0.069861, 0.892208, -0.080497
0.786728, 0.206525, 0.495212, -0.413639
0.787230, 0.043977, 0.914645, -0.048851
0.789204, 0.744677, -0.365055, -0.454488
0.789341, 0.647085, -0.318576, -0.599157
0.789432, 0.813778, -0.388302, -0.339170
0.791344, 0.882962, -0.401639, -0.216908
0.792201, 0.166019, 0.675175, -0.274173
0.792443, 0.954790, -0.410197, -0.084732
0.792969, 0.273350, 0.168054, -0.696961
0.793283, 0.542201, -0.244750, -0.724952
0.794120, 0.673918, -0.325899, -0.563990
0.794868, 1.000000, -0.407864, 0.000000
0.795028, 0.858972, -0.390621, -0.261195
0.795044, 0.093668, 0.848234, -0.126825
0.795756, 0.338010, 0.009520, -0.788501
0.796853, 0.406941, -0.101888, -0.808565
0.796964, 0.449151, -0.153366, -0.796761
0.797261, 0.700008, -0.333490, -0.526892
0.797768, 0.789005, -0.366316, -0.383942
0.798409, 0.122467, 0.782835, -0.188265
0.798500, 0.021641, 0.912318, -0.027647
0.798757, 0.494442, -0.199054, -0.771896
0.799598, 0.600352, -0.278004, -0.665711
0.800081, 0.722225, -0.338283, -0.493381
0.800257, 0.230229, 0.290265, -0.616150
0.801292, 0.930704, -0.391648, -0.130534
0.802492, 0.570103, -0.255425, -0.702834
0.802824, 0.294751, 0.094708, -0.761174
0.803621, 0.188766, 0.514802, -0.420341
0.804625, 0.834107, -0.367632, -0.307886
0.806001, 0.763821, -0.344565, -0.429569
0.806114, 0.627376, -0.285075, -0.634999
0.806522, 0.382500, -0.068519, -0.823440
0.806523, 0.518344, -0.213047, -0.759057
0.806692, 0.065448, 0.866959, -0.097497
0.808314, 0.976842, -0.383290, -0.044224
0.808395, 0.904492, -0.375236, -0.180460
0.808771, 0.147832, 0.687139, -0.277604
0.810404, 0.253959, 0.190991, -0.710173
0.810661, 0.472656, -0.170328, -0.798460
0.811434, 0.360165, -0.036296, -0.827220
0.811617, 0.000000, 0.897899, 0.000000
0.811660, 0.654938, -0.291295, -0.599700
0.812235, 0.426234, -0.122220, -0.823967
0.812809, 0.316305, 0.038825, -0.806044
0.814012, 0.042388, 0.878542, -0.065922
0.814182, 0.809037, -0.344031, -0.354401
0.814849, 0.878621, -0.359127, -0.229532
0.814862, 0.210602, 0.324191, -0.607681
0.815284, 0.544680, -0.224266, -0.740014
0.815553, 0.739126, -0.319633, -0.472257
0.815685, 0.682838, -0.297786, -0.560690
0.816284, 0.107283, 0.776754, -0.195760
0.817741, 0.952171, -0.364589, -0.091747
0.819498, 0.170617, 0.538514, -0.415814
0.819554, 0.085343, 0.816872, -0.150435
0.820168, 0.338002, -0.003897, -0.833024
0.820552, 1.000000, -0.361684, 0.000000
0.820790, 0.853549, -0.343521, -0.276849
0.820876, 0.448037, -0.140878, -0.823284
0.820976, 0.276914, 0.112081, -0.780849
0.822297, 0.587125, -0.242354, -0.695596
0.822362, 0.710672, -0.298598, -0.520883
0.822416, 0.783953, -0.322950, -0.400701
0.822992, 0.402583, -0.092129, -0.843542
0.823765, 0.129627, 0.699235, -0.272173
0.824830, 0.497307, -0.180534, -0.792268
0.824903, 0.925755, -0.348497, -0.142854
0.825024, 0.611160, -0.251725, -0.666593
0.826094, 0.021510, 0.871013, -0.037722
0.826749, 0.563482, -0.223380, -0.726557
0.826854, 0.233912, 0.214186, -0.716536
0.828261, 0.524378, -0.197087, -0.769456
0.829817, 0.636622, -0.257268, -0.634249
0.830232, 0.828357, -0.320626, -0.324396
0.831052, 0.299649, 0.055266, -0.827489
0.831112, 0.759357, -0.300253, -0.444074
0.831745, 0.377481, -0.061172, -0.857778
0.831922, 0.899185, -0.331766, -0.194228
0.831929, 0.061999, 0.824732, -0.121485
0.832692, 0.192125, 0.337895, -0.615059
0.834045, 0.662559, -0.262039, -0.598634
0.834124, 0.472176, -0.154007, -0.819615
0.834131, 0.973478, -0.336677, -0.051874
0.836412, 0.152052, 0.554856, -0.411332
0.837026, 0.687978, -0.266982, -0.561139
0.837238, 0.256905, 0.133875, -0.790279
0.837990, 0.352971, -0.030486, -0.864743
0.838329, 0.733668, -0.280385, -0.489418
0.838776, 0.872818, -0.314637, -0.244998
0.838828, 0.423140, -0.108346, -0.853827
0.838863, 0.000000, 0.852090, 0.000000
0.839207, 0.803338, -0.298762, -0.371551
0.840048, 0.324684, 0.007941, -0.859880
0.840848, 0.107202, 0.714078, -0.251937
0.841743, 0.946293, -0.320084, -0.105267
0.842078, 0.214317, 0.236789, -0.715308
0.842231, 0.447800, -0.128738, -0.842914
0.842256, 0.042529, 0.825334, -0.089603
0.842882, 0.083867, 0.761956, -0.192430
0.843777, 0.544029, -0.192954, -0.758725
0.844523, 1.000000, -0.318388, 0.000000
0.846086, 0.847162, -0.296085, -0.293877
0.847048, 0.514414, -0.172083, -0.792064
0.847055, 0.595756, -0.215201, -0.698064
0.847125, 0.172256, 0.368453, -0.595995
0.847506, 0.571506, -0.202958, -0.728682
0.847539, 0.711411, -0.258128, -0.527837
0.847553, 0.130549, 0.606802, -0.361316
0.847597, 0.778734, -0.277203, -0.415830
0.848020, 0.396769, -0.079864, -0.872889
0.848417, 0.919385, -0.304424, -0.158167
0.848623, 0.278202, 0.077637, -0.840773
0.850118, 0.619993, -0.221648, -0.666785
0.850690, 0.489351, -0.152707, -0.817847
0.853215, 0.020362, 0.817233, -0.047364
0.854060, 0.238619, 0.147906, -0.800074
0.854091, 0.644077, -0.225358, -0.633952
0.855494, 0.892330, -0.287079, -0.211200
0.855631, 0.753461, -0.256740, -0.461474
0.856078, 0.821706, -0.272703, -0.342789
0.856156, 0.300571, 0.035094, -0.871834
0.856990, 0.371001, -0.052277, -0.888152
0.857528, 0.667487, -0.228350, -0.600016
0.857565, 0.980656, -0.291630, -0.038577
0.859114, 0.066227, 0.752476, -0.173233
0.859874, 0.689804, -0.231649, -0.565729
0.859968, 0.464971, -0.128833, -0.844603
0.860689, 0.346178, -0.026390, -0.893522
0.861504, 0.195317, 0.241340, -0.726366
0.861896, 0.959903, -0.284008, -0.080255
0.862806, 0.438413, -0.108384, -0.865880
0.862916, 0.322249, 0.002364, -0.891142
0.862966, 0.865872, -0.268399, -0.262420
0.864377, 0.147441, 0.410975, -0.556161
0.864471, 0.729696, -0.235285, -0.502996
0.864509, 0.413805, -0.088321, -0.881171
0.864580, 0.093832, 0.673815, -0.271878
0.864968, 0.797434, -0.250763, -0.387339
0.865229, 0.531824, -0.162309, -0.783594
0.865914, 0.259125, 0.093258, -0.851563
0.866600, 0.000000, 0.789863, 0.000000
0.866834, 0.118591, 0.564364, -0.395297
0.866874, 0.219613, 0.168657, -0.794442
0.867324, 0.936365, -0.271501, -0.127458
0.867474, 0.041358, 0.765144, -0.113306
0.867733, 0.556622, -0.171088, -0.756259
0.869653, 0.171183, 0.292393, -0.678245
0.869847, 0.505383, -0.144039, -0.814075
0.870388, 0.582466, -0.178701, -0.724941
0.871115, 0.840075, -0.248708, -0.312424
0.871867, 1.000000, -0.265963, 0.000000
0.872011, 0.607045, -0.185957, -0.692763
0.872275, 0.910855, -0.258476, -0.178221
0.872382, 0.772510, -0.232034, -0.432888
0.873394, 0.387131, -0.062776, -0.899989
0.874619, 0.706767, -0.212498, -0.543052
0.875570, 0.631487, -0.189301, -0.659340
0.876260, 0.283885, 0.045884, -0.890802
0.877332, 0.481704, -0.124064, -0.841137
0.879282, 0.655818, -0.191200, -0.624312
0.879548, 0.884337, -0.240261, -0.230344
0.880910, 0.021089, 0.745446, -0.064400
0.881398, 0.747255, -0.210548, -0.477740
0.881892, 0.680464, -0.193910, -0.586917
0.882469, 0.060230, 0.688122, -0.199122
0.882967, 0.815058, -0.221452, -0.359473
0.882987, 0.360944, -0.038312, -0.915320
0.883180, 0.307216, 0.014172, -0.911212
0.883539, 0.333932, -0.013606, -0.917150
0.883993, 0.238088, 0.106802, -0.858284
0.884034, 0.977782, -0.242717, -0.045723
0.884157, 0.456123, -0.103950, -0.867267
0.885001, 0.082100, 0.630636, -0.285281
0.885247, 0.431919, -0.089217, -0.885878
0.887079, 0.209330, 0.152475, -0.819637
0.887473, 0.132363, 0.364744, -0.591381
0.887603, 0.858522, -0.220925, -0.281003
0.888133, 0.954370, -0.234221, -0.093768
0.888175, 0.521636, -0.132402, -0.805669
0.888351, 0.184911, 0.201847, -0.770805
0.888418, 0.405685, -0.070352, -0.903678
0.889039, 0.106301, 0.497609, -0.440515
0.889714, 0.157158, 0.268898, -0.697444
0.890326, 0.543765, -0.138722, -0.780908
0.890488, 0.264572, 0.061753, -0.895714
0.890648, 0.790837, -0.202940, -0.404449
0.890935, 0.723035, -0.189059, -0.520559
0.891632, 0.929136, -0.224298, -0.145074
0.891726, 0.568251, -0.145754, -0.751277
0.893826, 0.000000, 0.712400, 0.000000
0.894111, 0.593780, -0.150849, -0.718491
0.895467, 0.499512, -0.114818, -0.833062
0.895565, 0.903227, -0.212455, -0.196488
0.896084, 0.041746, 0.672954, -0.153103
0.896337, 0.834098, -0.199800, -0.327211
0.896757, 0.765312, -0.187149, -0.449878
0.896793, 0.619074, -0.154460, -0.684011
0.897790, 1.000000, -0.218667, 0.000000
0.898903, 0.381166, -0.049186, -0.922031
0.899014, 0.698146, -0.170129, -0.563001
0.900454, 0.644516, -0.155634, -0.647509
0.902063, 0.473917, -0.097114, -0.861210
0.902909, 0.670370, -0.157810, -0.608270
0.903950, 0.341863, -0.020120, -0.935074
0.904060, 0.291744, 0.022402, -0.928813
0.904074, 0.876980, -0.192068, -0.248528
0.906065, 0.423823, -0.070569, -0.903435
0.906076, 0.317278, -0.000462, -0.936673
0.907194, 0.739174, -0.164186, -0.496700
0.907446, 0.066320, 0.576754, -0.282280
0.908009, 0.221724, 0.100584, -0.874164
0.908303, 0.021864, 0.653586, -0.087766
0.909223, 0.245729, 0.068492, -0.903282
0.909335, 0.973592, -0.196145, -0.056365
0.909413, 0.447981, -0.079666, -0.887104
0.910210, 0.807475, -0.169818, -0.378186
0.910561, 0.090366, 0.442617, -0.455333
0.910840, 0.195801, 0.134283, -0.837956
0.910909, 0.169632, 0.180184, -0.783375
0.910921, 0.116991, 0.312045, -0.614442
0.911351, 0.142672, 0.237521, -0.710021
0.911796, 0.360885, -0.032119, -0.937387
0.912046, 0.946278, -0.187633, -0.113615
0.912115, 0.523603, -0.105334, -0.813111
0.913175, 0.551014, -0.112392, -0.780863
0.913241, 0.270300, 0.038877, -0.926882
0.913877, 0.855342, -0.169567, -0.290302
0.914007, 0.400595, -0.053438, -0.921968
0.914859, 0.577971, -0.117697, -0.746344
0.915080, 0.919639, -0.176920, -0.167319
0.915313, 0.781829, -0.156394, -0.423864
0.917032, 0.715786, -0.143105, -0.537766
0.917211, 0.496031, -0.090726, -0.844809
0.917496, 0.604723, -0.120642, -0.709990
0.918514, 0.830382, -0.157069, -0.336736
0.918611, 0.893746, -0.165698, -0.218097
0.920265, 0.756363, -0.143715, -0.468972
0.920448, 0.000000, 0.616349, 0.000000
0.920546, 0.631409, -0.121970, -0.671799
0.920907, 0.687902, -0.131869, -0.583965
0.921940, 0.046361, 0.563089, -0.219455
0.922011, 1.000000, -0.174438, 0.000000
0.923236, 0.658908, -0.123076, -0.630359
0.925736, 0.468729, -0.073160, -0.875195
0.927830, 0.379135, -0.036251, -0.939952
0.927843, 0.334684, -0.013319, -0.952856
0.927921, 0.425028, -0.055721, -0.912423
0.928945, 0.309093, 0.002171, -0.953609
0.932005, 0.285569, 0.017272, -0.950348
0.932291, 0.233166, 0.058935, -0.916395
0.932341, 0.208019, 0.084186, -0.886611
0.932477, 0.072390, 0.383764, -0.446743
0.932700, 0.100562, 0.263429, -0.610337
0.933226, 0.873172, -0.134434, -0.259912
0.933246, 0.154824, 0.151257, -0.787275
0.933281, 0.181426, 0.113654, -0.844690
0.933411, 0.022728, 0.551555, -0.116707
0.933481, 0.127808, 0.198599, -0.710964
0.933553, 0.956619, -0.147498, -0.095642
0.933604, 0.980178, -0.149258, -0.044499
0.934123, 0.258339, 0.035875, -0.938703
0.934556, 0.537186, -0.082358, -0.802895
0.935090, 0.734472, -0.114531, -0.509406
0.935468, 0.930351, -0.138232, -0.149542
0.935548, 0.791774, -0.120399, -0.409060
0.935701, 0.563524, -0.086587, -0.769757
0.935912, 0.512082, -0.074811, -0.832611
0.936293, 0.447862, -0.056722, -0.897317
0.936688, 0.816512, -0.121233, -0.365162
0.936868, 0.356155, -0.021941, -0.953098
0.937369, 0.845737, -0.122803, -0.310933
0.937685, 0.590212, -0.089004, -0.734094
0.937850, 0.902968, -0.128646, -0.203036
0.938551, 0.400596, -0.039407, -0.933093
0.938848, 0.705363, -0.104374, -0.558105
0.939062, 0.764726, -0.110834, -0.456948
0.939508, 0.486467, -0.064537, -0.861326
0.940187, 0.617352, -0.089961, -0.695748
0.941165, 0.675767, -0.096739, -0.606133
0.942137, 0.645520, -0.091167, -0.653752
0.946293, 0.045905, 0.417331, -0.308843
0.946582, 0.000000, 0.506683, 0.000000
0.949551, 1.000000, -0.120867, 0.000000
0.951394, 0.423620, -0.037692, -0.921616
0.951973, 0.325992, -0.006244, -0.965970
0.953980, 0.300131, 0.004300, -0.966258
0.954741, 0.377736, -0.022950, -0.951426
0.954906, 0.088508, 0.188363, -0.615513
0.955130, 0.273578, 0.015923, -0.959864
0.955227, 0.467551, -0.044174, -0.884515
0.955228, 0.194200, 0.063609, -0.888899
0.955300, 0.220408, 0.045077, -0.922043
0.955341, 0.114396, 0.146734, -0.706704
0.955571, 0.167527, 0.085147, -0.843559
0.955571, 0.140972, 0.111879, -0.784072
0.955658, 0.886034, -0.091134, -0.238339
0.955943, 0.246452, 0.029042, -0.945442
0.956012, 0.943411, -0.098213, -0.127099
0.956452, 0.971737, -0.105001, -0.068433
0.956623, 0.859363, -0.086570, -0.288067
0.956934, 0.747424, -0.077224, -0.489339
0.956988, 0.548911, -0.056042, -0.792780
0.957176, 0.064713, 0.238671, -0.503651
0.957292, 0.915272, -0.090752, -0.182141
0.957315, 0.830790, -0.082960, -0.340926
0.957618, 0.720106, -0.073720, -0.535686
0.957643, 0.522564, -0.051280, -0.825344
0.957940, 0.350625, -0.013287, -0.962683
0.958128, 0.575806, -0.058154, -0.757374
0.958361, 0.803122, -0.078893, -0.391201
0.958502, 0.776498, -0.076552, -0.438366
0.958607, 0.024143, 0.414005, -0.181919
0.959266, 0.496220, -0.045158, -0.855638
0.959511, 0.691224, -0.068038, -0.583480
0.959886, 0.603261, -0.058929, -0.719065
0.960225, 0.661484, -0.064229, -0.631042
0.960819, 0.443322, -0.034278, -0.907756
0.961131, 0.631646, -0.060016, -0.677257
0.962125, 0.402653, -0.024908, -0.938811
0.972154, 0.000000, 0.418657, 0.000000
0.974027, 1.000000, -0.076915, 0.000000
0.975577, 0.045739, 0.168287, -0.445678
0.976275, 0.313130, -0.000518, -0.973935
0.977286, 0.951897, -0.053762, -0.114443
0.977296, 0.287025, 0.004902, -0.971721
0.977382, 0.898160, -0.047650, -0.217456
0.977668, 0.099873, 0.083256, -0.681917
0.977678, 0.260395, 0.011066, -0.962464
0.977704, 0.180316, 0.036654, -0.880997
0.977706, 0.206890, 0.026671, -0.918280
0.977799, 0.126689, 0.063232, -0.765634
0.977847, 0.925588, -0.048866, -0.165351
0.977862, 0.153530, 0.048361, -0.830851
0.977899, 0.479043, -0.023073, -0.876690
0.977944, 0.366137, -0.009553, -0.961812
0.977950, 0.338238, -0.005204, -0.971058
0.977998, 0.233469, 0.017994, -0.944992
0.978068, 0.844097, -0.043298, -0.317907
0.978072, 0.871316, -0.044594, -0.267595
0.978409, 0.977288, -0.057477, -0.062764
0.978412, 0.760515, -0.039282, -0.467902
0.978698, 0.422802, -0.016475, -0.927577
0.978774, 0.732986, -0.037518, -0.515401
0.978863, 0.534687, -0.026602, -0.813027
0.978881, 0.561714, -0.028490, -0.778293
0.978882, 0.816544, -0.040571, -0.368057
0.979077, 0.073189, 0.102080, -0.580439
0.979162, 0.705106, -0.035648, -0.562223
0.979586, 0.676259, -0.033671, -0.609234
0.979630, 0.788570, -0.038102, -0.418272
0.979705, 0.589304, -0.029078, -0.740538
0.979773, 0.507321, -0.023398, -0.845752
0.979952, 0.647194, -0.031726, -0.654911
0.980192, 0.452276, -0.018187, -0.902693
0.980223, 0.392586, -0.012167, -0.948543
0.980489, 0.617849, -0.029484, -0.699304
0.982486, 0.020013, 0.234687, -0.285386
1.000000, 0.000000, 0.000000, 0.000000
1.000000, 0.030936, 0.000000, -0.429350
1.000000, 0.057655, 0.000000, -0.524257
1.000000, 0.085657, 0.000000, -0.642094
1.000000, 0.112697, 0.000000, -0.732936
1.000000, 0.139670, 0.000000, -0.805406
1.000000, 0.166581, 0.000000, -0.862168
1.000000, 0.193337, 0.000000, -0.905016
1.000000, 0.220045, 0.000000, -0.936359
1.000000, 0.246890, 0.000000, -0.957940
1.000000, 0.273566, 0.000000, -0.970764
1.000000, 0.300022, 0.000000, -0.976209
1.000000, 0.325974, 0.000000, -0.975420
1.000000, 0.352860, 0.000000, -0.968831
1.000000, 0.379982, 0.000000, -0.956956
1.000000, 0.408530, 0.000000, -0.939104
1.000000, 0.436563, 0.000000, -0.917650
1.000000, 0.465138, 0.000000, -0.891295
1.000000, 0.492364, 0.000000, -0.863511
1.000000, 0.520472, 0.000000, -0.831038
1.000000, 0.548014, 0.000000, -0.797007
1.000000, 0.575635, 0.000000, -0.760343
1.000000, 0.603888, 0.000000, -0.720391
1.000000, 0.632815, 0.000000, -0.677365
1.000000, 0.661550, 0.000000, -0.633123
1.000000, 0.690101, 0.000000, -0.587407
1.000000, 0.718336, 0.000000, -0.540714
1.000000, 0.746211, 0.000000, -0.493316
1.000000, 0.773780, 0.000000, -0.445361
1.000000, 0.801847, 0.000000, -0.395004
1.000000, 0.829313, 0.000000, -0.345568
1.000000, 0.856088, 0.000000, -0.296760
1.000000, 0.882475, 0.000000, -0.247837
1.000000, 0.907977, 0.000000, -0.200304
1.000000, 0.932670, 0.000000, -0.153489
1.000000, 0.955843, 0.000000, -0.109474
1.000000, 0.978099, 0.000000, -0.063832
1.000000, 1.000000, 0.000000, 0.000000
