0.000000, 0.000000, 0.000000, 0.000000
0.000000, 0.029021, 0.000000, 0.087736
0.000000, 0.056003, 0.000000, 0.150274
0.000000, 0.082472, 0.000000, 0.211619
0.000000, 0.109014, 0.000000, 0.272582
0.000000, 0.136105, 0.000000, 0.333513
0.000000, 0.164611, 0.000000, 0.396767
0.000000, 0.194376, 0.000000, 0.463666
0.000000, 0.222208, 0.000000, 0.521154
0.000000, 0.251923, 0.000000, 0.581456
0.000000, 0.281839, 0.000000, 0.640063
0.000000, 0.310797, 0.000000, 0.694572
0.000000, 0.337786, 0.000000, 0.740920
0.000000, 0.365748, 0.000000, 0.786541
0.000000, 0.393541, 0.000000, 0.827201
0.000000, 0.422563, 0.000000, 0.867028
0.000000, 0.450038, 0.000000, 0.899887
0.000000, 0.477148, 0.000000, 0.927816
0.000000, 0.504111, 0.000000, 0.950749
0.000000, 0.531347, 0.000000, 0.968790
0.000000, 0.558609, 0.000000, 0.981236
0.000000, 0.584626, 0.000000, 0.987141
0.000000, 0.610989, 0.000000, 0.987107
0.000000, 0.636910, 0.000000, 0.980409
0.000000, 0.662307, 0.000000, 0.967542
0.000000, 0.688824, 0.000000, 0.946645
0.000000, 0.715827, 0.000000, 0.917011
0.000000, 0.742847, 0.000000, 0.878157
0.000000, 0.769486, 0.000000, 0.830703
0.000000, 0.795477, 0.000000, 0.775382
0.000000, 0.820995, 0.000000, 0.712494
0.000000, 0.846479, 0.000000, 0.641130
0.000000, 0.872229, 0.000000, 0.559890
0.000000, 0.898064, 0.000000, 0.469280
0.000000, 0.923541, 0.000000, 0.371929
0.000000, 0.948427, 0.000000, 0.271154
0.000000, 0.973004, 0.000000, 0.174104
0.000000, 1.000000, 0.000000, 0.000000
0.018189, 0.178444, 0.040825, 0.427983
0.018281, 0.267328, 0.036151, 0.611098
0.018734, 0.236793, 0.038911, 0.550561
0.018896, 0.409359, 0.025929, 0.848165
0.019293, 0.984915, -0.126404, 0.097698
0.019452, 0.297296, 0.036395, 0.668407
0.019654, 0.019337, 0.059060, 0.058278
0.019874, 0.149502, 0.046215, 0.364107
0.020665, 0.544990, 0.009357, 0.973737
0.020922, 0.517765, 0.013916, 0.958561
0.021053, 0.350280, 0.034471, 0.760443
0.021135, 0.436918, 0.025502, 0.882867
0.021183, 0.729813, -0.030522, 0.894923
0.021238, 0.702259, -0.023566, 0.930074
0.021523, 0.463839, 0.022361, 0.912726
0.021614, 0.490545, 0.018547, 0.937840
0.021764, 0.379852, 0.032813, 0.806258
0.021802, 0.756596, -0.039159, 0.851569
0.021824, 0.597310, -0.000050, 0.985638
0.021913, 0.674763, -0.017485, 0.955871
0.022110, 0.121583, 0.052991, 0.301080
0.022149, 0.208174, 0.047946, 0.492353
0.022371, 0.885957, -0.082992, 0.508844
0.022583, 0.624419, -0.005811, 0.981939
0.022661, 0.912242, -0.093912, 0.412102
0.022725, 0.572255, 0.005200, 0.982647
0.022739, 0.044448, 0.061560, 0.120867
0.022768, 0.859830, -0.075070, 0.596021
0.022816, 0.783577, -0.049279, 0.798270
0.022823, 0.324628, 0.040135, 0.717636
0.023006, 0.095475, 0.056936, 0.241111
0.023281, 0.069970, 0.059832, 0.181601
0.023377, 0.937588, -0.107980, 0.310627
0.023454, 0.834113, -0.068117, 0.672764
0.023533, 0.808963, -0.059449, 0.739342
0.023741, 0.648317, -0.012276, 0.972518
0.023811, 0.961293, -0.123906, 0.206197
0.027795, 0.000000, 0.085502, 0.000000
0.032728, 1.000000, -0.198518, 0.000000
0.036759, 0.253549, 0.074334, 0.582838
0.037405, 0.282760, 0.071842, 0.639685
0.038200, 0.186654, 0.084823, 0.443274
0.038341, 0.400010, 0.053647, 0.832572
0.039483, 0.361481, 0.062823, 0.775531
0.040004, 0.161515, 0.091532, 0.388244
0.041235, 0.227539, 0.086883, 0.530417
0.041866, 0.557627, 0.014193, 0.973493
0.041888, 0.135269, 0.098751, 0.330042
0.041922, 0.716834, -0.053762, 0.904363
0.041932, 0.610503, -0.005685, 0.978524
0.042067, 0.531238, 0.023199, 0.961971
0.042143, 0.425026, 0.053137, 0.865230
0.042220, 0.688823, -0.040138, 0.936115
0.042281, 0.504629, 0.031693, 0.944941
0.042649, 0.309370, 0.077408, 0.687871
0.043108, 0.026966, 0.117130, 0.073159
0.043299, 0.451109, 0.047861, 0.895589
0.043413, 0.770163, -0.086165, 0.816176
0.043564, 0.743133, -0.070689, 0.865002
0.043582, 0.477199, 0.040810, 0.921769
0.044124, 0.660426, -0.028215, 0.958067
0.044142, 0.900916, -0.174214, 0.442791
0.044823, 0.874262, -0.157830, 0.537093
0.045194, 0.928399, -0.198995, 0.334463
0.045648, 0.978298, -0.239063, 0.108642
0.045654, 0.054995, 0.117813, 0.142599
0.045720, 0.107484, 0.110934, 0.266463
0.045957, 0.848114, -0.143289, 0.619920
0.046430, 0.585445, 0.004585, 0.977732
0.046816, 0.081883, 0.116888, 0.206825
0.046856, 0.797383, -0.110847, 0.755256
0.047154, 0.335929, 0.080315, 0.732592
0.047368, 0.954749, -0.230211, 0.219047
0.047404, 0.822351, -0.129546, 0.692259
0.049148, 0.633976, -0.018092, 0.969259
0.049440, 0.204381, 0.107462, 0.480590
0.050685, 0.382642, 0.075490, 0.805093
0.051706, 0.000000, 0.138566, 0.000000
0.056084, 0.268467, 0.110337, 0.608445
0.059642, 1.000000, -0.305454, 0.000000
0.061108, 0.176389, 0.136998, 0.418234
0.061181, 0.245439, 0.125047, 0.562380
0.062059, 0.291743, 0.116793, 0.651836
0.062131, 0.409234, 0.083727, 0.838983
0.062153, 0.704678, -0.071373, 0.906321
0.062621, 0.676033, -0.051109, 0.935245
0.062828, 0.357928, 0.100639, 0.764012
0.063155, 0.566832, 0.016374, 0.965994
0.063188, 0.150920, 0.145890, 0.362528
0.063369, 0.491674, 0.053110, 0.926409
0.063456, 0.124141, 0.150402, 0.301719
0.063850, 0.607850, -0.007346, 0.967548
0.064253, 0.517996, 0.041811, 0.944839
0.064449, 0.542662, 0.029733, 0.957612
0.064835, 0.436996, 0.076919, 0.872120
0.065005, 0.916045, -0.270659, 0.366666
0.065082, 0.756590, -0.117902, 0.825619
0.065652, 0.729700, -0.096096, 0.870024
0.065684, 0.782337, -0.142314, 0.773646
0.065933, 0.463256, 0.067382, 0.899587
0.066168, 0.020295, 0.171423, 0.052250
0.066303, 0.889203, -0.248585, 0.466426
0.066808, 0.316489, 0.119110, 0.695455
0.066952, 0.221048, 0.141828, 0.512145
0.067097, 0.945212, -0.306806, 0.244175
0.067411, 0.043396, 0.173243, 0.110437
0.067822, 0.863042, -0.226848, 0.553974
0.068497, 0.650547, -0.037163, 0.949014
0.069047, 0.069167, 0.173061, 0.173377
0.069561, 0.837080, -0.205453, 0.631456
0.070399, 0.974915, -0.341913, 0.111288
0.070706, 0.095641, 0.171961, 0.234714
0.071761, 0.811158, -0.184807, 0.699367
0.072791, 0.195719, 0.159261, 0.457858
0.073150, 0.382082, 0.108474, 0.796692
0.074854, 0.585490, 0.006695, 0.961533
0.075997, 0.338155, 0.128376, 0.729056
0.077068, 0.627354, -0.023859, 0.953349
0.078350, 0.000000, 0.202846, 0.000000
0.079247, 0.268443, 0.155229, 0.603550
0.080655, 0.692213, -0.081492, 0.904768
0.083434, 0.480335, 0.075901, 0.907038
0.084089, 0.240144, 0.172611, 0.546996
0.084248, 0.402840, 0.115407, 0.820798
0.084316, 0.116180, 0.200618, 0.280220
0.085003, 0.929408, -0.365077, 0.292384
0.085197, 0.167845, 0.192180, 0.395268
0.085231, 0.141670, 0.198077, 0.338286
0.085237, 0.295351, 0.158307, 0.651475
0.085256, 1.000000, -0.405079, 0.000000
0.085453, 0.507308, 0.061425, 0.926332
0.085658, 0.426167, 0.106058, 0.850181
0.086042, 0.791631, -0.197691, 0.731596
0.086299, 0.558616, 0.027107, 0.949423
0.086780, 0.743334, -0.142862, 0.827713
0.087220, 0.668316, -0.064484, 0.921200
0.087519, 0.533456, 0.045381, 0.939649
0.087707, 0.903879, -0.345884, 0.387991
0.087801, 0.958216, -0.400746, 0.172196
0.088073, 0.715702, -0.114510, 0.868483
0.088291, 0.361273, 0.139260, 0.760763
0.089060, 0.451182, 0.097046, 0.876362
0.089299, 0.766739, -0.175155, 0.781730
0.089659, 0.878833, -0.320635, 0.475399
0.090262, 0.026085, 0.228467, 0.064845
0.090291, 0.603964, -0.008349, 0.948478
0.091002, 0.052791, 0.227360, 0.130137
0.091324, 0.215954, 0.194018, 0.496325
0.091484, 0.853920, -0.293023, 0.554863
0.092624, 0.079184, 0.226790, 0.193020
0.093492, 0.318899, 0.164554, 0.689528
0.093687, 0.829323, -0.266008, 0.624881
0.094440, 0.190778, 0.207134, 0.442512
0.095224, 0.645736, -0.048113, 0.928749
0.098998, 0.979956, -0.453715, 0.079373
0.099553, 0.577985, 0.013515, 0.941764
0.099717, 0.383591, 0.145814, 0.787765
0.100205, 0.254105, 0.200538, 0.569448
0.100937, 0.101106, 0.241934, 0.242314
0.101784, 0.807777, -0.257943, 0.671079
0.102186, 0.000000, 0.255871, 0.000000
0.102939, 0.690997, -0.104934, 0.881490
0.103137, 0.470945, 0.098105, 0.886299
0.103346, 0.341842, 0.171297, 0.723032
0.103482, 0.278518, 0.198250, 0.614889
0.104642, 0.942015, -0.452310, 0.223242
0.104760, 0.623694, -0.030512, 0.929478
0.105945, 0.496374, 0.081889, 0.904662
0.106334, 0.733476, -0.163375, 0.819432
0.107110, 0.127287, 0.250873, 0.301148
0.107576, 0.408672, 0.142384, 0.816541
0.107918, 0.152880, 0.246618, 0.358095
0.108476, 0.522705, 0.062450, 0.918437
0.109381, 0.918435, -0.444351, 0.306599
0.109556, 0.781986, -0.238441, 0.721338
0.109949, 0.432631, 0.130337, 0.843528
0.110044, 0.550254, 0.039468, 0.927741
0.111218, 0.231120, 0.229967, 0.520123
0.111936, 0.301134, 0.204350, 0.652179
0.111937, 0.894895, -0.421764, 0.387869
0.112044, 0.667361, -0.085098, 0.893502
0.112213, 0.176882, 0.249370, 0.408317
0.113718, 0.870985, -0.391534, 0.466653
0.113750, 1.000000, -0.511769, 0.000000
0.114168, 0.041166, 0.282555, 0.099071
0.114243, 0.756364, -0.209896, 0.767171
0.114591, 0.066130, 0.279921, 0.158319
0.114752, 0.019568, 0.284315, 0.047322
0.114869, 0.205076, 0.246571, 0.467123
0.115000, 0.599703, -0.008320, 0.925147
0.115051, 0.364628, 0.177827, 0.751886
0.115169, 0.711023, -0.145616, 0.840990
0.115887, 0.847067, -0.359363, 0.539082
0.116363, 0.961905, -0.509135, 0.139973
0.118244, 0.454013, 0.124423, 0.859690
0.120696, 0.323939, 0.208491, 0.686582
0.121138, 0.824318, -0.336525, 0.596127
0.121320, 0.644923, -0.064133, 0.898706
0.121363, 0.088597, 0.291707, 0.209856
0.121810, 0.258654, 0.240275, 0.569891
0.122916, 0.575286, 0.017399, 0.918386
0.124460, 0.389249, 0.176264, 0.780669
0.126015, 0.479781, 0.110444, 0.875705
0.126935, 0.112600, 0.299072, 0.263286
0.127419, 0.800214, -0.310948, 0.648699
0.127969, 0.688095, -0.128756, 0.850878
0.128623, 0.937858, -0.533396, 0.216115
0.128893, 0.505329, 0.089495, 0.890411
0.129048, 0.980522, -0.560565, 0.067975
0.129259, 0.000000, 0.319633, 0.000000
0.129632, 0.281273, 0.244743, 0.608086
0.130009, 0.732648, -0.201110, 0.784666
0.130339, 0.622313, -0.040206, 0.899363
0.130460, 0.138032, 0.300454, 0.319215
0.130920, 0.346487, 0.212304, 0.716474
0.131275, 0.530757, 0.065653, 0.900267
0.131453, 0.414123, 0.167688, 0.806995
0.132835, 0.162678, 0.298296, 0.372101
0.133330, 0.775470, -0.280444, 0.696100
0.133821, 0.913635, -0.522377, 0.292702
0.134123, 0.238932, 0.272772, 0.526953
0.134215, 0.189175, 0.292122, 0.426927
0.135111, 0.553930, 0.042328, 0.902521
0.135848, 0.889483, -0.493895, 0.370163
0.136232, 0.216628, 0.286019, 0.482245
0.136239, 0.051190, 0.330673, 0.120127
0.136873, 0.436869, 0.156104, 0.827719
0.137908, 0.865374, -0.460015, 0.443680
0.138029, 0.304760, 0.247457, 0.644712
0.138058, 0.665693, -0.105612, 0.858715
0.139276, 0.599672, -0.013815, 0.895480
0.139360, 0.023814, 0.341162, 0.055998
0.140847, 0.370509, 0.211243, 0.744867
0.141233, 0.709119, -0.179270, 0.802117
0.141711, 0.841753, -0.427502, 0.508272
0.141833, 0.752422, -0.256500, 0.728104
0.142091, 0.074626, 0.340586, 0.173523
0.142478, 1.000000, -0.607443, 0.000000
0.143226, 0.461362, 0.140853, 0.845195
0.143248, 0.957777, -0.595074, 0.137220
0.146795, 0.817700, -0.394636, 0.566028
0.147203, 0.259793, 0.288033, 0.560696
0.147362, 0.578257, 0.013228, 0.888353
0.147385, 0.643264, -0.078967, 0.862706
0.147559, 0.327733, 0.249513, 0.676469
0.147866, 0.098596, 0.349132, 0.227040
0.149061, 0.487043, 0.120157, 0.858821
0.149406, 0.395309, 0.203921, 0.770844
0.152054, 0.123487, 0.351941, 0.281140
0.152146, 0.512346, 0.094666, 0.869645
0.153058, 0.794155, -0.362798, 0.613919
0.153157, 0.933408, -0.606898, 0.206345
0.153806, 0.686809, -0.157213, 0.809530
0.154374, 0.000000, 0.375450, 0.000000
0.154565, 0.284341, 0.288016, 0.600763
0.154592, 0.148773, 0.349605, 0.335215
0.154916, 0.203442, 0.328952, 0.447848
0.155045, 0.175062, 0.341051, 0.390496
0.155486, 0.728855, -0.236639, 0.745121
0.156231, 0.620802, -0.049695, 0.862814
0.156663, 0.977459, -0.646210, 0.069081
0.156822, 0.535408, 0.069158, 0.872254
0.156903, 0.040269, 0.378732, 0.092612
0.157089, 0.351505, 0.247702, 0.705737
0.157297, 0.419433, 0.192488, 0.791870
0.157862, 0.907760, -0.589852, 0.279466
0.158213, 0.234305, 0.321269, 0.506925
0.158701, 0.771257, -0.328146, 0.655535
0.159409, 0.557252, 0.041053, 0.872131
0.159795, 0.883527, -0.558274, 0.350047
0.161802, 0.443399, 0.174209, 0.811279
0.162704, 0.859238, -0.523314, 0.416119
0.163799, 0.062289, 0.391373, 0.141835
0.164030, 0.307781, 0.289345, 0.634204
0.164039, 0.664131, -0.128270, 0.816271
0.165368, 0.598345, -0.018784, 0.858113
0.166162, 0.376264, 0.240670, 0.732440
0.166794, 0.834148, -0.483715, 0.479134
0.167355, 0.469039, 0.151739, 0.826392
0.168037, 0.020230, 0.404737, 0.046216
0.168453, 0.707116, -0.214435, 0.754061
0.168707, 0.747832, -0.299227, 0.682995
0.169114, 0.084688, 0.398609, 0.190945
0.169357, 1.000000, -0.685598, 0.000000
0.169743, 0.262462, 0.327418, 0.552784
0.169941, 0.953452, -0.670533, 0.132432
0.171976, 0.496101, 0.122550, 0.837652
0.173134, 0.810865, -0.449612, 0.527749
0.173351, 0.331656, 0.286762, 0.664642
0.173410, 0.575564, 0.014307, 0.851122
0.173457, 0.108841, 0.402598, 0.243232
0.173461, 0.641540, -0.096268, 0.819500
0.173762, 0.215554, 0.360598, 0.462918
0.174938, 0.401037, 0.229042, 0.754573
0.175051, 0.187624, 0.376772, 0.407768
0.176626, 0.134592, 0.401227, 0.297527
0.176642, 0.926067, -0.666289, 0.203499
0.177243, 0.160210, 0.393059, 0.351002
0.177436, 0.521517, 0.091727, 0.840729
0.179718, 0.286545, 0.329369, 0.587993
0.179840, 0.788246, -0.414449, 0.568784
0.180105, 0.684417, -0.184563, 0.761738
0.181667, 0.000000, 0.436296, 0.000000
0.181678, 0.243509, 0.360424, 0.511338
0.182138, 0.618750, -0.061496, 0.819683
0.182157, 0.043438, 0.434597, 0.097174
0.182172, 0.979942, -0.718003, 0.053200
0.182258, 0.356618, 0.278919, 0.692754
0.182281, 0.548326, 0.055248, 0.838724
0.182675, 0.900313, -0.649448, 0.265980
0.182893, 0.727404, -0.280481, 0.689697
0.183020, 0.425690, 0.212286, 0.772105
0.183489, 0.766221, -0.371202, 0.611097
0.183900, 0.876784, -0.614598, 0.328271
0.185307, 0.449808, 0.187271, 0.790611
0.186121, 0.849728, -0.569305, 0.396287
0.189310, 0.310611, 0.327204, 0.619649
0.189687, 0.477985, 0.155392, 0.804720
0.190365, 0.661570, -0.149806, 0.767484
0.190562, 0.067297, 0.449072, 0.148542
0.191208, 0.595562, -0.024767, 0.814966
0.191307, 0.381890, 0.266647, 0.716314
0.193470, 0.825474, -0.535965, 0.443488
0.193547, 0.962368, -0.739384, 0.094609
0.194325, 0.091229, 0.451353, 0.199418
0.194703, 0.225487, 0.394977, 0.470363
0.194936, 0.022423, 0.463249, 0.049488
0.195258, 0.704732, -0.249646, 0.699273
0.195313, 0.200241, 0.410241, 0.422371
0.195507, 0.940119, -0.728024, 0.147913
0.195605, 0.571597, 0.016368, 0.814623
0.195925, 0.266223, 0.371070, 0.542521
0.196113, 0.502994, 0.124127, 0.807749
0.196920, 0.118756, 0.449254, 0.257454
0.196959, 0.173813, 0.426842, 0.369977
0.197499, 0.747958, -0.356056, 0.616087
0.197581, 1.000000, -0.760274, 0.000000
0.197957, 0.336002, 0.318730, 0.649887
0.199565, 0.637914, -0.110288, 0.771478
0.199983, 0.801083, -0.494080, 0.489199
0.200053, 0.530875, 0.082722, 0.808691
0.200299, 0.407200, 0.249516, 0.734557
0.200491, 0.146052, 0.445649, 0.312203
0.202061, 0.915417, -0.718720, 0.202188
0.204291, 0.866341, -0.647999, 0.318603
0.205201, 0.289189, 0.369163, 0.573341
0.205207, 0.459213, 0.190219, 0.772026
0.205883, 0.774188, -0.440137, 0.537429
0.206548, 0.682484, -0.214790, 0.705720
0.206908, 0.361353, 0.306378, 0.675019
0.207343, 0.046642, 0.488380, 0.101065
0.207681, 0.613008, -0.066071, 0.773851
0.207790, 0.000000, 0.492426, 0.000000
0.208785, 0.433013, 0.226786, 0.747913
0.208991, 0.555754, 0.041912, 0.793709
0.209016, 0.725261, -0.321865, 0.630771
0.209391, 0.246164, 0.408630, 0.498731
0.209501, 0.891465, -0.703546, 0.248623
0.212096, 0.981279, -0.791325, 0.041243
0.212152, 0.843172, -0.621398, 0.358702
0.213462, 0.315322, 0.359570, 0.606142
0.214727, 0.483350, 0.160936, 0.771942
0.215630, 0.219354, 0.437142, 0.446308
0.215723, 0.099156, 0.493123, 0.210348
0.215910, 0.659060, -0.172435, 0.713586
0.216037, 0.585932, -0.016973, 0.771777
0.216175, 0.385836, 0.290556, 0.693508
0.216777, 0.071238, 0.502882, 0.151691
0.216952, 0.512787, 0.115330, 0.778000
0.217278, 0.958919, -0.792881, 0.088762
0.217573, 0.193445, 0.456623, 0.397369
0.218870, 0.168444, 0.471549, 0.348355
0.219663, 0.819353, -0.585939, 0.397480
0.219994, 0.934028, -0.778705, 0.140229
0.220359, 0.023394, 0.516901, 0.049817
0.220545, 0.124631, 0.494740, 0.261035
0.221596, 0.748163, -0.405482, 0.552395
0.222433, 0.341017, 0.347022, 0.632923
0.222503, 0.703501, -0.289914, 0.634045
0.223147, 0.267641, 0.415860, 0.524757
0.223405, 0.793395, -0.530130, 0.448527
0.224190, 0.634357, -0.124574, 0.720520
0.224808, 0.410388, 0.268907, 0.707378
0.224975, 0.537782, 0.072600, 0.765829
0.225772, 0.146415, 0.496198, 0.302557
0.225978, 0.456164, 0.206621, 0.740290
0.226045, 0.870393, -0.706608, 0.269510
0.226790, 1.000000, -0.824335, 0.000000
0.228086, 0.294529, 0.400399, 0.562164
0.228298, 0.910968, -0.771562, 0.180385
0.229843, 0.768465, -0.478401, 0.486282
0.230519, 0.609641, -0.074222, 0.727073
0.231256, 0.564219, 0.020705, 0.748956
0.232056, 0.047193, 0.539353, 0.098624
0.232339, 0.680522, -0.246054, 0.644304
0.232350, 0.364513, 0.333240, 0.650715
0.232532, 0.239141, 0.453303, 0.469481
0.233459, 0.000000, 0.545507, 0.000000
0.234183, 0.498030, 0.143840, 0.744828
0.234376, 0.726215, -0.370393, 0.561251
0.234525, 0.848218, -0.682453, 0.301428
0.235359, 0.432799, 0.246947, 0.711073
0.236636, 0.086685, 0.539200, 0.178794
0.236893, 0.212658, 0.479957, 0.420561
0.237502, 0.321455, 0.387433, 0.591226
0.238464, 0.953503, -0.832280, 0.086595
0.239029, 0.890673, -0.765310, 0.207144
0.240356, 0.185926, 0.502236, 0.369609
0.240367, 0.977639, -0.846130, 0.040820
0.240414, 0.655339, -0.192869, 0.657411
0.240606, 0.109986, 0.539407, 0.224239
0.240872, 0.476434, 0.182673, 0.726477
0.241151, 0.388418, 0.312881, 0.665097
0.241409, 0.587240, -0.031953, 0.717036
0.242639, 0.521114, 0.102661, 0.732399
0.242664, 0.827510, -0.655086, 0.327884
0.244314, 0.804762, -0.605250, 0.370578
0.244469, 0.163612, 0.523593, 0.326609
0.245599, 0.023221, 0.568414, 0.047533
0.246031, 0.931077, -0.827463, 0.122219
0.246459, 0.066664, 0.563993, 0.136034
0.247191, 0.255856, 0.463985, 0.485177
0.247460, 0.278862, 0.444006, 0.520735
0.247665, 0.135763, 0.542661, 0.271823
0.248323, 0.780111, -0.549805, 0.412192
0.248851, 0.343579, 0.377060, 0.606560
0.248873, 0.701754, -0.327974, 0.565143
0.248980, 0.631843, -0.143130, 0.662468
0.249165, 0.750157, -0.467886, 0.470806
0.249365, 0.545226, 0.053676, 0.716243
0.250722, 0.454288, 0.223037, 0.700029
0.250845, 0.411037, 0.289991, 0.671557
0.251293, 0.303718, 0.424741, 0.552506
0.251725, 0.868498, -0.755044, 0.229215
0.254036, 1.000000, -0.872621, 0.000000
0.254643, 0.609994, -0.093562, 0.669143
0.256243, 0.674153, -0.262353, 0.588919
0.256551, 0.910112, -0.823875, 0.148366
0.257238, 0.725989, -0.413278, 0.495338
0.257253, 0.228241, 0.503023, 0.432091
0.257346, 0.568316, 0.001180, 0.690557
0.257748, 0.367277, 0.357122, 0.621665
0.257962, 0.202572, 0.522780, 0.387930
0.258168, 0.500090, 0.143562, 0.700707
0.259056, 0.044574, 0.593354, 0.089278
0.259307, 0.000000, 0.596885, 0.000000
0.260415, 0.955847, -0.872075, 0.069346
0.261058, 0.845569, -0.729463, 0.254226
0.262083, 0.090180, 0.588303, 0.178358
0.262290, 0.432673, 0.264505, 0.668777
0.262893, 0.116893, 0.579311, 0.229324
0.264495, 0.154956, 0.564474, 0.299480
0.265756, 0.478457, 0.186053, 0.682360
0.265812, 0.323386, 0.421758, 0.562242
0.266409, 0.649085, -0.206908, 0.595871
0.266890, 0.767218, -0.552190, 0.387278
0.266944, 0.888754, -0.812787, 0.170556
0.266955, 0.524321, 0.094258, 0.682410
0.267202, 0.820378, -0.687273, 0.287235
0.267245, 0.389905, 0.334191, 0.629554
0.267511, 0.180911, 0.555145, 0.344440
0.267542, 0.592616, -0.060638, 0.651368
0.268199, 0.796131, -0.631415, 0.328511
0.268251, 0.978363, -0.891123, 0.032097
0.268970, 0.248564, 0.504528, 0.454598
0.271093, 0.293725, 0.462435, 0.517653
0.271633, 0.932642, -0.870354, 0.097431
0.272014, 0.022053, 0.620357, 0.043210
0.272062, 0.692038, -0.338749, 0.513157
0.272066, 0.271676, 0.486898, 0.485857
0.272927, 0.066737, 0.615032, 0.130004
0.274413, 0.456410, 0.229218, 0.659043
0.274576, 0.547593, 0.041198, 0.659405
0.274587, 0.347239, 0.401571, 0.578327
0.275392, 0.622454, -0.145458, 0.602999
0.276787, 0.740812, -0.495497, 0.409058
0.276850, 0.713463, -0.411769, 0.459984
0.277480, 0.136693, 0.597477, 0.259743
0.277505, 0.865587, -0.794004, 0.191170
0.277545, 0.411715, 0.307787, 0.629912
0.278587, 0.208805, 0.553532, 0.383438
0.281569, 1.000000, -0.913464, 0.000000
0.281645, 0.571977, -0.019651, 0.629982
0.282219, 0.670004, -0.288499, 0.519112
0.282575, 0.503016, 0.137403, 0.650442
0.282837, 0.107162, 0.620520, 0.203057
0.283509, 0.910221, -0.865248, 0.117886
0.284252, 0.369850, 0.378977, 0.586700
0.284989, 0.955516, -0.906315, 0.056279
0.285054, 0.231719, 0.544392, 0.414402
0.285054, 0.839298, -0.757559, 0.218154
0.285439, 0.043929, 0.643647, 0.083828
0.285876, 0.000000, 0.647805, 0.000000
0.286379, 0.308116, 0.465176, 0.518225
0.286740, 0.163907, 0.598950, 0.302575
0.287421, 0.786447, -0.641827, 0.297278
0.288043, 0.434002, 0.274962, 0.624155
0.288871, 0.762497, -0.580229, 0.335281
0.289041, 0.598976, -0.095335, 0.589192
0.289865, 0.481418, 0.183306, 0.634341
0.290073, 0.085487, 0.641510, 0.160666
0.290418, 0.644708, -0.225283, 0.531835
0.291515, 0.813647, -0.713612, 0.245069
0.292012, 0.526249, 0.084015, 0.625323
0.292615, 0.189367, 0.591155, 0.341281
0.292776, 0.330239, 0.443754, 0.535304
0.292842, 0.257824, 0.530735, 0.445151
0.292989, 0.887326, -0.849209, 0.136695
0.294213, 0.391619, 0.352660, 0.588427
0.295490, 0.978149, -0.926632, 0.024906
0.296874, 0.457529, 0.233395, 0.615641
0.297090, 0.283838, 0.507586, 0.475092
0.297617, 0.125429, 0.638902, 0.229601
0.297626, 0.693809, -0.387433, 0.430363
0.297738, 0.932217, -0.904399, 0.076416
0.298259, 0.721911, -0.477970, 0.378676
0.298611, 0.021448, 0.670278, 0.039902
0.298750, 0.550787, 0.022465, 0.598732
0.300603, 0.860108, -0.817917, 0.161120
0.300675, 0.063938, 0.667045, 0.118036
0.300970, 0.621485, -0.170541, 0.530555
0.302113, 0.352127, 0.421278, 0.543455
0.303875, 0.147904, 0.637250, 0.264722
0.303994, 0.213993, 0.589234, 0.370503
0.304024, 0.575830, -0.045600, 0.568106
0.304125, 0.413151, 0.321195, 0.584355
0.304271, 0.745447, -0.559077, 0.320732
0.305316, 0.666707, -0.313994, 0.452058
0.308522, 0.504957, 0.128944, 0.591033
0.308881, 1.000000, -0.944342, 0.000000
0.309144, 0.794786, -0.696842, 0.232371
0.309279, 0.835188, -0.784310, 0.177263
0.309376, 0.238680, 0.573400, 0.401566
0.309697, 0.104971, 0.669211, 0.188279
0.309794, 0.308409, 0.491566, 0.488153
0.310349, 0.955749, -0.934485, 0.042605
0.310394, 0.909002, -0.896568, 0.090591
0.311251, 0.771441, -0.642077, 0.260314
0.311336, 0.172571, 0.633791, 0.300397
0.312089, 0.374032, 0.394101, 0.545261
0.312578, 0.041585, 0.693238, 0.075032
0.312902, 0.000000, 0.697055, 0.000000
0.312991, 0.480008, 0.185918, 0.583031
0.313525, 0.599034, -0.118799, 0.519025
0.313550, 0.434674, 0.283851, 0.575220
0.315339, 0.879893, -0.865824, 0.115225
0.315768, 0.641776, -0.250273, 0.457435
0.315896, 0.264645, 0.554008, 0.428987
0.316220, 0.530481, 0.064791, 0.563704
0.317572, 0.084346, 0.690947, 0.149498
0.318834, 0.331856, 0.467289, 0.499148
0.319123, 0.456344, 0.239520, 0.568196
0.319176, 0.196078, 0.627097, 0.330834
0.319313, 0.813869, -0.753434, 0.185504
0.319415, 0.709494, -0.476240, 0.334198
0.322094, 0.395993, 0.361090, 0.541197
0.322208, 0.684443, -0.399837, 0.366635
0.322436, 0.128827, 0.679555, 0.222558
0.322517, 0.978261, -0.953354, 0.017858
0.322703, 0.555069, -0.003036, 0.531996
0.323263, 0.933398, -0.931322, 0.055167
0.323589, 0.288739, 0.533450, 0.448269
0.324182, 0.734267, -0.559116, 0.281085
0.325578, 0.855542, -0.839869, 0.125772
0.326201, 0.020270, 0.719470, 0.035487
0.327357, 0.061448, 0.714380, 0.106850
0.327531, 0.618471, -0.192221, 0.452883
0.328045, 0.577966, -0.071367, 0.497351
0.328797, 0.154123, 0.673520, 0.259149
0.328872, 0.354788, 0.438916, 0.502362
0.329563, 0.221301, 0.619103, 0.356896
0.329610, 0.759076, -0.636478, 0.230650
0.330568, 0.660488, -0.333408, 0.378490
0.330960, 0.895508, -0.901426, 0.079818
0.331782, 0.418375, 0.320971, 0.531687
0.332554, 0.491868, 0.154308, 0.534434
0.333030, 0.787343, -0.712123, 0.186295
0.333260, 0.244976, 0.598442, 0.384578
0.334591, 0.515633, 0.093473, 0.521676
0.335389, 0.108056, 0.710470, 0.182078
0.335467, 0.311864, 0.513019, 0.455273
0.336197, 1.000000, -0.966597, 0.000000
0.336529, 0.956482, -0.956389, 0.029097
0.336655, 0.833828, -0.813508, 0.127861
0.337058, 0.177592, 0.669160, 0.288551
0.338176, 0.466563, 0.215513, 0.524381
0.339348, 0.377651, 0.404639, 0.498424
0.339432, 0.916104, -0.929543, 0.055616
0.340205, 0.039851, 0.740903, 0.067303
0.340243, 0.596660, -0.139164, 0.440488
0.340434, 0.270165, 0.576555, 0.405719
0.340473, 0.441724, 0.272092, 0.517852
0.340735, 0.000000, 0.745252, 0.000000
0.341799, 0.540753, 0.021712, 0.487883
0.342147, 0.082467, 0.732272, 0.137445
0.342293, 0.872772, -0.881454, 0.085056
0.342309, 0.636401, -0.270159, 0.377293
0.342832, 0.811122, -0.774879, 0.139813
0.342893, 0.698479, -0.479459, 0.277902
0.343883, 0.202711, 0.656143, 0.318435
0.344250, 0.722484, -0.554613, 0.239967
0.345212, 0.334978, 0.484684, 0.459625
0.345859, 0.136032, 0.712346, 0.220535
0.348217, 0.566793, -0.055693, 0.448358
0.349192, 0.400769, 0.362824, 0.489119
0.349260, 0.676530, -0.418300, 0.289643
0.349703, 0.978586, -0.971920, 0.011182
0.350115, 0.745691, -0.628012, 0.194026
0.350917, 0.292080, 0.557337, 0.413912
0.351546, 0.937075, -0.954145, 0.032614
0.352056, 0.771292, -0.695631, 0.160906
0.353505, 0.850094, -0.856232, 0.086468
0.354031, 0.059622, 0.758454, 0.096668
0.354601, 0.020082, 0.767064, 0.032692
0.355371, 0.358204, 0.450183, 0.457131
0.355383, 0.158701, 0.709954, 0.247198
0.355711, 0.616636, -0.222338, 0.362028
0.355885, 0.653221, -0.349269, 0.303105
0.355928, 0.475919, 0.189098, 0.478628
0.356075, 0.894388, -0.918760, 0.052428
0.356086, 0.498873, 0.127826, 0.470455
0.356248, 0.250889, 0.618856, 0.364524
0.356298, 0.228089, 0.646167, 0.337499
0.358026, 0.425025, 0.311437, 0.475391
0.359081, 0.796622, -0.760857, 0.119521
0.359294, 0.099523, 0.751568, 0.157608
0.359982, 0.522029, 0.062426, 0.447820
0.360120, 0.121538, 0.741523, 0.189977
0.361282, 0.183633, 0.697676, 0.276532
0.361597, 0.590189, -0.142697, 0.379264
0.361677, 0.314728, 0.531298, 0.416610
0.363688, 1.000000, -0.980855, 0.000000
0.363761, 0.451915, 0.247876, 0.462590
0.364139, 0.825531, -0.822428, 0.086059
0.364343, 0.958328, -0.972066, 0.015661
0.365369, 0.709599, -0.545245, 0.195265
0.366056, 0.381912, 0.407870, 0.446787
0.366379, 0.545537, -0.009732, 0.411488
0.366613, 0.916265, -0.945417, 0.031550
0.367148, 0.271372, 0.602995, 0.371077
0.367542, 0.208605, 0.680412, 0.302445
0.368239, 0.871720, -0.897339, 0.051274
0.368651, 0.040118, 0.786390, 0.062499
0.368780, 0.000000, 0.790614, 0.000000
0.369231, 0.076857, 0.776458, 0.118706
0.370599, 0.688870, -0.489719, 0.204825
0.371222, 0.730868, -0.612999, 0.155025
0.371306, 0.337778, 0.497533, 0.415485
0.372537, 0.567208, -0.081821, 0.370356
0.372549, 0.635932, -0.315063, 0.271129
0.373845, 0.755313, -0.679118, 0.124652
0.374970, 0.664781, -0.418663, 0.222320
0.374995, 0.406129, 0.356482, 0.433025
0.375176, 0.142974, 0.749898, 0.210729
0.376124, 0.779243, -0.737794, 0.097911
0.376685, 0.477892, 0.175360, 0.421974
0.377363, 0.293131, 0.579252, 0.374595
0.377614, 0.979346, -0.982860, 0.004902
0.378337, 0.848312, -0.869328, 0.049544
0.379011, 0.937657, -0.965877, 0.014818
0.379329, 0.245881, 0.649789, 0.329025
0.379478, 0.609508, -0.231219, 0.288783
0.379714, 0.503390, 0.102252, 0.401476
0.380317, 0.168284, 0.735761, 0.240111
0.381052, 0.361856, 0.455151, 0.408104
0.381352, 0.805876, -0.797019, 0.068696
0.381461, 0.894252, -0.930289, 0.025650
0.381568, 0.432431, 0.292576, 0.417817
0.382844, 0.020233, 0.810779, 0.030188
0.383175, 0.117831, 0.776724, 0.170788
0.383488, 0.096217, 0.788691, 0.141110
0.383692, 0.058841, 0.804089, 0.087118
0.385116, 0.528834, 0.024247, 0.367942
0.385401, 0.194365, 0.717263, 0.266583
0.386191, 0.223490, 0.685445, 0.298812
0.386231, 0.584648, -0.152976, 0.303395
0.387285, 0.314751, 0.549650, 0.372904
0.389156, 0.457127, 0.227136, 0.394035
0.390392, 0.709828, -0.575773, 0.124237
0.391409, 0.269875, 0.626951, 0.334248
0.391591, 1.000000, -0.987458, 0.000000
0.391961, 0.827147, -0.841644, 0.038041
0.392033, 0.958756, -0.979212, 0.004238
0.392115, 0.386842, 0.404097, 0.391207
0.392873, 0.554526, -0.060128, 0.319260
0.393360, 0.916389, -0.953659, 0.009481
0.393565, 0.871718, -0.907844, 0.019315
0.393637, 0.682449, -0.498838, 0.144630
0.393793, 0.653018, -0.406639, 0.176508
0.394154, 0.737283, -0.652395, 0.091167
0.395696, 0.337219, 0.511778, 0.368900
0.396570, 0.627385, -0.323214, 0.200591
0.396750, 0.000000, 0.832099, 0.000000
0.397559, 0.039791, 0.828969, 0.056274
0.398079, 0.762784, -0.717317, 0.061595
0.398150, 0.078802, 0.817478, 0.110120
0.398587, 0.786426, -0.768781, 0.046214
0.398646, 0.483613, 0.147613, 0.356147
0.398939, 0.413466, 0.339923, 0.375892
0.400391, 0.131087, 0.790656, 0.177224
0.400638, 0.154365, 0.773001, 0.205681
0.403099, 0.509149, 0.069177, 0.327167
0.403290, 0.291794, 0.600324, 0.330961
0.403685, 0.849858, -0.881523, 0.012154
0.404135, 0.359687, 0.467883, 0.359019
0.404294, 0.248611, 0.669277, 0.297205
0.404633, 0.601435, -0.241043, 0.207880
0.404716, 0.178907, 0.754755, 0.229999
0.405592, 0.979487, -0.985902, -0.000608
0.406279, 0.937824, -0.969804, -0.001323
0.406695, 0.438554, 0.271610, 0.350779
0.406736, 0.204823, 0.728749, 0.254721
0.406881, 0.575968, -0.148101, 0.241635
0.407157, 0.894621, -0.936060, -0.000013
0.407704, 0.103470, 0.817840, 0.137963
0.408625, 0.806147, -0.811956, 0.017954
0.409167, 0.534553, -0.014943, 0.286015
0.410522, 0.227953, 0.703406, 0.272276
0.411212, 0.020164, 0.850789, 0.027134
0.412107, 0.060089, 0.843218, 0.079979
0.412373, 0.314872, 0.563207, 0.326557
0.413063, 0.723445, -0.632415, 0.054657
0.413091, 0.697372, -0.562433, 0.074800
0.413363, 0.669127, -0.480604, 0.099709
0.413882, 0.463622, 0.197622, 0.321160
0.414439, 0.379464, 0.423855, 0.337915
0.416851, 0.643221, -0.403492, 0.114978
0.417679, 0.750760, -0.702062, 0.025399
0.417962, 0.269418, 0.647464, 0.292114
0.418575, 0.828036, -0.851925, -0.004676
0.418627, 0.401067, 0.369147, 0.325656
0.419545, 1.000000, -0.986618, 0.000000
0.419624, 0.873308, -0.914016, -0.011646
0.419693, 0.958879, -0.978945, -0.006210
0.419695, 0.558476, -0.101421, 0.221461
0.420174, 0.617057, -0.321061, 0.133854
0.420175, 0.916550, -0.955071, -0.011101
0.420730, 0.338639, 0.517830, 0.317747
0.421539, 0.778901, -0.764904, 0.003763
0.421580, 0.489463, 0.114680, 0.283075
0.422462, 0.120582, 0.824638, 0.149343
0.423813, 0.083415, 0.848306, 0.104481
0.424497, 0.143360, 0.809341, 0.173050
0.424668, 0.000000, 0.869614, 0.000000
0.425702, 0.040764, 0.866117, 0.051398
0.425819, 0.423446, 0.306971, 0.300994
0.425876, 0.166133, 0.789918, 0.195596
0.426602, 0.514790, 0.031146, 0.247148
0.427800, 0.851461, -0.887267, -0.020877
0.428126, 0.190974, 0.765398, 0.217092
0.428153, 0.587694, -0.227570, 0.140236
0.429152, 0.293717, 0.611621, 0.287009
0.430982, 0.360878, 0.469494, 0.298017
0.431577, 0.216037, 0.737220, 0.234027
0.431652, 0.242943, 0.698992, 0.253578
0.432227, 0.802884, -0.812828, -0.022069
0.432702, 0.446688, 0.236279, 0.271499
0.433550, 0.979458, -0.981710, -0.005674
0.433556, 0.938072, -0.966902, -0.016255
0.433657, 0.683302, -0.540361, 0.030287
0.433725, 0.895194, -0.935720, -0.024618
0.433996, 0.539788, -0.052646, 0.197444
0.435092, 0.710533, -0.614193, 0.007854
0.436186, 0.734697, -0.674360, -0.007934
0.437268, 0.658885, -0.473007, 0.039129
0.437322, 0.319035, 0.564633, 0.279482
0.437507, 0.102819, 0.853717, 0.119625
0.438655, 0.063350, 0.874646, 0.074514
0.438950, 0.470643, 0.159027, 0.239319
0.439008, 0.020725, 0.885797, 0.024639
0.439481, 0.384640, 0.409544, 0.274554
0.439514, 0.632871, -0.395126, 0.055632
0.440008, 0.761659, -0.735419, -0.026801
0.440731, 0.265616, 0.667641, 0.252693
0.440765, 0.606329, -0.310816, 0.077104
0.441582, 0.567788, -0.173280, 0.119690
0.442878, 0.825394, -0.850293, -0.040770
0.445284, 0.495495, 0.074756, 0.201273
0.445542, 0.407403, 0.346189, 0.251512
0.446328, 0.873502, -0.912135, -0.040671
0.446946, 0.126384, 0.846814, 0.137365
0.447114, 0.342634, 0.513901, 0.260828
0.447139, 0.917247, -0.950357, -0.030144
0.447442, 1.000000, -0.978906, 0.000000
0.447472, 0.958818, -0.971798, -0.015937
0.448419, 0.846593, -0.879716, -0.048365
0.448616, 0.784714, -0.782630, -0.047940
0.448726, 0.149697, 0.827993, 0.158077
0.449473, 0.173867, 0.803611, 0.178277
0.450455, 0.520011, -0.004614, 0.165321
0.450920, 0.285709, 0.635662, 0.243031
0.451938, 0.198658, 0.775729, 0.194672
0.452131, 0.000000, 0.902238, 0.000000
0.452217, 0.084526, 0.879811, 0.091622
0.452472, 0.430068, 0.276726, 0.220359
0.452491, 0.042744, 0.896860, 0.047002
0.453738, 0.696010, -0.587517, -0.031244
0.453797, 0.224158, 0.741651, 0.208955
0.456359, 0.545865, -0.110686, 0.095855
0.456580, 0.307258, 0.593655, 0.237008
0.456628, 0.366730, 0.454222, 0.235042
0.458169, 0.744230, -0.703478, -0.060134
0.458219, 0.590570, -0.278999, 0.035830
0.458564, 0.246783, 0.708778, 0.213863
0.458570, 0.453223, 0.200094, 0.186322
0.459319, 0.646504, -0.454197, -0.014383
0.459334, 0.672509, -0.528356, -0.031833
0.459429, 0.808224, -0.823232, -0.067239
0.460133, 0.896278, -0.929714, -0.047064
0.460217, 0.721177, -0.652259, -0.057091
0.460669, 0.618871, -0.371109, 0.004003
0.461212, 0.938129, -0.957324, -0.030254
0.461451, 0.979337, -0.970883, -0.010409
0.463791, 0.477226, 0.116038, 0.151834
0.464431, 0.107739, 0.877601, 0.106771
0.465147, 0.390484, 0.387613, 0.204137
0.465455, 0.328922, 0.546445, 0.218543
0.465654, 0.569522, -0.215845, 0.033534
0.465822, 0.021336, 0.915164, 0.021778
0.465934, 0.064714, 0.903213, 0.065209
0.466409, 0.857546, -0.888938, -0.066962
0.466828, 0.765825, -0.748422, -0.080160
0.468408, 0.268625, 0.673957, 0.205028
0.469548, 0.501732, 0.033806, 0.118384
0.470764, 0.831745, -0.855649, -0.079397
0.471495, 0.131629, 0.864702, 0.121601
0.471750, 0.155829, 0.841013, 0.140562
0.472319, 0.413284, 0.318116, 0.171645
0.472748, 0.180660, 0.813040, 0.156413
0.473540, 0.526621, -0.061914, 0.060469
0.474218, 0.351407, 0.490700, 0.194456
0.474609, 0.917343, -0.938834, -0.048108
0.474923, 0.788440, -0.788962, -0.093265
0.474940, 0.878391, -0.907521, -0.067661
0.475044, 0.205910, 0.780675, 0.168450
0.475218, 1.000000, -0.964924, 0.000000
0.475346, 0.958593, -0.958216, -0.025092
0.475384, 0.698689, -0.603857, -0.086316
0.476837, 0.291992, 0.629222, 0.192738
0.478590, 0.088368, 0.902805, 0.080458
0.478801, 0.436016, 0.243630, 0.135680
0.479001, 0.042978, 0.923304, 0.039935
0.479179, 0.000000, 0.929774, 0.000000
0.479363, 0.229091, 0.747302, 0.172467
0.479869, 0.603800, -0.340177, -0.041016
0.480166, 0.631953, -0.425869, -0.063683
0.480982, 0.551604, -0.173010, 0.000090
0.481618, 0.656525, -0.496513, -0.082408
0.481937, 0.742267, -0.702913, -0.109115
0.483381, 0.374542, 0.426071, 0.161721
0.483477, 0.679199, -0.557439, -0.098256
0.483741, 0.459888, 0.160833, 0.098158
0.484205, 0.314411, 0.579817, 0.177064
0.485437, 0.719022, -0.652600, -0.112631
0.485764, 0.810593, -0.821546, -0.105672
0.485933, 0.251645, 0.710554, 0.168811
0.486933, 0.579153, -0.266954, -0.041395
0.488332, 0.854322, -0.876698, -0.092388
0.488459, 0.483910, 0.074816, 0.061304
0.488887, 0.898045, -0.916971, -0.068773
0.489045, 0.937779, -0.941367, -0.043542
0.489233, 0.979082, -0.954010, -0.014916
0.491153, 0.113124, 0.895320, 0.091695
0.491441, 0.065395, 0.925607, 0.054679
0.491729, 0.767242, -0.749493, -0.125016
0.492078, 0.397239, 0.355898, 0.123969
0.492573, 0.021652, 0.939941, 0.018244
0.493070, 0.336711, 0.523943, 0.150603
0.493515, 0.508638, -0.025907, 0.011992
0.494316, 0.163233, 0.847457, 0.120864
0.494567, 0.275235, 0.665952, 0.155490
0.495127, 0.138780, 0.875080, 0.105078
0.495711, 0.188696, 0.815318, 0.131630
0.496890, 0.532865, -0.124257, -0.030897
0.497483, 0.832811, -0.846757, -0.112548
0.499466, 0.419246, 0.283417, 0.085635
0.499693, 0.621689, -0.407308, -0.112334
0.500567, 0.211647, 0.783258, 0.133238
0.500829, 0.788578, -0.783160, -0.134897
0.501232, 0.359036, 0.461857, 0.121214
0.501391, 0.876186, -0.891209, -0.092935
0.502380, 0.697784, -0.607285, -0.148028
0.502774, 1.000000, -0.945322, 0.000000
0.502924, 0.087909, 0.921734, 0.065178
0.503140, 0.917715, -0.920787, -0.065112
0.503155, 0.559464, -0.215778, -0.074740
0.503174, 0.298734, 0.614339, 0.135378
0.503180, 0.958013, -0.938686, -0.033921
0.503810, 0.646907, -0.480282, -0.137413
0.504011, 0.443323, 0.200991, 0.049041
0.504024, 0.595787, -0.332337, -0.107386
0.505316, 0.044017, 0.944677, 0.032861
0.505475, 0.234701, 0.745599, 0.130475
0.505703, 0.671300, -0.543922, -0.150256
0.506045, 0.000000, 0.952290, 0.000000
0.506140, 0.748970, -0.713519, -0.154483
0.506873, 0.725887, -0.667908, -0.158153
0.508855, 0.467399, 0.120105, 0.016076
0.510901, 0.381955, 0.390771, 0.080167
0.511274, 0.321385, 0.557938, 0.111326
0.511661, 0.812739, -0.813971, -0.140597
0.511905, 0.258216, 0.701557, 0.120849
0.512695, 0.491667, 0.012049, -0.040133
0.513181, 0.853991, -0.862000, -0.118203
0.515643, 0.107662, 0.915147, 0.068655
0.516265, 0.896514, -0.896725, -0.089663
0.516640, 0.174040, 0.843674, 0.098311
0.516696, 0.978970, -0.931854, -0.019049
0.517344, 0.576906, -0.282568, -0.134322
0.517354, 0.937073, -0.919154, -0.056460
0.517628, 0.066943, 0.943491, 0.043326
0.517696, 0.128821, 0.897277, 0.077243
0.517958, 0.516451, -0.079054, -0.082877
0.518850, 0.021846, 0.959473, 0.014257
0.519018, 0.539974, -0.162326, -0.107447
0.519357, 0.152168, 0.872866, 0.086241
0.520438, 0.402503, 0.320119, 0.034886
0.520538, 0.768109, -0.742768, -0.173343
0.520573, 0.282410, 0.649023, 0.099834
0.520682, 0.343768, 0.494443, 0.075333
0.520828, 0.612745, -0.391839, -0.167711
0.522242, 0.194726, 0.815459, 0.095096
0.523212, 0.710316, -0.633943, -0.192390
0.524295, 0.793404, -0.780090, -0.168039
0.524398, 0.427312, 0.236434, 0.000354
0.524548, 0.636019, -0.457591, -0.187452
0.525067, 0.832349, -0.829939, -0.145322
0.526061, 0.217570, 0.778695, 0.092400
0.526387, 0.684120, -0.576245, -0.199715
0.527564, 0.366341, 0.425899, 0.043556
0.528355, 0.875476, -0.870779, -0.116706
0.528811, 0.659953, -0.519377, -0.203598
0.529122, 0.451888, 0.148001, -0.035173
0.529234, 0.740402, -0.691718, -0.198510
0.529972, 0.305954, 0.590036, 0.070111
0.530172, 1.000000, -0.920575, 0.000000
0.530444, 0.089582, 0.936769, 0.048077
0.530663, 0.957938, -0.914247, -0.041776
0.530966, 0.240928, 0.735496, 0.083866
0.531025, 0.044225, 0.960935, 0.024520
0.531138, 0.915136, -0.895863, -0.082988
0.531803, 0.557072, -0.228167, -0.163808
0.532864, 0.000000, 0.969578, 0.000000
0.533407, 0.594211, -0.343788, -0.193838
0.533546, 0.477032, 0.032073, -0.100159
0.536373, 0.502298, -0.050834, -0.140164
0.536981, 0.264781, 0.685036, 0.068504
0.538230, 0.854778, -0.843749, -0.141953
0.538303, 0.328356, 0.527364, 0.038619
0.540596, 0.812735, -0.795974, -0.177420
0.540983, 0.171192, 0.854239, 0.063686
0.541217, 0.115604, 0.919868, 0.050174
0.541218, 0.384591, 0.358758, -0.013543
0.541692, 0.142733, 0.891132, 0.057089
0.541775, 0.529978, -0.145535, -0.176468
0.542970, 0.719541, -0.647544, -0.229577
0.543223, 0.066545, 0.956867, 0.029957
0.543728, 0.783684, -0.754788, -0.201382
0.544058, 0.978916, -0.904747, -0.022826
0.544319, 0.936346, -0.893071, -0.068253
0.544386, 0.618937, -0.416759, -0.234447
0.544405, 0.410914, 0.270529, -0.046582
0.544478, 0.892248, -0.868706, -0.112763
0.545017, 0.022048, 0.973856, 0.009923
0.545762, 0.694540, -0.596630, -0.240759
0.545839, 0.760093, -0.717603, -0.216915
0.545875, 0.197843, 0.813466, 0.058831
0.546600, 0.288838, 0.625892, 0.038282
0.546711, 0.575193, -0.293325, -0.221961
0.547346, 0.354449, 0.446156, -0.006111
0.549131, 0.643531, -0.480405, -0.250677
0.549332, 0.435896, 0.175268, -0.089004
0.550642, 0.223315, 0.767713, 0.048662
0.551303, 0.837249, -0.814740, -0.170131
0.552587, 0.668790, -0.539624, -0.258333
0.553357, 0.461337, 0.063983, -0.151456
0.554055, 0.089925, 0.945476, 0.031146
0.555678, 0.551427, -0.222981, -0.234036
0.555760, 0.248068, 0.716370, 0.032959
0.556518, 0.737666, -0.674714, -0.246544
0.556976, 0.044611, 0.972132, 0.015511
0.557066, 0.868024, -0.838405, -0.146862
0.557425, 0.914124, -0.868769, -0.098084
0.557435, 1.000000, -0.891153, 0.000000
0.557731, 0.957538, -0.885339, -0.049325
0.557736, 0.486851, -0.021425, -0.197316
0.557838, 0.308530, 0.568676, -0.002336
0.558102, 0.510995, -0.098489, -0.217015
0.558563, 0.598652, -0.364691, -0.265531
0.559743, 0.000000, 0.981242, 0.000000
0.560899, 0.332652, 0.499154, -0.026244
0.561542, 0.272798, 0.657636, 0.010790
0.561956, 0.799543, -0.762684, -0.213669
0.562817, 0.158400, 0.873877, 0.032933
0.564514, 0.132351, 0.906958, 0.029279
0.564544, 0.397143, 0.292744, -0.097209
0.564586, 0.371444, 0.377518, -0.071666
0.565526, 0.183873, 0.835549, 0.027823
0.565863, 0.110205, 0.930453, 0.025820
0.566332, 0.711527, -0.623351, -0.275976
0.567765, 0.623703, -0.431801, -0.294593
0.567923, 0.820497, -0.782081, -0.202099
0.568450, 0.687607, -0.576085, -0.288825
0.568473, 0.776947, -0.727616, -0.240027
0.568764, 0.068015, 0.963922, 0.016147
0.569613, 0.530004, -0.167733, -0.266897
0.569851, 0.891336, -0.841573, -0.130505
0.569856, 0.421279, 0.196585, -0.146060
0.570513, 0.209477, 0.789849, 0.014835
0.570903, 0.022036, 0.982798, 0.005206
0.570917, 0.935701, -0.862939, -0.079197
0.570931, 0.576434, -0.306036, -0.292265
0.571167, 0.978812, -0.873349, -0.026379
0.572583, 0.649297, -0.492595, -0.305415
0.572820, 0.754275, -0.691488, -0.262663
0.573445, 0.447111, 0.089921, -0.205183
0.573559, 0.846934, -0.802825, -0.181601
0.575279, 0.348631, 0.437749, -0.083837
0.575498, 0.234946, 0.737185, -0.003588
0.576842, 0.473882, 0.000809, -0.249006
0.576906, 0.291101, 0.602090, -0.039895
0.579125, 0.554298, -0.245410, -0.307341
0.579845, 0.261122, 0.675400, -0.026994
0.580706, 0.728253, -0.644528, -0.291648
0.580760, 0.502728, -0.092021, -0.284982
0.580808, 0.090770, 0.949414, 0.010732
0.581500, 0.318895, 0.521178, -0.073338
0.582126, 0.671044, -0.537551, -0.321379
0.582181, 0.045095, 0.977592, 0.005909
0.582444, 0.601598, -0.376344, -0.328929
0.583116, 0.870148, -0.812164, -0.163998
0.583519, 0.913429, -0.837893, -0.111938
0.584488, 0.957377, -0.852568, -0.056077
0.584542, 1.000000, -0.857552, 0.000000
0.585216, 0.144735, 0.891196, 0.004462
0.585934, 0.385724, 0.302767, -0.156410
0.586542, 0.170900, 0.852741, -0.002583
0.586920, 0.000000, 0.986838, 0.000000
0.587402, 0.798408, -0.738506, -0.245079
0.589762, 0.116787, 0.924578, 0.001875
0.589982, 0.699428, -0.589267, -0.324954
0.590021, 0.824804, -0.764327, -0.220488
0.590441, 0.628287, -0.441326, -0.348324
0.590489, 0.196152, 0.808177, -0.017095
0.591626, 0.406912, 0.215538, -0.206487
0.592312, 0.529422, -0.179382, -0.335350
0.592768, 0.773279, -0.701972, -0.275264
0.593449, 0.365837, 0.361209, -0.157643
0.593853, 0.431438, 0.120404, -0.256030
0.594337, 0.067951, 0.966113, 0.000720
0.595289, 0.579612, -0.320701, -0.359549
0.595401, 0.221323, 0.756322, -0.037953
0.596211, 0.022269, 0.986017, 0.000288
0.596258, 0.748168, -0.664140, -0.301601
0.596455, 0.891672, -0.809598, -0.146465
0.596669, 0.457263, 0.034342, -0.297137
0.597207, 0.935726, -0.829433, -0.088570
0.598001, 0.341325, 0.435421, -0.144004
0.598182, 0.978589, -0.837911, -0.029832
0.598395, 0.483636, -0.048577, -0.326342
0.598865, 0.651292, -0.490030, -0.361598
0.599101, 0.849684, -0.776458, -0.200598
0.599316, 0.273960, 0.629135, -0.083716
0.599431, 0.246787, 0.696612, -0.063464
0.600352, 0.554814, -0.255779, -0.368241
0.600428, 0.297908, 0.563171, -0.107123
0.602343, 0.721248, -0.618087, -0.331514
0.604550, 0.091539, 0.947415, -0.009244
0.604786, 0.510097, -0.131741, -0.363241
0.605306, 0.607834, -0.391921, -0.385687
0.605416, 0.677278, -0.539052, -0.363703
0.605682, 0.319872, 0.492519, -0.144469
0.607028, 0.135608, 0.898541, -0.021443
0.607446, 0.045824, 0.977348, -0.004557
0.608104, 0.160820, 0.861628, -0.032286
0.609657, 0.914401, -0.803884, -0.122748
0.609882, 0.869654, -0.778649, -0.183406
0.611189, 0.809097, -0.724853, -0.259257
0.611352, 0.956924, -0.815656, -0.062781
0.611441, 1.000000, -0.820313, 0.000000
0.611488, 0.185268, 0.818353, -0.049685
0.612333, 0.386513, 0.258563, -0.252212
0.613669, 0.786663, -0.697220, -0.286999
0.613933, 0.832889, -0.743800, -0.233570
0.614432, 0.000000, 0.985832, 0.000000
0.614921, 0.413327, 0.157929, -0.304604
0.615896, 0.111005, 0.925428, -0.024459
0.615934, 0.209662, 0.767975, -0.072626
0.615951, 0.699441, -0.572110, -0.369288
0.616073, 0.630719, -0.440655, -0.404681
0.616850, 0.439389, 0.071751, -0.343820
0.617031, 0.537665, -0.215160, -0.409692
0.617298, 0.359910, 0.346462, -0.230046
0.617701, 0.589126, -0.346167, -0.416444
0.617824, 0.763745, -0.665024, -0.316128
0.619352, 0.740887, -0.633238, -0.340814
0.619790, 0.464928, -0.009160, -0.377831
0.619947, 0.069944, 0.960833, -0.016383
0.620321, 0.234344, 0.709501, -0.101909
0.620345, 0.022632, 0.983495, -0.004746
0.620364, 0.565682, -0.289098, -0.423308
0.620906, 0.489472, -0.082111, -0.398921
0.621521, 0.260260, 0.644185, -0.127798
0.622077, 0.893355, -0.775995, -0.158627
0.622390, 0.657392, -0.492028, -0.406288
0.623276, 0.285240, 0.574465, -0.157476
0.624151, 0.935155, -0.791044, -0.098244
0.624439, 0.335966, 0.417061, -0.221477
0.624995, 0.978270, -0.799007, -0.033227
0.626661, 0.309379, 0.498617, -0.195888
0.627537, 0.515337, -0.159205, -0.431326
0.627969, 0.721016, -0.596539, -0.371171
0.629835, 0.849559, -0.736344, -0.224649
0.630038, 0.151565, 0.865088, -0.061209
0.630795, 0.128902, 0.897121, -0.049698
0.631783, 0.048435, 0.970588, -0.016221
0.632164, 0.091079, 0.939582, -0.033557
0.632191, 0.680227, -0.527480, -0.410128
0.632630, 0.610049, -0.391316, -0.446839
0.633150, 0.175457, 0.822294, -0.082616
0.633609, 0.872314, -0.747249, -0.195299
0.634998, 0.821878, -0.707664, -0.266195
0.635526, 0.398545, 0.182226, -0.354580
0.636557, 0.797640, -0.681999, -0.298680
0.636765, 0.913109, -0.763809, -0.136115
0.636941, 0.373003, 0.268399, -0.319573
0.637123, 0.199217, 0.773126, -0.107919
0.638075, 1.000000, -0.779938, 0.000000
0.638112, 0.956248, -0.775297, -0.069462
0.638306, 0.424754, 0.095741, -0.396841
0.638445, 0.638978, -0.448460, -0.447157
0.639811, 0.773752, -0.652424, -0.331066
0.640154, 0.555824, -0.266521, -0.472261
0.640804, 0.448812, 0.021570, -0.428304
0.641122, 0.584080, -0.333244, -0.472683
0.641632, 0.025280, 0.975480, -0.010457
0.641748, 0.222844, 0.716263, -0.140476
0.642132, 0.534212, -0.213739, -0.475343
0.642140, 0.748689, -0.620413, -0.363351
0.642292, 0.000000, 0.978487, 0.000000
0.643092, 0.701589, -0.553380, -0.410945
0.643406, 0.498018, -0.119812, -0.467783
0.643635, 0.474453, -0.054752, -0.456023
0.643942, 0.247998, 0.651770, -0.171847
0.644084, 0.349481, 0.340137, -0.307431
0.645155, 0.110977, 0.911414, -0.057262
0.645577, 0.272487, 0.583213, -0.204497
0.647604, 0.071203, 0.948322, -0.036685
0.647733, 0.323820, 0.422000, -0.280169
0.647881, 0.297301, 0.506471, -0.244407
0.648971, 0.663131, -0.485940, -0.451304
0.649349, 0.890390, -0.734041, -0.177047
0.649868, 0.726236, -0.582342, -0.397093
0.650754, 0.933655, -0.749524, -0.108780
0.651488, 0.977968, -0.757213, -0.036423
0.653104, 0.621451, -0.407192, -0.484618
0.653307, 0.837765, -0.695508, -0.258896
0.653651, 0.160831, 0.832239, -0.106345
0.653794, 0.136963, 0.870518, -0.087016
0.655265, 0.863834, -0.709806, -0.221253
0.656204, 0.049434, 0.958507, -0.029060
0.656837, 0.516582, -0.173847, -0.509952
0.657507, 0.384188, 0.201453, -0.407848
0.658157, 0.186630, 0.778871, -0.139168
0.658338, 0.411552, 0.115170, -0.445484
0.658655, 0.811731, -0.665792, -0.300385
0.659495, 0.568174, -0.293489, -0.515853
0.659955, 0.598956, -0.359088, -0.508231
0.660475, 0.685846, -0.513470, -0.451473
0.660614, 0.092449, 0.921291, -0.061715
0.661824, 0.787081, -0.638523, -0.337185
0.662592, 0.022956, 0.964379, -0.014808
0.662927, 0.909845, -0.721227, -0.151813
0.662975, 0.460935, -0.029888, -0.502632
0.663368, 0.210017, 0.722125, -0.175927
0.664015, 0.762080, -0.610119, -0.372433
0.664269, 0.955450, -0.732696, -0.075979
0.664350, 0.435714, 0.039276, -0.487751
0.664392, 0.645136, -0.444240, -0.491296
0.664445, 1.000000, -0.736801, 0.000000
0.664890, 0.360780, 0.268987, -0.397510
0.665713, 0.235436, 0.657091, -0.211950
0.666021, 0.541891, -0.235292, -0.534481
0.666204, 0.490628, -0.111241, -0.526966
0.668571, 0.710290, -0.540585, -0.438837
0.668717, 0.260332, 0.585586, -0.252852
0.668887, 0.738261, -0.576239, -0.407769
0.669149, 0.337062, 0.341648, -0.373316
0.669508, 0.118708, 0.882785, -0.093563
0.669649, 0.284337, 0.513088, -0.291396
0.669794, 0.310428, 0.430193, -0.331446
0.670197, 0.000000, 0.962538, 0.000000
0.673256, 0.883033, -0.692825, -0.200729
0.674570, 0.851470, -0.672407, -0.252813
0.675673, 0.170391, 0.791795, -0.155897
0.675723, 0.072259, 0.927926, -0.058976
0.676086, 0.668609, -0.472971, -0.491236
0.676101, 0.932051, -0.707084, -0.118899
0.676513, 0.622291, -0.395161, -0.527747
0.676790, 0.396875, 0.140507, -0.485344
0.676935, 0.583405, -0.322516, -0.549019
0.677119, 0.145862, 0.835331, -0.130405
0.677587, 0.977628, -0.713049, -0.039514
0.677603, 0.045830, 0.945005, -0.037897
0.678404, 0.826583, -0.648792, -0.294194
0.678831, 0.516183, -0.175869, -0.563679
0.681790, 0.472509, -0.071936, -0.559817
0.683335, 0.801357, -0.621010, -0.336365
0.683957, 0.559940, -0.272385, -0.571285
0.684249, 0.373192, 0.204212, -0.478649
0.684815, 0.195070, 0.729316, -0.204687
0.684826, 0.099337, 0.892362, -0.093527
0.685205, 0.419843, 0.065580, -0.534500
0.685876, 0.775219, -0.594255, -0.377157
0.686519, 0.907344, -0.680938, -0.165236
0.686576, 0.019419, 0.946472, -0.018075
0.686668, 0.221463, 0.663259, -0.245455
0.686694, 0.693939, -0.498704, -0.480944
0.687540, 0.448328, -0.012421, -0.562475
0.688849, 0.603351, -0.355206, -0.562279
0.688910, 0.645329, -0.424954, -0.531589
0.689243, 0.723382, -0.533190, -0.449843
0.689510, 0.750460, -0.563614, -0.415341
0.689789, 0.954669, -0.688412, -0.082134
0.690066, 0.247318, 0.589098, -0.292807
0.690553, 1.000000, -0.691285, 0.000000
0.690884, 0.323487, 0.350902, -0.422741
0.691278, 0.865503, -0.653005, -0.239430
0.691822, 0.296144, 0.438624, -0.378900
0.691969, 0.494885, -0.129849, -0.592264
0.692088, 0.537074, -0.222319, -0.592996
0.692538, 0.349000, 0.267750, -0.470265
0.693107, 0.125764, 0.848355, -0.133040
0.693957, 0.272702, 0.508090, -0.345584
0.697108, 0.170554, 0.764407, -0.197678
0.699210, 0.061468, 0.913502, -0.066614
0.699438, 0.395494, 0.120327, -0.551481
0.699594, 0.000000, 0.936571, 0.000000
0.699596, 0.841149, -0.624756, -0.285293
0.699883, 0.037794, 0.927059, -0.041006
0.699951, 0.668027, -0.448866, -0.527007
0.700112, 0.886403, -0.648779, -0.207588
0.700650, 0.931100, -0.663777, -0.127404
0.701489, 0.149854, 0.797585, -0.177774
0.701872, 0.580640, -0.306356, -0.598672
0.702350, 0.085425, 0.888056, -0.097266
0.702899, 0.624917, -0.381846, -0.571060
0.703325, 0.977333, -0.666846, -0.042376
0.703850, 0.817398, -0.601704, -0.327260
0.704625, 0.432437, 0.017885, -0.597199
0.704633, 0.470911, -0.076834, -0.616571
0.705249, 0.515305, -0.176489, -0.623898
0.706196, 0.789868, -0.577086, -0.373481
0.707906, 0.208656, 0.662236, -0.277753
0.708451, 0.711918, -0.495559, -0.486989
0.708637, 0.371081, 0.179388, -0.550021
0.708886, 0.558413, -0.261872, -0.621758
0.710218, 0.688054, -0.464379, -0.518573
0.710458, 0.111101, 0.847101, -0.138993
0.710673, 0.233471, 0.592317, -0.326574
0.711058, 0.764167, -0.546454, -0.417001
0.711196, 0.306651, 0.370723, -0.458735
0.711501, 0.186888, 0.707490, -0.252218
0.711947, 0.738872, -0.520315, -0.454477
0.712157, 0.908850, -0.635683, -0.171673
0.714421, 0.259585, 0.510719, -0.383485
0.714627, 0.412138, 0.064281, -0.608344
0.714780, 0.601743, -0.334912, -0.608097
0.714948, 0.330274, 0.292032, -0.510824
0.714959, 0.647525, -0.404992, -0.568988
0.715012, 0.954358, -0.642284, -0.087142
0.715555, 0.018916, 0.914479, -0.024280
0.715575, 0.861492, -0.609053, -0.259312
0.716467, 1.000000, -0.643573, 0.000000
0.716902, 0.452084, -0.037725, -0.639279
0.717675, 0.492175, -0.127181, -0.650707
0.718377, 0.536261, -0.217388, -0.647615
0.719293, 0.137114, 0.794071, -0.190232
0.719814, 0.351021, 0.223733, -0.556121
0.719884, 0.284934, 0.423515, -0.447052
0.722268, 0.043302, 0.896478, -0.058803
0.722745, 0.069595, 0.877231, -0.095681
0.724238, 0.884696, -0.604926, -0.221218
0.724550, 0.806352, -0.559924, -0.360825
0.724602, 0.165087, 0.732861, -0.244975
0.724803, 0.836634, -0.579192, -0.308471
0.724878, 0.388688, 0.116560, -0.614799
0.726087, 0.931777, -0.616741, -0.132606
0.727532, 0.670092, -0.421619, -0.561596
0.727672, 0.622350, -0.356647, -0.611509
0.727825, 0.095165, 0.842643, -0.138418
0.727830, 0.580101, -0.291389, -0.644577
0.728855, 0.000000, 0.898479, 0.000000
0.728964, 0.977534, -0.618464, -0.044155
0.730285, 0.779364, -0.529514, -0.409739
0.730663, 0.724034, -0.478760, -0.494923
0.730692, 0.513115, -0.169995, -0.676992
0.731112, 0.215565, 0.602698, -0.348771
0.731336, 0.432057, 0.002476, -0.664410
0.731472, 0.698105, -0.449892, -0.531452
0.731974, 0.471789, -0.085825, -0.679632
0.733413, 0.558392, -0.252108, -0.666486
0.733477, 0.242631, 0.523649, -0.406697
0.733978, 0.192498, 0.655277, -0.312698
0.734176, 0.310939, 0.319452, -0.537323
0.735611, 0.752529, -0.498531, -0.457042
0.735684, 0.121318, 0.793633, -0.191222
0.736625, 0.908222, -0.589885, -0.180976
0.737444, 0.365707, 0.163400, -0.624590
0.738468, 0.642886, -0.374656, -0.606168
0.739583, 0.267431, 0.438971, -0.473331
0.739947, 0.860809, -0.564812, -0.272678
0.740497, 0.955391, -0.593563, -0.089237
0.741010, 0.410615, 0.047019, -0.674718
0.741772, 0.600697, -0.313158, -0.651147
0.741868, 0.336001, 0.237961, -0.598679
0.742077, 0.023392, 0.875614, -0.037934
0.742176, 0.821279, -0.538609, -0.346187
0.742229, 0.052284, 0.861497, -0.084137
0.742496, 1.000000, -0.593206, 0.000000
0.742617, 0.148596, 0.733660, -0.251245
0.743239, 0.534385, -0.206244, -0.694675
0.745046, 0.492509, -0.128685, -0.707837
0.745193, 0.451181, -0.045081, -0.703655
0.746451, 0.078637, 0.831408, -0.132257
0.747653, 0.290544, 0.355862, -0.541158
0.748010, 0.884154, -0.560062, -0.231848
0.748648, 0.796489, -0.511315, -0.394426
0.748988, 0.389399, 0.091501, -0.677853
0.749732, 0.175354, 0.664472, -0.316340
0.750143, 0.661017, -0.383890, -0.599687
0.750689, 0.933003, -0.569366, -0.135960
0.751250, 0.684252, -0.408535, -0.571399
0.751639, 0.224893, 0.536142, -0.421946
0.751937, 0.732965, -0.455505, -0.501789
0.752309, 0.104883, 0.788816, -0.186421
0.753681, 0.842262, -0.529631, -0.314092
0.754004, 0.709136, -0.430034, -0.539602
0.754271, 0.622057, -0.331301, -0.648677
0.754580, 0.771324, -0.483182, -0.442103
0.754973, 0.579329, -0.272239, -0.687804
0.755194, 0.977830, -0.566772, -0.045555
0.755697, 0.000000, 0.856823, 0.000000
0.755958, 0.556294, -0.236608, -0.705039
0.757272, 0.513632, -0.165194, -0.726689
0.758332, 0.428684, -0.001924, -0.724285
0.758534, 0.248775, 0.455123, -0.490672
0.758588, 0.202113, 0.581779, -0.392215
0.758603, 0.354008, 0.169790, -0.666155
0.759084, 0.314622, 0.270887, -0.614214
0.759085, 0.472084, -0.089723, -0.735614
0.759921, 0.131180, 0.732232, -0.249087
0.760070, 0.910575, -0.544760, -0.183448
0.761920, 0.038615, 0.834607, -0.072556
0.764546, 0.375702, 0.111263, -0.703395
0.765264, 0.749166, -0.447893, -0.487182
0.765332, 0.062113, 0.812935, -0.119542
0.765711, 0.817664, -0.493952, -0.366970
0.766333, 0.271473, 0.375569, -0.558644
0.766354, 0.641882, -0.342411, -0.641863
0.766409, 0.955588, -0.541865, -0.092604
0.766694, 0.158237, 0.666486, -0.317643
0.768320, 0.863950, -0.512327, -0.279299
0.768729, 1.000000, -0.540348, 0.000000
0.768758, 0.405732, 0.040653, -0.735882
0.768782, 0.602016, -0.291253, -0.687503
0.769259, 0.535947, -0.197160, -0.737535
0.769926, 0.888519, -0.517962, -0.230987
0.769964, 0.088424, 0.776294, -0.177170
0.770969, 0.335883, 0.200819, -0.675164
0.771407, 0.450021, -0.048980, -0.757550
0.771547, 0.019615, 0.824029, -0.038805
0.772428, 0.493486, -0.127505, -0.758230
0.772549, 0.792660, -0.466446, -0.417148
0.772640, 0.668062, -0.363194, -0.615840
0.774656, 0.226560, 0.481886, -0.487695
0.774834, 0.694323, -0.385802, -0.581294
0.774972, 0.293726, 0.300854, -0.622757
0.775349, 0.183764, 0.589893, -0.392897
0.776020, 0.721525, -0.407878, -0.541002
0.776098, 0.932906, -0.518049, -0.141491
0.776977, 0.113100, 0.726677, -0.239125
0.778369, 0.561498, -0.228901, -0.734850
0.779164, 0.839364, -0.480121, -0.332711
0.780894, 0.769386, -0.436091, -0.464216
0.781744, 0.977602, -0.512628, -0.047904
0.781818, 0.584246, -0.256057, -0.720822
0.782501, 0.620985, -0.299592, -0.684604
0.783280, 0.516228, -0.160956, -0.768631
0.783366, 0.140892, 0.664270, -0.312308
0.783798, 0.386449, 0.072839, -0.755327
0.783940, 0.250477, 0.397652, -0.564458
0.784293, 0.000000, 0.800002, 0.000000
0.784435, 0.427425, -0.009062, -0.777546
0.785285, 0.471823, -0.088865, -0.783957
0.785286, 0.909519, -0.493343, -0.192461
0.785788, 0.360582, 0.126653, -0.738586
0.786368, 0.314986, 0.231151, -0.685007
0.786377, 0.069861, 0.761689, -0.155038
0.786728, 0.206525, 0.506898, -0.473916
0.787230, 0.043977, 0.779987, -0.097380
0.789204, 0.744677, -0.404339, -0.513314
0.789341, 0.647085, -0.319596, -0.660611
0.789432, 0.813778, -0.447204, -0.387468
0.791344, 0.882962, -0.473127, -0.249660
0.792201, 0.166019, 0.591009, -0.389816
0.792443, 0.954790, -0.488057, -0.097815
0.792969, 0.273350, 0.321781, -0.633031
0.793283, 0.542201, -0.193417, -0.768965
0.794120, 0.673918, -0.338917, -0.628695
0.794868, 1.000000, -0.486041, 0.000000
0.795028, 0.858972, -0.457409, -0.300527
0.795044, 0.093668, 0.715033, -0.220669
0.795756, 0.338010, 0.165888, -0.737084
0.796853, 0.406941, 0.024670, -0.793899
0.796964, 0.449151, -0.049878, -0.804370
0.797261, 0.700008, -0.356808, -0.592426
0.797768, 0.789005, -0.417640, -0.439105
0.798409, 0.122467, 0.661921, -0.295526
0.798500, 0.021641, 0.765282, -0.051480
0.798757, 0.494442, -0.122198, -0.801228
0.799598, 0.600352, -0.258348, -0.726607
0.800081, 0.722225, -0.369493, -0.558490
0.800257, 0.230229, 0.414988, -0.563012
0.801292, 0.930704, -0.465191, -0.151160
0.802492, 0.570103, -0.221580, -0.759313
0.802824, 0.294751, 0.254419, -0.693860
0.803621, 0.188766, 0.509996, -0.472735
0.804625, 0.834107, -0.427473, -0.354953
0.806001, 0.763821, -0.387485, -0.490914
0.806114, 0.627376, -0.278761, -0.702334
0.806522, 0.382500, 0.064815, -0.799607
0.806523, 0.518344, -0.152513, -0.801889
0.806692, 0.065448, 0.717198, -0.164511
0.808314, 0.976842, -0.456866, -0.051338
0.808395, 0.904492, -0.444291, -0.209345
0.808771, 0.147832, 0.588065, -0.379062
0.810404, 0.253959, 0.335982, -0.638638
0.810661, 0.472656, -0.086556, -0.825024
0.811434, 0.360165, 0.104052, -0.792575
0.811617, 0.000000, 0.736575, 0.000000
0.811660, 0.654938, -0.297123, -0.671132
0.812235, 0.426234, -0.013883, -0.827816
0.812809, 0.316305, 0.192179, -0.747647
0.814012, 0.042388, 0.717355, -0.110478
0.814182, 0.809037, -0.396644, -0.409253
0.814849, 0.878621, -0.423258, -0.266563
0.814862, 0.210602, 0.429450, -0.553464
0.815284, 0.544680, -0.180621, -0.795981
0.815553, 0.739126, -0.354636, -0.540436
0.815685, 0.682838, -0.314262, -0.633563
0.816284, 0.107283, 0.640625, -0.285795
0.817741, 0.952171, -0.433977, -0.106834
0.819498, 0.170617, 0.510950, -0.462552
0.819554, 0.085343, 0.663992, -0.230101
0.820168, 0.338002, 0.139518, -0.788395
0.820552, 1.000000, -0.431206, 0.000000
0.820790, 0.853549, -0.402449, -0.321681
0.820876, 0.448037, -0.048682, -0.843430
0.820976, 0.276914, 0.264917, -0.705875
0.822297, 0.587125, -0.220520, -0.764808
0.822362, 0.710672, -0.324111, -0.594243
0.822416, 0.783953, -0.368108, -0.462549
0.822992, 0.402583, 0.022367, -0.839182
0.823765, 0.129627, 0.583090, -0.359190
0.824830, 0.497307, -0.115920, -0.836962
0.824903, 0.925755, -0.413845, -0.166666
0.825024, 0.611160, -0.240698, -0.740503
0.826094, 0.021510, 0.695848, -0.059780
0.826749, 0.563482, -0.191669, -0.792870
0.826854, 0.233912, 0.348162, -0.635124
0.828261, 0.524378, -0.147407, -0.825709
0.829817, 0.636622, -0.256861, -0.712208
0.830232, 0.828357, -0.372953, -0.377531
0.831052, 0.299649, 0.201969, -0.762795
0.831112, 0.759357, -0.338285, -0.513134
0.831745, 0.377481, 0.059857, -0.841848
0.831922, 0.899185, -0.392708, -0.226941
0.831929, 0.061999, 0.653337, -0.178503
0.832692, 0.192125, 0.427741, -0.548476
0.834045, 0.662559, -0.271180, -0.678603
0.834124, 0.472176, -0.080937, -0.858474
0.834131, 0.973478, -0.401212, -0.060607
0.836412, 0.152052, 0.504120, -0.447262
0.837026, 0.687978, -0.284418, -0.641005
0.837238, 0.256905, 0.278065, -0.704883
0.837990, 0.352971, 0.096866, -0.835228
0.838329, 0.733668, -0.310679, -0.564457
0.838776, 0.872818, -0.370725, -0.286585
0.838828, 0.423140, -0.013061, -0.869292
0.838863, 0.000000, 0.663652, 0.000000
0.839207, 0.803338, -0.344260, -0.432511
0.840048, 0.324684, 0.143672, -0.812033
0.840848, 0.107202, 0.571636, -0.322618
0.841743, 0.946293, -0.380532, -0.123292
0.842078, 0.214317, 0.356466, -0.624184
0.842231, 0.447800, -0.047583, -0.873783
0.842256, 0.042529, 0.638919, -0.128530
0.842882, 0.083867, 0.598650, -0.255367
0.843777, 0.544029, -0.156982, -0.828224
0.844523, 1.000000, -0.379195, 0.000000
0.846086, 0.847162, -0.346792, -0.344117
0.847048, 0.514414, -0.124136, -0.853988
0.847055, 0.595756, -0.200706, -0.778951
0.847125, 0.172256, 0.431464, -0.526539
0.847506, 0.571506, -0.179141, -0.805911
0.847539, 0.711411, -0.281534, -0.608456
0.847553, 0.130549, 0.512328, -0.405273
0.847597, 0.778734, -0.316248, -0.484497
0.848020, 0.396769, 0.022096, -0.876739
0.848417, 0.919385, -0.361070, -0.185526
0.848623, 0.278202, 0.216682, -0.764327
0.850118, 0.619993, -0.216392, -0.751254
0.850690, 0.489351, -0.094842, -0.872055
0.853215, 0.020362, 0.617460, -0.064950
0.854060, 0.238619, 0.281246, -0.702643
0.854091, 0.644077, -0.228476, -0.720727
0.855494, 0.892330, -0.339469, -0.248107
0.855631, 0.753461, -0.288917, -0.537155
0.856078, 0.821706, -0.316907, -0.401713
0.856156, 0.300571, 0.166167, -0.810986
0.856990, 0.371001, 0.054962, -0.878494
0.857528, 0.667487, -0.238732, -0.687407
0.857565, 0.980656, -0.346828, -0.045199
0.859114, 0.066227, 0.568595, -0.217702
0.859874, 0.689804, -0.248261, -0.652150
0.859968, 0.464971, -0.064209, -0.892190
0.860689, 0.346178, 0.087777, -0.867619
0.861504, 0.195317, 0.346984, -0.617205
0.861896, 0.959903, -0.337294, -0.094206
0.862806, 0.438413, -0.033750, -0.901029
0.862916, 0.322249, 0.122889, -0.848144
0.862966, 0.865872, -0.315995, -0.308764
0.864377, 0.147441, 0.429435, -0.487510
0.864471, 0.729696, -0.260906, -0.585078
0.864509, 0.413805, -0.004000, -0.902787
0.864580, 0.093832, 0.516893, -0.315191
0.864968, 0.797434, -0.289027, -0.454461
0.865229, 0.531824, -0.127357, -0.858660
0.865914, 0.259125, 0.221666, -0.762957
0.866600, 0.000000, 0.577837, 0.000000
0.866834, 0.118591, 0.472100, -0.400740
0.866874, 0.219613, 0.289152, -0.685329
0.867324, 0.936365, -0.321838, -0.149819
0.867474, 0.041358, 0.561724, -0.141603
0.867733, 0.556622, -0.145932, -0.838325
0.869653, 0.171183, 0.370199, -0.567313
0.869847, 0.505383, -0.100381, -0.882536
0.870388, 0.582466, -0.163036, -0.812523
0.871115, 0.840075, -0.290944, -0.367865
0.871867, 1.000000, -0.315292, 0.000000
0.872011, 0.607045, -0.178434, -0.783599
0.872275, 0.910855, -0.305955, -0.209788
0.872382, 0.772510, -0.264417, -0.507622
0.873394, 0.387131, 0.026849, -0.907773
0.874619, 0.706767, -0.231761, -0.631147
0.875570, 0.631487, -0.189334, -0.752448
0.876260, 0.283885, 0.165036, -0.820508
0.877332, 0.481704, -0.074138, -0.903292
0.879282, 0.655818, -0.197869, -0.718160
0.879548, 0.884337, -0.283727, -0.271769
0.880910, 0.021089, 0.526737, -0.076634
0.881398, 0.747255, -0.236685, -0.559856
0.881892, 0.680464, -0.206502, -0.679755
0.882469, 0.060230, 0.495355, -0.219797
0.882967, 0.815058, -0.257285, -0.424101
0.882987, 0.360944, 0.054042, -0.907981
0.883180, 0.307216, 0.122734, -0.861280
0.883539, 0.333932, 0.087165, -0.889143
0.883993, 0.238088, 0.221807, -0.753976
0.884034, 0.977782, -0.287096, -0.053581
0.884157, 0.456123, -0.047490, -0.920239
0.885001, 0.082100, 0.463812, -0.301374
0.885247, 0.431919, -0.024490, -0.926531
0.887079, 0.209330, 0.259567, -0.696203
0.887473, 0.132363, 0.382249, -0.479653
0.887603, 0.858522, -0.259752, -0.332060
0.888133, 0.954370, -0.276694, -0.110086
0.888175, 0.521636, -0.100856, -0.886034
0.888351, 0.184911, 0.295341, -0.637548
0.888418, 0.405685, 0.002253, -0.929561
0.889039, 0.106301, 0.416108, -0.393242
0.889714, 0.157158, 0.335411, -0.560908
0.890326, 0.543765, -0.114832, -0.867916
0.890488, 0.264572, 0.171392, -0.811648
0.890648, 0.790837, -0.233636, -0.477229
0.890935, 0.723035, -0.209235, -0.609332
0.891632, 0.929136, -0.264882, -0.170631
0.891726, 0.568251, -0.129355, -0.843466
0.893826, 0.000000, 0.484169, 0.000000
0.894111, 0.593780, -0.141792, -0.814576
0.895467, 0.499512, -0.078309, -0.908408
0.895565, 0.903227, -0.251028, -0.231861
0.896084, 0.041746, 0.461166, -0.161481
0.896337, 0.834098, -0.233605, -0.387220
0.896757, 0.765312, -0.212884, -0.530277
0.896793, 0.619074, -0.152035, -0.782342
0.897790, 1.000000, -0.257030, 0.000000
0.898903, 0.381166, 0.024804, -0.934783
0.899014, 0.698146, -0.184576, -0.657231
0.900454, 0.644516, -0.159165, -0.746683
0.902063, 0.473917, -0.055094, -0.928507
0.902909, 0.670370, -0.166611, -0.706414
0.903950, 0.341863, 0.062130, -0.919092
0.904060, 0.291744, 0.116528, -0.869697
0.904074, 0.876980, -0.226469, -0.294137
0.906065, 0.423823, -0.014979, -0.946417
0.906076, 0.317278, 0.086415, -0.900221
0.907194, 0.739174, -0.184047, -0.584850
0.907446, 0.066320, 0.398030, -0.266572
0.908009, 0.221724, 0.194856, -0.753842
0.908303, 0.021864, 0.426623, -0.088976
0.909223, 0.245729, 0.162951, -0.803070
0.909335, 0.973592, -0.229990, -0.065717
0.909413, 0.447981, -0.033461, -0.944696
0.910210, 0.807475, -0.196975, -0.448316
0.910561, 0.090366, 0.359243, -0.363939
0.910840, 0.195801, 0.220875, -0.697296
0.910909, 0.169632, 0.254584, -0.628348
0.910921, 0.116991, 0.324310, -0.461864
0.911351, 0.142672, 0.288624, -0.547873
0.911796, 0.360885, 0.038493, -0.939028
0.912046, 0.946278, -0.220041, -0.132835
0.912115, 0.523603, -0.081313, -0.901024
0.913175, 0.551014, -0.095286, -0.875363
0.913241, 0.270300, 0.127949, -0.849333
0.913877, 0.855342, -0.199263, -0.344253
0.914007, 0.400595, 0.004268, -0.952673
0.914859, 0.577971, -0.107197, -0.845659
0.915080, 0.919639, -0.208358, -0.196861
0.915313, 0.781829, -0.179596, -0.502099
0.917032, 0.715786, -0.157796, -0.632016
0.917211, 0.496031, -0.061405, -0.925434
0.917496, 0.604723, -0.116174, -0.812313
0.918514, 0.830382, -0.183571, -0.399787
0.918611, 0.893746, -0.195396, -0.257846
0.920265, 0.756363, -0.162955, -0.554619
0.920448, 0.000000, 0.383498, 0.000000
0.920546, 0.631409, -0.122783, -0.775271
0.920907, 0.687902, -0.141995, -0.683215
0.921940, 0.046361, 0.358699, -0.198512
0.922011, 1.000000, -0.202371, 0.000000
0.923236, 0.658908, -0.128551, -0.733056
0.925736, 0.468729, -0.040481, -0.946906
0.927830, 0.379135, 0.017462, -0.959379
0.927843, 0.334684, 0.050738, -0.936480
0.927921, 0.425028, -0.013617, -0.962464
0.928945, 0.309093, 0.070424, -0.914390
0.932005, 0.285569, 0.086592, -0.889681
0.932291, 0.233166, 0.132044, -0.804064
0.932341, 0.208019, 0.155638, -0.750726
0.932477, 0.072390, 0.293150, -0.318430
0.932700, 0.100562, 0.262696, -0.427707
0.933226, 0.873172, -0.158194, -0.308166
0.933246, 0.154824, 0.205227, -0.610840
0.933281, 0.181426, 0.178782, -0.685822
0.933411, 0.022728, 0.327015, -0.102991
0.933481, 0.127808, 0.231695, -0.524919
0.933553, 0.956619, -0.170754, -0.110530
0.933604, 0.980178, -0.171995, -0.051022
0.934123, 0.258339, 0.106189, -0.851280
0.934556, 0.537186, -0.067200, -0.899557
0.935090, 0.734472, -0.128104, -0.602004
0.935468, 0.930351, -0.161645, -0.174829
0.935548, 0.791774, -0.138908, -0.486090
0.935701, 0.563524, -0.076478, -0.871641
0.935912, 0.512082, -0.055239, -0.922950
0.936293, 0.447862, -0.024298, -0.961632
0.936688, 0.816512, -0.141121, -0.434304
0.936868, 0.356155, 0.030011, -0.956670
0.937369, 0.845737, -0.143997, -0.369591
0.937685, 0.590212, -0.083630, -0.839384
0.937850, 0.902968, -0.151266, -0.239451
0.938551, 0.400596, 0.001681, -0.970069
0.938848, 0.705363, -0.114313, -0.656899
0.939062, 0.764726, -0.126291, -0.542170
0.939508, 0.486467, -0.041341, -0.943465
0.940187, 0.617352, -0.088847, -0.802582
0.941165, 0.675767, -0.103133, -0.709606
0.942137, 0.645520, -0.093844, -0.760117
0.946293, 0.045905, 0.258183, -0.216412
0.946582, 0.000000, 0.278103, 0.000000
0.949551, 1.000000, -0.135471, 0.000000
0.951394, 0.423620, -0.009000, -0.975449
0.951973, 0.325992, 0.037744, -0.945794
0.953980, 0.300131, 0.049844, -0.922195
0.954741, 0.377736, 0.010840, -0.975014
0.954906, 0.088508, 0.186145, -0.402748
0.955130, 0.273578, 0.063136, -0.889620
0.955227, 0.467551, -0.024193, -0.961673
0.955228, 0.194200, 0.111404, -0.736761
0.955300, 0.220408, 0.094422, -0.796360
0.955341, 0.114396, 0.165284, -0.498240
0.955571, 0.167527, 0.127997, -0.666701
0.955571, 0.140972, 0.145991, -0.587348
0.955658, 0.886034, -0.107007, -0.281836
0.955943, 0.246452, 0.077289, -0.847037
0.956012, 0.943411, -0.113221, -0.146521
0.956452, 0.971737, -0.118118, -0.076735
0.956623, 0.859363, -0.101566, -0.342131
0.956934, 0.747424, -0.087185, -0.580505
0.956988, 0.548911, -0.047616, -0.895222
0.957176, 0.064713, 0.194223, -0.307892
0.957292, 0.915272, -0.106000, -0.213406
0.957315, 0.830790, -0.096888, -0.405849
0.957618, 0.720106, -0.081717, -0.633246
0.957643, 0.522564, -0.039740, -0.921929
0.957940, 0.350625, 0.022052, -0.965297
0.958128, 0.575806, -0.053053, -0.863971
0.958361, 0.803122, -0.091429, -0.465877
0.958502, 0.776498, -0.087767, -0.521476
0.958607, 0.024143, 0.218800, -0.124268
0.959266, 0.496220, -0.030759, -0.944452
0.959511, 0.691224, -0.073658, -0.686501
0.959886, 0.603261, -0.056898, -0.827891
0.960225, 0.661484, -0.067457, -0.737969
0.960819, 0.443322, -0.013667, -0.973919
0.961131, 0.631646, -0.060682, -0.786255
0.962125, 0.402653, 0.000245, -0.981024
0.972154, 0.000000, 0.178255, 0.000000
0.974027, 1.000000, -0.081871, 0.000000
0.975577, 0.045739, 0.122451, -0.237909
0.976275, 0.313130, 0.022271, -0.944825
0.977286, 0.951897, -0.060699, -0.129371
0.977296, 0.287025, 0.028264, -0.916908
0.977382, 0.898160, -0.055614, -0.255818
0.977668, 0.099873, 0.087944, -0.457420
0.977678, 0.260395, 0.035229, -0.879892
0.977704, 0.180316, 0.059942, -0.712570
0.977706, 0.206890, 0.051291, -0.777608
0.977799, 0.126689, 0.077894, -0.552023
0.977847, 0.925588, -0.056387, -0.191800
0.977862, 0.153530, 0.068421, -0.637254
0.977899, 0.479043, -0.014106, -0.960717
0.977944, 0.366137, 0.007871, -0.979163
0.977950, 0.338238, 0.014219, -0.965101
0.977998, 0.233469, 0.042454, -0.833250
0.978068, 0.844097, -0.050638, -0.378266
0.978072, 0.871316, -0.052219, -0.317121
0.978409, 0.977288, -0.062849, -0.067767
0.978412, 0.760515, -0.044691, -0.556509
0.978698, 0.422802, -0.003810, -0.984118
0.978774, 0.732986, -0.041986, -0.611145
0.978863, 0.534687, -0.021626, -0.914599
0.978881, 0.561714, -0.025155, -0.884870
0.978882, 0.816544, -0.047201, -0.438661
0.979077, 0.073189, 0.092355, -0.354989
0.979162, 0.705106, -0.039063, -0.663894
0.979586, 0.676259, -0.035939, -0.715561
0.979630, 0.788570, -0.043922, -0.498403
0.979705, 0.589304, -0.027385, -0.850121
0.979773, 0.507321, -0.016952, -0.940070
0.979952, 0.647194, -0.032769, -0.764263
0.980192, 0.452276, -0.008362, -0.975168
0.980223, 0.392586, 0.001545, -0.985608
0.980489, 0.617849, -0.029239, -0.809835
0.982486, 0.020013, 0.111039, -0.127913
1.000000, 0.000000, 0.000000, 0.000000
1.000000, 0.030936, 0.000000, -0.191864
1.000000, 0.057655, 0.000000, -0.295723
1.000000, 0.085657, 0.000000, -0.408535
1.000000, 0.112697, 0.000000, -0.507752
1.000000, 0.139670, 0.000000, -0.598236
1.000000, 0.166581, 0.000000, -0.678929
1.000000, 0.193337, 0.000000, -0.749252
1.000000, 0.220045, 0.000000, -0.809795
1.000000, 0.246890, 0.000000, -0.861060
1.000000, 0.273566, 0.000000, -0.902515
1.000000, 0.300022, 0.000000, -0.934979
1.000000, 0.325974, 0.000000, -0.958813
1.000000, 0.352860, 0.000000, -0.976051
1.000000, 0.379982, 0.000000, -0.985489
1.000000, 0.408530, 0.000000, -0.987791
1.000000, 0.436563, 0.000000, -0.982621
1.000000, 0.465138, 0.000000, -0.970546
1.000000, 0.492364, 0.000000, -0.953519
1.000000, 0.520472, 0.000000, -0.929841
1.000000, 0.548014, 0.000000, -0.901945
1.000000, 0.575635, 0.000000, -0.869249
1.000000, 0.603888, 0.000000, -0.831191
1.000000, 0.632815, 0.000000, -0.787960
1.000000, 0.661550, 0.000000, -0.741578
1.000000, 0.690101, 0.000000, -0.692032
1.000000, 0.718336, 0.000000, -0.640039
1.000000, 0.746211, 0.000000, -0.586053
1.000000, 0.773780, 0.000000, -0.530358
1.000000, 0.801847, 0.000000, -0.470863
1.000000, 0.829313, 0.000000, -0.411617
1.000000, 0.856088, 0.000000, -0.352478
1.000000, 0.882475, 0.000000, -0.292698
1.000000, 0.907977, 0.000000, -0.234223
1.000000, 0.932670, 0.000000, -0.176262
1.000000, 0.955843, 0.000000, -0.121913
1.000000, 0.978099, 0.000000, -0.068237
1.000000, 1.000000, 0.000000, 0.000000
