0.000000, 0.000000, 0.000000, 0.000000
0.000000, 0.029021, 0.000000, 0.045298
0.000000, 0.056003, 0.000000, 0.069879
0.000000, 0.082472, 0.000000, 0.091092
0.000000, 0.109014, 0.000000, 0.111256
0.000000, 0.136105, 0.000000, 0.131228
0.000000, 0.164611, 0.000000, 0.152153
0.000000, 0.194376, 0.000000, 0.174820
0.000000, 0.222208, 0.000000, 0.194947
0.000000, 0.251923, 0.000000, 0.216823
0.000000, 0.281839, 0.000000, 0.239056
0.000000, 0.310797, 0.000000, 0.260912
0.000000, 0.337786, 0.000000, 0.280679
0.000000, 0.365748, 0.000000, 0.301499
0.000000, 0.393541, 0.000000, 0.321557
0.000000, 0.422563, 0.000000, 0.343225
0.000000, 0.450038, 0.000000, 0.363403
0.000000, 0.477148, 0.000000, 0.383226
0.000000, 0.504111, 0.000000, 0.402777
0.000000, 0.531347, 0.000000, 0.422535
0.000000, 0.558609, 0.000000, 0.442456
0.000000, 0.584626, 0.000000, 0.461129
0.000000, 0.610989, 0.000000, 0.480149
0.000000, 0.636910, 0.000000, 0.498840
0.000000, 0.662307, 0.000000, 0.516752
0.000000, 0.688824, 0.000000, 0.535496
0.000000, 0.715827, 0.000000, 0.554521
0.000000, 0.742847, 0.000000, 0.573571
0.000000, 0.769486, 0.000000, 0.592301
0.000000, 0.795477, 0.000000, 0.610496
0.000000, 0.820995, 0.000000, 0.628318
0.000000, 0.846479, 0.000000, 0.646342
0.000000, 0.872229, 0.000000, 0.665854
0.000000, 0.898064, 0.000000, 0.686986
0.000000, 0.923541, 0.000000, 0.711333
0.000000, 0.948427, 0.000000, 0.871621
0.000000, 0.973004, 0.000000, 1.247471
0.000000, 1.000000, 0.000000, 0.000000
0.018189, 0.178444, 0.016556, 0.162713
0.018281, 0.267328, 0.015490, 0.228247
0.018734, 0.236793, 0.016193, 0.205754
0.018896, 0.409359, 0.015097, 0.333114
0.019293, 0.984915, -0.710579, -0.037668
0.019452, 0.297296, 0.016250, 0.250659
0.019654, 0.019337, 0.030636, 0.030020
0.019874, 0.149502, 0.018803, 0.141234
0.020665, 0.544990, 0.015853, 0.432131
0.020922, 0.517765, 0.016172, 0.412374
0.021053, 0.350280, 0.017156, 0.289858
0.021135, 0.436918, 0.016729, 0.353375
0.021183, 0.729813, 0.015405, 0.564074
0.021238, 0.702259, 0.015585, 0.544710
0.021523, 0.463839, 0.016898, 0.373102
0.021614, 0.490545, 0.016833, 0.392576
0.021764, 0.379852, 0.017539, 0.311500
0.021802, 0.756596, 0.015672, 0.582685
0.021824, 0.597310, 0.016505, 0.469927
0.021913, 0.674763, 0.016217, 0.525329
0.022110, 0.121583, 0.021901, 0.120320
0.022149, 0.208174, 0.019604, 0.184972
0.022371, 0.885957, 0.013208, 0.664395
0.022583, 0.624419, 0.016967, 0.489487
0.022661, 0.912242, 0.015582, 0.675007
0.022725, 0.572255, 0.017318, 0.451991
0.022739, 0.044448, 0.029278, 0.057415
0.022768, 0.859830, 0.015032, 0.651080
0.022816, 0.783577, 0.016131, 0.601218
0.022823, 0.324628, 0.018839, 0.271131
0.023006, 0.095475, 0.024220, 0.100311
0.023281, 0.069970, 0.026614, 0.079878
0.023377, 0.937588, 0.127270, 0.765172
0.023454, 0.834113, 0.015775, 0.634839
0.023533, 0.808963, 0.016270, 0.618328
0.023741, 0.648317, 0.017703, 0.506532
0.023811, 0.961293, 0.032206, 0.644558
0.027795, 0.000000, 0.044346, 0.000000
0.032728, 1.000000, -0.677780, 0.000000
0.036759, 0.253549, 0.031349, 0.217911
0.037405, 0.282760, 0.031422, 0.239781
0.038200, 0.186654, 0.034250, 0.167876
0.038341, 0.400010, 0.030700, 0.326319
0.039483, 0.361481, 0.032041, 0.297949
0.040004, 0.161515, 0.036854, 0.149037
0.041235, 0.227539, 0.035785, 0.198662
0.041866, 0.557627, 0.032045, 0.441650
0.041888, 0.135269, 0.039997, 0.129327
0.041922, 0.716834, 0.030682, 0.555123
0.041932, 0.610503, 0.031623, 0.479516
0.042067, 0.531238, 0.032444, 0.422618
0.042143, 0.425026, 0.033497, 0.344970
0.042220, 0.688823, 0.031143, 0.535301
0.042281, 0.504629, 0.032849, 0.403274
0.042649, 0.309370, 0.035351, 0.259492
0.043108, 0.026966, 0.055634, 0.034586
0.043299, 0.451109, 0.034156, 0.364196
0.043413, 0.770163, 0.031355, 0.592438
0.043564, 0.743133, 0.031640, 0.573517
0.043582, 0.477199, 0.034113, 0.383246
0.044124, 0.660426, 0.032818, 0.515280
0.044142, 0.900916, 0.040992, 0.695999
0.044823, 0.874262, 0.032379, 0.665810
0.045194, 0.928399, 0.157926, 0.832296
0.045648, 0.978298, -0.865778, -0.150664
0.045654, 0.054995, 0.052329, 0.063293
0.045720, 0.107484, 0.045666, 0.107620
0.045957, 0.848114, 0.034883, 0.648742
0.046430, 0.585445, 0.035264, 0.461577
0.046816, 0.081883, 0.049487, 0.086805
0.046856, 0.797383, 0.033910, 0.611725
0.047154, 0.335929, 0.038611, 0.278864
0.047368, 0.954749, -0.401688, 0.275946
0.047404, 0.822351, 0.034860, 0.629727
0.049148, 0.633976, 0.036842, 0.496634
0.049440, 0.204381, 0.043559, 0.180902
0.050685, 0.382642, 0.040817, 0.313357
0.051706, 0.000000, 0.065472, 0.000000
0.056084, 0.268467, 0.047269, 0.228311
0.059642, 1.000000, -0.647260, 0.000000
0.061108, 0.176389, 0.054848, 0.159106
0.061181, 0.245439, 0.052177, 0.210919
0.062059, 0.291743, 0.051730, 0.245803
0.062131, 0.409234, 0.049581, 0.332881
0.062153, 0.704678, 0.045605, 0.546322
0.062621, 0.676033, 0.046324, 0.525876
0.062828, 0.357928, 0.050933, 0.294636
0.063155, 0.566832, 0.048160, 0.447604
0.063188, 0.150920, 0.058267, 0.139818
0.063369, 0.491674, 0.049345, 0.393184
0.063456, 0.124141, 0.060483, 0.118864
0.063850, 0.607850, 0.048169, 0.477421
0.064253, 0.517996, 0.049666, 0.412280
0.064449, 0.542662, 0.049471, 0.430056
0.064835, 0.436996, 0.051302, 0.353279
0.065005, 0.916045, 0.098408, 0.739021
0.065082, 0.756590, 0.046902, 0.582668
0.065652, 0.729700, 0.047767, 0.563831
0.065684, 0.782337, 0.046773, 0.600277
0.065933, 0.463256, 0.051739, 0.372356
0.066168, 0.020295, 0.076084, 0.023430
0.066303, 0.889203, 0.055261, 0.683050
0.066808, 0.316489, 0.055103, 0.264326
0.066952, 0.221048, 0.057919, 0.192511
0.067097, 0.945212, -0.696695, -0.045753
0.067411, 0.043396, 0.075277, 0.047964
0.067822, 0.863042, 0.033328, 0.641896
0.068497, 0.650547, 0.051053, 0.507770
0.069047, 0.069167, 0.072569, 0.072694
0.069561, 0.837080, 0.043655, 0.632682
0.070399, 0.974915, -0.765323, -0.066199
0.070706, 0.095641, 0.070127, 0.095024
0.071761, 0.811158, 0.049784, 0.619230
0.072791, 0.195719, 0.064001, 0.173133
0.073150, 0.382082, 0.058734, 0.312073
0.074854, 0.585490, 0.056807, 0.461126
0.075997, 0.338155, 0.062080, 0.280073
0.077068, 0.627354, 0.057804, 0.491000
0.078350, 0.000000, 0.087583, 0.000000
0.079247, 0.268443, 0.066566, 0.227654
0.080655, 0.692213, 0.059332, 0.536687
0.083434, 0.480335, 0.065086, 0.384277
0.084089, 0.240144, 0.071603, 0.206179
0.084248, 0.402840, 0.067175, 0.327206
0.084316, 0.116180, 0.080051, 0.110527
0.085003, 0.929408, -0.745735, -0.110223
0.085197, 0.167845, 0.076317, 0.151152
0.085231, 0.141670, 0.078530, 0.131041
0.085237, 0.295351, 0.070657, 0.247541
0.085256, 1.000000, -0.654165, 0.000000
0.085453, 0.507308, 0.066172, 0.403967
0.085658, 0.426167, 0.067881, 0.344716
0.086042, 0.791631, 0.061229, 0.605811
0.086299, 0.558616, 0.065905, 0.441162
0.086780, 0.743334, 0.062843, 0.572563
0.087220, 0.668316, 0.064618, 0.519657
0.087519, 0.533456, 0.067308, 0.423037
0.087707, 0.903879, -0.036497, 0.575328
0.087801, 0.958216, -0.667132, -0.009100
0.088073, 0.715702, 0.064334, 0.553270
0.088291, 0.361273, 0.071422, 0.296833
0.089060, 0.451182, 0.070023, 0.362867
0.089299, 0.766739, 0.064149, 0.588574
0.089659, 0.878833, 0.182020, 0.785346
0.090262, 0.026085, 0.095283, 0.027539
0.090291, 0.603964, 0.068154, 0.474106
0.091002, 0.052791, 0.093815, 0.054158
0.091324, 0.215954, 0.078847, 0.187755
0.091484, 0.853920, 0.081833, 0.667615
0.092624, 0.079184, 0.091740, 0.078428
0.093492, 0.318899, 0.076670, 0.264763
0.093687, 0.829323, 0.064586, 0.630687
0.094440, 0.190778, 0.082826, 0.168266
0.095224, 0.645736, 0.071013, 0.503617
0.098998, 0.979956, -0.700131, -0.024359
0.099553, 0.577985, 0.075649, 0.455129
0.099717, 0.383591, 0.079981, 0.312933
0.100205, 0.254105, 0.084442, 0.216035
0.100937, 0.101106, 0.096060, 0.096249
0.101784, 0.807777, 0.071990, 0.616688
0.102186, 0.000000, 0.105243, 0.000000
0.102939, 0.690997, 0.075765, 0.535582
0.103137, 0.470945, 0.080628, 0.377205
0.103346, 0.341842, 0.083956, 0.281510
0.103482, 0.278518, 0.086253, 0.234484
0.104642, 0.942015, -0.667192, -0.030837
0.104760, 0.623694, 0.078610, 0.487867
0.105945, 0.496374, 0.082302, 0.396044
0.106334, 0.733476, 0.077195, 0.565128
0.107110, 0.127287, 0.098729, 0.117488
0.107576, 0.408672, 0.085572, 0.331246
0.107918, 0.152880, 0.097167, 0.138080
0.108476, 0.522705, 0.083708, 0.415400
0.109381, 0.918435, -0.776673, -0.159494
0.109556, 0.781986, 0.078257, 0.598846
0.109949, 0.432631, 0.086868, 0.348971
0.110044, 0.550254, 0.084273, 0.435280
0.111218, 0.231120, 0.094618, 0.198016
0.111936, 0.301134, 0.092350, 0.251251
0.111937, 0.894895, -0.513865, 0.073344
0.112044, 0.667361, 0.083017, 0.518760
0.112213, 0.176882, 0.098834, 0.156416
0.113718, 0.870985, 0.071977, 0.643967
0.113750, 1.000000, -0.659193, 0.000000
0.114168, 0.041166, 0.112929, 0.040433
0.114243, 0.756364, 0.082392, 0.581309
0.114591, 0.066130, 0.111452, 0.063949
0.114752, 0.019568, 0.114063, 0.019605
0.114869, 0.205076, 0.099330, 0.178305
0.115000, 0.599703, 0.086843, 0.470494
0.115051, 0.364628, 0.092666, 0.298101
0.115169, 0.711023, 0.084280, 0.549353
0.115887, 0.847067, 0.140421, 0.702759
0.116363, 0.961905, -0.666675, -0.024834
0.118244, 0.454013, 0.092799, 0.364310
0.120696, 0.323939, 0.098642, 0.268055
0.121138, 0.824318, 0.089627, 0.632196
0.121320, 0.644923, 0.090460, 0.502730
0.121363, 0.088597, 0.114698, 0.083580
0.121810, 0.258654, 0.102120, 0.218641
0.122916, 0.575286, 0.093417, 0.452819
0.124460, 0.389249, 0.099420, 0.316133
0.126015, 0.479781, 0.098172, 0.383031
0.126935, 0.112600, 0.116782, 0.103513
0.127419, 0.800214, 0.090391, 0.610923
0.127969, 0.688095, 0.094113, 0.532942
0.128623, 0.937858, -0.652295, -0.034814
0.128893, 0.505329, 0.099740, 0.401710
0.129048, 0.980522, -0.665311, -0.014599
0.129259, 0.000000, 0.126183, 0.000000
0.129632, 0.281273, 0.107501, 0.235442
0.130009, 0.732648, 0.094689, 0.564392
0.130339, 0.622313, 0.097778, 0.486373
0.130460, 0.138032, 0.117364, 0.124228
0.130920, 0.346487, 0.106077, 0.284583
0.131275, 0.530757, 0.100917, 0.420280
0.131453, 0.414123, 0.104208, 0.334407
0.132835, 0.162678, 0.117254, 0.143907
0.133330, 0.775470, 0.095854, 0.594138
0.133821, 0.913635, -0.663738, -0.065423
0.134123, 0.238932, 0.113253, 0.202975
0.134215, 0.189175, 0.116291, 0.164470
0.135111, 0.553930, 0.103198, 0.436891
0.135848, 0.889483, -0.790919, -0.215563
0.136232, 0.216628, 0.116264, 0.185764
0.136239, 0.051190, 0.128956, 0.048203
0.136873, 0.436869, 0.107769, 0.350984
0.137908, 0.865374, -0.334983, 0.213332
0.138029, 0.304760, 0.113321, 0.252844
0.138058, 0.665693, 0.102233, 0.516954
0.139276, 0.599672, 0.105086, 0.469878
0.139360, 0.023814, 0.132789, 0.022732
0.140847, 0.370509, 0.113166, 0.302193
0.141233, 0.709119, 0.102719, 0.546905
0.141711, 0.841753, 0.162762, 0.695231
0.141833, 0.752422, 0.102571, 0.577731
0.142091, 0.074626, 0.132188, 0.069102
0.142478, 1.000000, -0.648975, 0.000000
0.143226, 0.461362, 0.111977, 0.368777
0.143248, 0.957777, -0.651122, -0.029868
0.146795, 0.817700, 0.133035, 0.651782
0.147203, 0.259793, 0.122920, 0.218450
0.147362, 0.578257, 0.111747, 0.453961
0.147385, 0.643264, 0.109843, 0.500721
0.147559, 0.327733, 0.120051, 0.269751
0.147866, 0.098596, 0.135071, 0.089838
0.149061, 0.487043, 0.115693, 0.387373
0.149406, 0.395309, 0.119086, 0.320363
0.152054, 0.123487, 0.136309, 0.110529
0.152146, 0.512346, 0.117268, 0.405654
0.153058, 0.794155, 0.113380, 0.610210
0.153157, 0.933408, -0.642759, -0.045400
0.153806, 0.686809, 0.113122, 0.531371
0.154374, 0.000000, 0.144737, 0.000000
0.154565, 0.284341, 0.127720, 0.236857
0.154592, 0.148773, 0.136265, 0.131100
0.154916, 0.203442, 0.132245, 0.174235
0.155045, 0.175062, 0.134572, 0.152190
0.155486, 0.728855, 0.110195, 0.558064
0.156231, 0.620802, 0.117070, 0.484272
0.156663, 0.977459, -0.643645, -0.015824
0.156822, 0.535408, 0.120092, 0.422145
0.156903, 0.040269, 0.145257, 0.037103
0.157089, 0.351505, 0.126716, 0.287226
0.157297, 0.419433, 0.124461, 0.337996
0.157862, 0.907760, -0.635946, -0.059522
0.158213, 0.234305, 0.133135, 0.198140
0.158701, 0.771257, 0.110804, 0.586999
0.159409, 0.557252, 0.121393, 0.438002
0.159795, 0.883527, -0.659219, -0.101208
0.161802, 0.443399, 0.127125, 0.355460
0.162704, 0.859238, -0.781229, -0.248343
0.163799, 0.062289, 0.149674, 0.056538
0.164030, 0.307781, 0.134252, 0.254227
0.164039, 0.664131, 0.121579, 0.515026
0.165368, 0.598345, 0.124600, 0.467680
0.166162, 0.376264, 0.132943, 0.305418
0.166794, 0.834148, -0.264296, 0.241286
0.167355, 0.469039, 0.130549, 0.374124
0.168037, 0.020230, 0.154235, 0.018661
0.168453, 0.707116, 0.123901, 0.545908
0.168707, 0.747832, 0.113893, 0.565849
0.169114, 0.084688, 0.152500, 0.075929
0.169357, 1.000000, -0.633158, 0.000000
0.169743, 0.262462, 0.140983, 0.219292
0.169941, 0.953452, -0.633106, -0.032833
0.171976, 0.496101, 0.133196, 0.393866
0.173134, 0.810865, 0.217437, 0.705843
0.173351, 0.331656, 0.140623, 0.271859
0.173410, 0.575564, 0.131385, 0.450917
0.173457, 0.108841, 0.154565, 0.096623
0.173461, 0.641540, 0.129016, 0.498264
0.173762, 0.215554, 0.146733, 0.182538
0.174938, 0.401037, 0.138900, 0.323570
0.175051, 0.187624, 0.149874, 0.160811
0.176626, 0.134592, 0.155123, 0.117923
0.176642, 0.926067, -0.628083, -0.052149
0.177243, 0.160210, 0.153687, 0.138764
0.177436, 0.521517, 0.136464, 0.412174
0.179718, 0.286545, 0.147742, 0.237212
0.179840, 0.788246, 0.113924, 0.587589
0.180105, 0.684417, 0.133379, 0.529350
0.181667, 0.000000, 0.165340, 0.000000
0.181678, 0.243509, 0.151495, 0.203866
0.182138, 0.618750, 0.136382, 0.481714
0.182157, 0.043438, 0.164430, 0.039003
0.182172, 0.979942, -0.625578, -0.014162
0.182258, 0.356618, 0.146603, 0.290272
0.182281, 0.548326, 0.139036, 0.430949
0.182675, 0.900313, -0.621769, -0.068440
0.182893, 0.727404, 0.140643, 0.566418
0.183020, 0.425690, 0.144291, 0.341625
0.183489, 0.766221, 0.125807, 0.580462
0.183900, 0.876784, -0.631363, -0.096432
0.185307, 0.449808, 0.145058, 0.359184
0.186121, 0.849728, -0.602829, -0.089444
0.189310, 0.310611, 0.154206, 0.255079
0.189687, 0.477985, 0.147432, 0.379901
0.190365, 0.661570, 0.139954, 0.511036
0.190562, 0.067297, 0.169937, 0.059583
0.191208, 0.595562, 0.144004, 0.464777
0.191307, 0.381890, 0.152670, 0.308878
0.193470, 0.825474, -0.780353, -0.294417
0.193547, 0.962368, -0.616771, -0.026675
0.194325, 0.091229, 0.171505, 0.079971
0.194703, 0.225487, 0.162955, 0.189132
0.194936, 0.022423, 0.174376, 0.020070
0.195258, 0.704732, 0.145674, 0.544722
0.195313, 0.200241, 0.165100, 0.169352
0.195507, 0.940119, -0.615374, -0.042504
0.195605, 0.571597, 0.148222, 0.447337
0.195925, 0.266223, 0.161737, 0.220806
0.196113, 0.502994, 0.151385, 0.397974
0.196920, 0.118756, 0.172216, 0.103399
0.196959, 0.173813, 0.168293, 0.148315
0.197499, 0.747958, 0.184040, 0.612945
0.197581, 1.000000, -0.614212, 0.000000
0.197957, 0.336002, 0.159866, 0.273931
0.199565, 0.637914, 0.148762, 0.494986
0.199983, 0.801083, -0.218749, 0.238561
0.200053, 0.530875, 0.153365, 0.418336
0.200299, 0.407200, 0.158638, 0.327420
0.200491, 0.146052, 0.172865, 0.125528
0.202061, 0.915417, -0.610421, -0.059935
0.204291, 0.866341, -0.605865, -0.093446
0.205201, 0.289189, 0.167806, 0.237869
0.205207, 0.459213, 0.160062, 0.365293
0.205883, 0.774188, 0.373345, 0.811110
0.206548, 0.682484, 0.146360, 0.520693
0.206908, 0.361353, 0.165769, 0.292678
0.207343, 0.046642, 0.183426, 0.041009
0.207681, 0.613008, 0.155630, 0.476850
0.207790, 0.000000, 0.184876, 0.000000
0.208785, 0.433013, 0.163998, 0.345946
0.208991, 0.555754, 0.159096, 0.435904
0.209016, 0.725261, 0.149332, 0.552519
0.209391, 0.246164, 0.173686, 0.204711
0.209501, 0.891465, -0.605412, -0.077680
0.212096, 0.981279, -0.604549, -0.013373
0.212152, 0.843172, -0.609659, -0.120287
0.213462, 0.315322, 0.173012, 0.257403
0.214727, 0.483350, 0.166374, 0.382684
0.215630, 0.219354, 0.180037, 0.183231
0.215723, 0.099156, 0.187200, 0.085436
0.215910, 0.659060, 0.161762, 0.511321
0.216037, 0.585932, 0.163140, 0.457503
0.216175, 0.385836, 0.171912, 0.310657
0.216777, 0.071238, 0.189413, 0.061730
0.216952, 0.512787, 0.166776, 0.404060
0.217278, 0.958919, -0.600333, -0.029363
0.217573, 0.193445, 0.183328, 0.162727
0.218870, 0.168444, 0.185557, 0.142348
0.219663, 0.819353, -0.568216, -0.100271
0.219994, 0.934028, -0.598477, -0.047229
0.220359, 0.023394, 0.193378, 0.020474
0.220545, 0.124631, 0.189819, 0.106655
0.221596, 0.748163, 0.123064, 0.532742
0.222433, 0.341017, 0.178834, 0.276512
0.222503, 0.703501, 0.133155, 0.511651
0.223147, 0.267641, 0.183349, 0.220606
0.223405, 0.793395, -0.832367, -0.393374
0.224190, 0.634357, 0.166536, 0.491039
0.224808, 0.410388, 0.177544, 0.328695
0.224975, 0.537782, 0.171691, 0.421812
0.225772, 0.146415, 0.192643, 0.124346
0.225978, 0.456164, 0.176249, 0.362369
0.226045, 0.870393, -0.590601, -0.090874
0.226790, 1.000000, -0.594189, 0.000000
0.228086, 0.294529, 0.185559, 0.240739
0.228298, 0.910968, -0.592395, -0.063748
0.229843, 0.768465, -0.171155, 0.238225
0.230519, 0.609641, 0.172527, 0.473357
0.231256, 0.564219, 0.175026, 0.440403
0.232056, 0.047193, 0.201937, 0.040766
0.232339, 0.680522, 0.185935, 0.539129
0.232350, 0.364513, 0.185431, 0.293759
0.232532, 0.239141, 0.192298, 0.197867
0.233459, 0.000000, 0.203920, 0.000000
0.234183, 0.498030, 0.180573, 0.392563
0.234376, 0.726215, 0.095971, 0.483629
0.234525, 0.848218, -0.591119, -0.114497
0.235359, 0.432799, 0.184611, 0.344754
0.236636, 0.086685, 0.203728, 0.073955
0.236893, 0.212658, 0.197304, 0.176844
0.237502, 0.321455, 0.191587, 0.260871
0.238464, 0.953503, -0.585409, -0.033479
0.239029, 0.890673, -0.584986, -0.078985
0.240356, 0.185926, 0.201048, 0.154967
0.240367, 0.977639, -0.585313, -0.016137
0.240414, 0.655339, 0.174058, 0.501702
0.240606, 0.109986, 0.205583, 0.093202
0.240872, 0.476434, 0.186562, 0.376250
0.241151, 0.388418, 0.191111, 0.311287
0.241409, 0.587240, 0.181300, 0.456150
0.242639, 0.521114, 0.186061, 0.409276
0.242664, 0.827510, -0.563382, -0.107029
0.244314, 0.804762, -0.646153, -0.209974
0.244469, 0.163612, 0.206136, 0.137295
0.245599, 0.023221, 0.212192, 0.019948
0.246031, 0.931077, -0.580451, -0.049771
0.246459, 0.066664, 0.211959, 0.056825
0.247191, 0.255856, 0.202691, 0.209937
0.247460, 0.278862, 0.201472, 0.227584
0.247665, 0.135763, 0.209704, 0.114180
0.248323, 0.780111, -0.527608, -0.113459
0.248851, 0.343579, 0.199284, 0.277087
0.248873, 0.701754, 0.289037, 0.645400
0.248980, 0.631843, 0.184189, 0.487393
0.249165, 0.750157, -0.234031, 0.150016
0.249365, 0.545226, 0.190205, 0.426755
0.250722, 0.454288, 0.195313, 0.359815
0.250845, 0.411037, 0.197497, 0.327728
0.251293, 0.303718, 0.203151, 0.246492
0.251725, 0.868498, -0.573994, -0.094123
0.254036, 1.000000, -0.575735, 0.000000
0.254643, 0.609994, 0.190254, 0.472049
0.256243, 0.674153, 0.172228, 0.501413
0.256551, 0.910112, -0.572761, -0.065009
0.257238, 0.725989, 0.559194, 0.924441
0.257253, 0.228241, 0.211975, 0.187702
0.257346, 0.568316, 0.195455, 0.443455
0.257748, 0.367277, 0.204972, 0.294529
0.257962, 0.202572, 0.213775, 0.167274
0.258168, 0.500090, 0.198507, 0.392771
0.259056, 0.044574, 0.222084, 0.037908
0.259307, 0.000000, 0.222981, 0.000000
0.260415, 0.955847, -0.570135, -0.032018
0.261058, 0.845569, -0.567768, -0.112075
0.262083, 0.090180, 0.222849, 0.075879
0.262290, 0.432673, 0.205174, 0.343180
0.262893, 0.116893, 0.222039, 0.097842
0.264495, 0.154956, 0.221682, 0.129004
0.265756, 0.478457, 0.205536, 0.376778
0.265812, 0.323386, 0.213612, 0.261026
0.266409, 0.649085, 0.198441, 0.501109
0.266890, 0.767218, -0.461903, -0.068802
0.266944, 0.888754, -0.565215, -0.080893
0.266955, 0.524321, 0.203683, 0.409782
0.267202, 0.820378, -0.564144, -0.131634
0.267245, 0.389905, 0.211138, 0.311037
0.267511, 0.180911, 0.222957, 0.149942
0.267542, 0.592616, 0.202693, 0.461209
0.268199, 0.796131, -0.572042, -0.160048
0.268251, 0.978363, -0.566108, -0.015763
0.268970, 0.248564, 0.219968, 0.202976
0.271093, 0.293725, 0.219011, 0.237711
0.271633, 0.932642, -0.562800, -0.049053
0.272014, 0.022053, 0.231835, 0.018653
0.272062, 0.692038, 0.143472, 0.472960
0.272066, 0.271676, 0.221368, 0.221034
0.272927, 0.066737, 0.231712, 0.056077
0.274413, 0.456410, 0.213124, 0.359996
0.274576, 0.547593, 0.207610, 0.425694
0.274587, 0.347239, 0.219041, 0.278559
0.275392, 0.622454, 0.210276, 0.485647
0.276787, 0.740812, -0.876061, -0.516000
0.276850, 0.713463, 0.013319, 0.347997
0.277480, 0.136693, 0.232215, 0.113431
0.277505, 0.865587, -0.556705, -0.097710
0.277545, 0.411715, 0.217910, 0.326798
0.278587, 0.208805, 0.229807, 0.171421
0.281569, 1.000000, -0.556338, 0.000000
0.281645, 0.571977, 0.209900, 0.441227
0.282219, 0.670004, 0.208894, 0.514661
0.282575, 0.503016, 0.217219, 0.394236
0.282837, 0.107162, 0.237569, 0.089009
0.283509, 0.910221, -0.554138, -0.065554
0.284252, 0.369850, 0.225207, 0.295025
0.284989, 0.955516, -0.553241, -0.032524
0.285054, 0.231719, 0.233250, 0.188905
0.285054, 0.839298, -0.550561, -0.116927
0.285439, 0.043929, 0.241649, 0.036835
0.285876, 0.000000, 0.242610, 0.000000
0.286379, 0.308116, 0.230120, 0.248007
0.286740, 0.163907, 0.238357, 0.135205
0.287421, 0.786447, -0.543424, -0.152388
0.288043, 0.434002, 0.224713, 0.342758
0.288871, 0.762497, -0.536783, -0.164361
0.289041, 0.598976, 0.206903, 0.453286
0.289865, 0.481418, 0.223492, 0.377615
0.290073, 0.085487, 0.243820, 0.071027
0.290418, 0.644708, 0.222194, 0.502973
0.291515, 0.813647, -0.546510, -0.137337
0.292012, 0.526249, 0.223414, 0.410987
0.292615, 0.189367, 0.241527, 0.155252
0.292776, 0.330239, 0.234013, 0.264751
0.292842, 0.257824, 0.237974, 0.208987
0.292989, 0.887326, -0.546792, -0.082509
0.294213, 0.391619, 0.231597, 0.310736
0.295490, 0.978149, -0.546897, -0.016057
0.296874, 0.457529, 0.230010, 0.359477
0.297090, 0.283838, 0.240024, 0.229087
0.297617, 0.125429, 0.248016, 0.103373
0.297626, 0.693809, 0.184786, 0.490503
0.297738, 0.932217, -0.544537, -0.049764
0.298259, 0.721911, -0.484669, -0.156373
0.298611, 0.021448, 0.251528, 0.017882
0.298750, 0.550787, 0.228484, 0.429737
0.300603, 0.860108, -0.540557, -0.102500
0.300675, 0.063938, 0.252483, 0.053075
0.300970, 0.621485, 0.202253, 0.456408
0.302113, 0.352127, 0.240032, 0.280915
0.303875, 0.147904, 0.251753, 0.121317
0.303994, 0.213993, 0.249189, 0.174325
0.304024, 0.575830, 0.236564, 0.452988
0.304125, 0.413151, 0.237895, 0.326160
0.304271, 0.745447, -0.578429, -0.231719
0.305316, 0.666707, 0.245766, 0.532570
0.308522, 0.504957, 0.235940, 0.393597
0.308881, 1.000000, -0.537146, 0.000000
0.309144, 0.794786, -0.530644, -0.149276
0.309279, 0.835188, -0.533547, -0.120904
0.309376, 0.238680, 0.251540, 0.193079
0.309697, 0.104971, 0.257837, 0.086297
0.309794, 0.308409, 0.248355, 0.247213
0.310349, 0.955749, -0.535650, -0.032620
0.310394, 0.909002, -0.535400, -0.067038
0.311251, 0.771441, -0.522606, -0.160597
0.311336, 0.172571, 0.256613, 0.140960
0.312089, 0.374032, 0.246443, 0.296889
0.312578, 0.041585, 0.261730, 0.034431
0.312902, 0.000000, 0.262482, 0.000000
0.312991, 0.480008, 0.240982, 0.375235
0.313525, 0.599034, 0.257991, 0.484747
0.313550, 0.434674, 0.243736, 0.341466
0.315339, 0.879893, -0.530739, -0.088495
0.315768, 0.641776, 0.191590, 0.448590
0.315896, 0.264645, 0.255233, 0.213011
0.316220, 0.530481, 0.238818, 0.410246
0.317572, 0.084346, 0.264574, 0.069372
0.318834, 0.331856, 0.253919, 0.264564
0.319123, 0.456344, 0.246651, 0.357079
0.319176, 0.196078, 0.261279, 0.159183
0.319313, 0.813869, -0.526094, -0.137456
0.319415, 0.709494, -0.647649, -0.339557
0.322094, 0.395993, 0.252783, 0.312756
0.322208, 0.684443, -0.259575, 0.018695
0.322436, 0.128827, 0.266764, 0.105244
0.322517, 0.978261, -0.527685, -0.016103
0.322703, 0.555069, 0.237314, 0.422716
0.323263, 0.933398, -0.526531, -0.049277
0.323589, 0.288739, 0.259868, 0.231261
0.324182, 0.734267, -0.478925, -0.156134
0.325578, 0.855542, -0.522853, -0.106625
0.326201, 0.020270, 0.271919, 0.016686
0.327357, 0.061448, 0.272314, 0.050453
0.327531, 0.618471, 0.303003, 0.533580
0.328045, 0.577966, 0.229231, 0.428263
0.328797, 0.154123, 0.270233, 0.125223
0.328872, 0.354788, 0.260278, 0.281400
0.329563, 0.221301, 0.268389, 0.178840
0.329610, 0.759076, -0.527599, -0.189111
0.330568, 0.660488, 0.178159, 0.432343
0.330960, 0.895508, -0.519945, -0.077362
0.331782, 0.418375, 0.258774, 0.328819
0.332554, 0.491868, 0.254923, 0.382747
0.333030, 0.787343, -0.511798, -0.154028
0.333260, 0.244976, 0.269404, 0.196750
0.334591, 0.515633, 0.255788, 0.400787
0.335389, 0.108056, 0.276728, 0.087911
0.335467, 0.311864, 0.267747, 0.248443
0.336197, 1.000000, -0.517844, 0.000000
0.336529, 0.956482, -0.517251, -0.032336
0.336655, 0.833828, -0.514240, -0.123038
0.337058, 0.177592, 0.275734, 0.143746
0.338176, 0.466563, 0.260305, 0.363449
0.339348, 0.377651, 0.266942, 0.298062
0.339432, 0.916104, -0.514750, -0.062333
0.340205, 0.039851, 0.282132, 0.032614
0.340243, 0.596660, 0.208808, 0.413025
0.340434, 0.270165, 0.273549, 0.215927
0.340473, 0.441724, 0.263888, 0.345532
0.340735, 0.000000, 0.283035, 0.000000
0.341799, 0.540753, 0.263799, 0.422804
0.342147, 0.082467, 0.282748, 0.067175
0.342293, 0.872772, -0.511386, -0.094435
0.342309, 0.636401, 0.390945, 0.623382
0.342832, 0.811122, -0.508938, -0.139955
0.342893, 0.698479, -0.423323, -0.143824
0.343883, 0.202711, 0.279436, 0.163124
0.344250, 0.722484, -0.541425, -0.242173
0.345212, 0.334978, 0.273846, 0.265500
0.345859, 0.136032, 0.284045, 0.110190
0.348217, 0.566793, 0.290015, 0.464041
0.349192, 0.400769, 0.273027, 0.314810
0.349260, 0.676530, -0.641236, -0.379560
0.349703, 0.978586, -0.508279, -0.015986
0.350115, 0.745691, -0.486558, -0.174183
0.350917, 0.292080, 0.280361, 0.232277
0.351546, 0.937075, -0.506361, -0.046931
0.352056, 0.771292, -0.505835, -0.174586
0.353505, 0.850094, -0.502961, -0.111522
0.354031, 0.059622, 0.291900, 0.048429
0.354601, 0.020082, 0.292933, 0.016346
0.355371, 0.358204, 0.280187, 0.282484
0.355383, 0.158701, 0.290010, 0.127791
0.355711, 0.616636, 0.131786, 0.339560
0.355885, 0.653221, -0.404484, -0.176739
0.355928, 0.475919, 0.272929, 0.369198
0.356075, 0.894388, -0.502114, -0.078762
0.356086, 0.498873, 0.271234, 0.385639
0.356248, 0.250889, 0.286583, 0.200225
0.356298, 0.228089, 0.288061, 0.182680
0.358026, 0.425025, 0.278193, 0.332314
0.359081, 0.796622, -0.495444, -0.149951
0.359294, 0.099523, 0.294569, 0.080336
0.359982, 0.522029, 0.269222, 0.398804
0.360120, 0.121538, 0.294753, 0.097961
0.361282, 0.183633, 0.293568, 0.147412
0.361597, 0.590189, 0.362359, 0.543413
0.361677, 0.314728, 0.287345, 0.249101
0.363688, 1.000000, -0.498284, 0.000000
0.363761, 0.451915, 0.280644, 0.351583
0.364139, 0.825531, -0.494553, -0.130333
0.364343, 0.958328, -0.497485, -0.031211
0.365369, 0.709599, -0.466473, -0.194260
0.366056, 0.381912, 0.286872, 0.299714
0.366379, 0.545537, 0.254496, 0.397490
0.366613, 0.916265, -0.495425, -0.062709
0.367148, 0.271372, 0.293836, 0.215556
0.367542, 0.208605, 0.296815, 0.166572
0.368239, 0.871720, -0.493012, -0.095930
0.368651, 0.040118, 0.303106, 0.032477
0.368780, 0.000000, 0.303748, 0.000000
0.369231, 0.076857, 0.302830, 0.062031
0.370599, 0.688870, -0.524538, -0.271376
0.371222, 0.730868, -0.493200, -0.208261
0.371306, 0.337778, 0.293346, 0.266116
0.372537, 0.567208, 0.217226, 0.372329
0.372549, 0.635932, -0.317477, -0.114137
0.373845, 0.755313, -0.479424, -0.177442
0.374970, 0.664781, -0.451883, -0.223750
0.374995, 0.406129, 0.292092, 0.317249
0.375176, 0.142974, 0.305807, 0.114722
0.376124, 0.779243, -0.485721, -0.166523
0.376685, 0.477892, 0.288725, 0.369958
0.377363, 0.293131, 0.300328, 0.231691
0.377614, 0.979346, -0.488259, -0.015538
0.378337, 0.848312, -0.485376, -0.113691
0.379011, 0.937657, -0.486774, -0.046862
0.379329, 0.245881, 0.304491, 0.195383
0.379478, 0.609508, 0.597686, 0.776588
0.379714, 0.503390, 0.290625, 0.389667
0.380317, 0.168284, 0.308264, 0.134402
0.381052, 0.361856, 0.299279, 0.283738
0.381352, 0.805876, -0.480822, -0.144769
0.381461, 0.894252, -0.484167, -0.079446
0.381568, 0.432431, 0.295346, 0.336357
0.382844, 0.020233, 0.313762, 0.016298
0.383175, 0.117831, 0.312068, 0.094320
0.383488, 0.096217, 0.312692, 0.077116
0.383692, 0.058841, 0.313886, 0.047324
0.385116, 0.528834, 0.304113, 0.418961
0.385401, 0.194365, 0.311242, 0.154864
0.386191, 0.223490, 0.310220, 0.177392
0.386231, 0.584648, 0.114427, 0.272409
0.387285, 0.314751, 0.306528, 0.247602
0.389156, 0.457127, 0.299139, 0.353763
0.390392, 0.709828, -0.467683, -0.214009
0.391409, 0.269875, 0.312230, 0.213211
0.391591, 1.000000, -0.478258, 0.000000
0.391961, 0.827147, -0.474742, -0.129989
0.392033, 0.958756, -0.477695, -0.031133
0.392115, 0.386842, 0.305894, 0.301653
0.392873, 0.554526, 0.392267, 0.521369
0.393360, 0.916389, -0.476284, -0.063086
0.393565, 0.871718, -0.474961, -0.096616
0.393637, 0.682449, -0.471238, -0.242376
0.393793, 0.653018, -0.397330, -0.191447
0.394154, 0.737283, -0.472064, -0.199532
0.395696, 0.337219, 0.311482, 0.264108
0.396570, 0.627385, -0.723736, -0.541248
0.396750, 0.000000, 0.324315, 0.000000
0.397559, 0.039791, 0.324431, 0.031898
0.398079, 0.762784, -0.465855, -0.176407
0.398150, 0.078802, 0.324393, 0.063056
0.398587, 0.786426, -0.468657, -0.160916
0.398646, 0.483613, 0.303811, 0.371948
0.398939, 0.413466, 0.309286, 0.321007
0.400391, 0.131087, 0.324396, 0.104314
0.400638, 0.154365, 0.324113, 0.122755
0.403099, 0.509149, 0.301285, 0.386103
0.403290, 0.291794, 0.319905, 0.229328
0.403685, 0.849858, -0.467167, -0.113322
0.404135, 0.359687, 0.316372, 0.280462
0.404294, 0.248611, 0.323198, 0.196343
0.404633, 0.601435, -0.133997, 0.018401
0.404716, 0.178907, 0.326036, 0.141813
0.405592, 0.979487, -0.468157, -0.015552
0.406279, 0.937824, -0.467236, -0.047093
0.406695, 0.438554, 0.313416, 0.339064
0.406736, 0.204823, 0.326557, 0.162027
0.406881, 0.575968, 0.656129, 0.790165
0.407157, 0.894621, -0.465853, -0.079745
0.407704, 0.103470, 0.330554, 0.082305
0.408625, 0.806147, -0.461762, -0.146166
0.409167, 0.534553, 0.275835, 0.375525
0.410522, 0.227953, 0.328205, 0.179741
0.411212, 0.020164, 0.334647, 0.016091
0.412107, 0.060089, 0.334972, 0.047916
0.412373, 0.314872, 0.325364, 0.246349
0.413063, 0.723445, -0.453192, -0.206044
0.413091, 0.697372, -0.458807, -0.232859
0.413363, 0.669127, -0.424167, -0.220469
0.413882, 0.463622, 0.317025, 0.356943
0.414439, 0.379464, 0.322867, 0.294665
0.416851, 0.643221, -0.532252, -0.352291
0.417679, 0.750760, -0.453853, -0.188800
0.417962, 0.269418, 0.332188, 0.211567
0.418575, 0.828036, -0.455567, -0.130184
0.418627, 0.401067, 0.324678, 0.310539
0.419545, 1.000000, -0.458160, 0.000000
0.419624, 0.873308, -0.456270, -0.096097
0.419693, 0.958879, -0.457822, -0.031278
0.419695, 0.558476, 0.247959, 0.355860
0.420174, 0.617057, -0.254822, -0.098665
0.420175, 0.916550, -0.456995, -0.063427
0.420730, 0.338639, 0.330137, 0.263769
0.421539, 0.778901, -0.451054, -0.166752
0.421580, 0.489463, 0.322462, 0.376849
0.422462, 0.120582, 0.341024, 0.095420
0.423813, 0.083415, 0.343174, 0.066189
0.424497, 0.143360, 0.341859, 0.113222
0.424668, 0.000000, 0.344872, 0.000000
0.425702, 0.040764, 0.345213, 0.032398
0.425819, 0.423446, 0.328505, 0.326601
0.425876, 0.166133, 0.342407, 0.131086
0.426602, 0.514790, 0.339690, 0.410289
0.427800, 0.851461, -0.449698, -0.112828
0.428126, 0.190974, 0.342933, 0.150297
0.428153, 0.587694, -0.736092, -0.610535
0.429152, 0.293717, 0.338855, 0.229279
0.430982, 0.360878, 0.336292, 0.279755
0.431577, 0.216037, 0.344577, 0.169680
0.431652, 0.242943, 0.343401, 0.190410
0.432227, 0.802884, -0.444875, -0.149607
0.432702, 0.446688, 0.331897, 0.343139
0.433550, 0.979458, -0.448006, -0.015694
0.433556, 0.938072, -0.447604, -0.047258
0.433657, 0.683302, -0.426601, -0.227512
0.433725, 0.895194, -0.446752, -0.079884
0.433996, 0.539788, 0.466134, 0.550934
0.435092, 0.710533, -0.441098, -0.221590
0.436186, 0.734697, -0.438093, -0.199889
0.437268, 0.658885, -0.463476, -0.286879
0.437322, 0.319035, 0.343405, 0.247927
0.437507, 0.102819, 0.352757, 0.081154
0.438655, 0.063350, 0.354459, 0.050099
0.438950, 0.470643, 0.334835, 0.360226
0.439008, 0.020725, 0.355110, 0.016402
0.439481, 0.384640, 0.341100, 0.296956
0.439514, 0.632871, -0.366252, -0.212104
0.440008, 0.761659, -0.437824, -0.181229
0.440731, 0.265616, 0.348987, 0.207319
0.440765, 0.606329, -0.511742, -0.379978
0.441582, 0.567788, -0.047629, 0.049824
0.442878, 0.825394, -0.438053, -0.133039
0.445284, 0.495495, 0.341290, 0.381371
0.445542, 0.407403, 0.344037, 0.313388
0.446328, 0.873502, -0.437046, -0.096645
0.446946, 0.126384, 0.359128, 0.099357
0.447114, 0.342634, 0.349206, 0.265052
0.447139, 0.917247, -0.437528, -0.063358
0.447442, 1.000000, -0.438041, 0.000000
0.447472, 0.958818, -0.437765, -0.031561
0.448419, 0.846593, -0.434260, -0.117060
0.448616, 0.784714, -0.432223, -0.163863
0.448726, 0.149697, 0.359512, 0.117409
0.449473, 0.173867, 0.359538, 0.136252
0.450455, 0.520011, 0.375044, 0.429575
0.450920, 0.285709, 0.355520, 0.222103
0.451938, 0.198658, 0.360226, 0.155295
0.452131, 0.000000, 0.365077, 0.000000
0.452217, 0.084526, 0.364096, 0.066537
0.452472, 0.430068, 0.347615, 0.329637
0.452491, 0.042744, 0.364878, 0.033696
0.453738, 0.696010, -0.419271, -0.225861
0.453797, 0.224158, 0.360580, 0.174915
0.456359, 0.545865, -0.467662, -0.398040
0.456580, 0.307258, 0.358380, 0.237990
0.456628, 0.366730, 0.354740, 0.282458
0.458169, 0.744230, -0.423138, -0.194451
0.458219, 0.590570, -0.361143, -0.255605
0.458564, 0.246783, 0.362972, 0.191995
0.458570, 0.453223, 0.350240, 0.345968
0.459319, 0.646504, -0.391327, -0.241760
0.459334, 0.672509, -0.429715, -0.259415
0.459429, 0.808224, -0.425265, -0.146588
0.460133, 0.896278, -0.427691, -0.079628
0.460217, 0.721177, -0.421633, -0.213027
0.460669, 0.618871, -0.451622, -0.325333
0.461212, 0.938129, -0.427591, -0.047570
0.461451, 0.979337, -0.427829, -0.015907
0.463791, 0.477226, 0.355952, 0.366724
0.464431, 0.107739, 0.372514, 0.084399
0.465147, 0.390484, 0.359406, 0.299462
0.465455, 0.328922, 0.363672, 0.253784
0.465654, 0.569522, -0.400134, -0.317165
0.465822, 0.021336, 0.374757, 0.016749
0.465934, 0.064714, 0.374504, 0.050785
0.466409, 0.857546, -0.421628, -0.109272
0.466828, 0.765825, -0.418266, -0.179027
0.468408, 0.268625, 0.369174, 0.208161
0.469548, 0.501732, 0.433786, 0.459740
0.470764, 0.831745, -0.417962, -0.129152
0.471495, 0.131629, 0.377243, 0.102823
0.471750, 0.155829, 0.376218, 0.121430
0.472319, 0.413284, 0.363029, 0.315698
0.472748, 0.180660, 0.376408, 0.140659
0.473540, 0.526621, -0.067934, -0.026528
0.474218, 0.351407, 0.368463, 0.269813
0.474609, 0.917343, -0.417591, -0.063752
0.474923, 0.788440, -0.413413, -0.162244
0.474940, 0.878391, -0.416291, -0.093603
0.475044, 0.205910, 0.376899, 0.159920
0.475218, 1.000000, -0.417937, 0.000000
0.475346, 0.958593, -0.417563, -0.031976
0.475384, 0.698689, -0.406541, -0.227984
0.476837, 0.291992, 0.374305, 0.225496
0.478590, 0.088368, 0.383489, 0.069069
0.478801, 0.436016, 0.368705, 0.334437
0.479001, 0.042978, 0.384280, 0.033621
0.479179, 0.000000, 0.384894, 0.000000
0.479363, 0.229091, 0.379147, 0.177533
0.479869, 0.603800, -0.380029, -0.280882
0.480166, 0.631953, -0.416443, -0.295023
0.480982, 0.551604, -0.406870, -0.350584
0.481618, 0.656525, -0.391896, -0.251815
0.481937, 0.742267, -0.406050, -0.197410
0.483381, 0.374542, 0.374036, 0.286746
0.483477, 0.679199, -0.403407, -0.246750
0.483741, 0.459888, 0.371449, 0.352403
0.484205, 0.314411, 0.378171, 0.241719
0.485437, 0.719022, -0.401774, -0.214645
0.485764, 0.810593, -0.406305, -0.145800
0.485933, 0.251645, 0.382786, 0.194354
0.486933, 0.579153, -0.400957, -0.327224
0.488332, 0.854322, -0.405670, -0.112403
0.488459, 0.483910, 0.353515, 0.349900
0.488887, 0.898045, -0.406710, -0.078853
0.489045, 0.937779, -0.407378, -0.048203
0.489233, 0.979082, -0.407669, -0.016227
0.491153, 0.113124, 0.391656, 0.087899
0.491441, 0.065395, 0.393113, 0.050944
0.491729, 0.767242, -0.400347, -0.179138
0.492078, 0.397239, 0.377951, 0.301993
0.492573, 0.021652, 0.394307, 0.016869
0.493070, 0.336711, 0.383736, 0.258246
0.493515, 0.508638, -0.295704, -0.284060
0.494316, 0.163233, 0.392382, 0.126379
0.494567, 0.275235, 0.387937, 0.211757
0.495127, 0.138780, 0.394378, 0.107711
0.495711, 0.188696, 0.392792, 0.145937
0.496890, 0.532865, -0.368869, -0.340155
0.497483, 0.832811, -0.398683, -0.129277
0.499466, 0.419246, 0.374762, 0.310600
0.499693, 0.621689, -0.379921, -0.282147
0.500567, 0.211647, 0.395358, 0.163257
0.500829, 0.788578, -0.394550, -0.163250
0.501232, 0.359036, 0.386292, 0.272375
0.501391, 0.876186, -0.397111, -0.096009
0.502380, 0.697784, -0.389231, -0.232447
0.502774, 1.000000, -0.397931, 0.000000
0.502924, 0.087909, 0.401111, 0.068220
0.503140, 0.917715, -0.396772, -0.063948
0.503155, 0.559464, -0.378234, -0.333256
0.503174, 0.298734, 0.393227, 0.229150
0.503180, 0.958013, -0.397318, -0.032673
0.503810, 0.646907, -0.389103, -0.274363
0.504011, 0.443323, 0.399971, 0.351393
0.504024, 0.595787, -0.385737, -0.312267
0.505316, 0.044017, 0.403495, 0.034181
0.505475, 0.234701, 0.397933, 0.180575
0.505703, 0.671300, -0.382662, -0.249714
0.506045, 0.000000, 0.404537, 0.000000
0.506140, 0.748970, -0.388755, -0.193540
0.506873, 0.725887, -0.386589, -0.210708
0.508855, 0.467399, 0.457295, 0.424428
0.510901, 0.381955, 0.397207, 0.294013
0.511274, 0.321385, 0.396906, 0.244762
0.511661, 0.812739, -0.387449, -0.145138
0.511905, 0.258216, 0.401366, 0.198028
0.512695, 0.491667, -0.309976, -0.326417
0.513181, 0.853991, -0.387704, -0.113438
0.515643, 0.107662, 0.409764, 0.083156
0.516265, 0.896514, -0.386804, -0.080647
0.516640, 0.174040, 0.408226, 0.133883
0.516696, 0.978970, -0.387670, -0.016443
0.517344, 0.576906, -0.368266, -0.320600
0.517354, 0.937073, -0.386716, -0.049128
0.517628, 0.066943, 0.412207, 0.051777
0.517696, 0.128821, 0.410975, 0.099391
0.517958, 0.516451, -0.359190, -0.360398
0.518850, 0.021846, 0.413412, 0.016895
0.519018, 0.539974, -0.364680, -0.347913
0.519357, 0.152168, 0.411661, 0.117276
0.520438, 0.402503, 0.419178, 0.324946
0.520538, 0.768109, -0.379332, -0.179781
0.520573, 0.282410, 0.406390, 0.215687
0.520682, 0.343768, 0.407106, 0.265515
0.520828, 0.612745, -0.371286, -0.297589
0.522242, 0.194726, 0.411872, 0.149497
0.523212, 0.710316, -0.374399, -0.223833
0.524295, 0.793404, -0.377448, -0.160501
0.524398, 0.427312, 0.368162, 0.290826
0.524548, 0.636019, -0.367616, -0.278073
0.525067, 0.832349, -0.378387, -0.130538
0.526061, 0.217570, 0.413838, 0.166754
0.526387, 0.684120, -0.369875, -0.242877
0.527564, 0.366341, 0.395139, 0.266294
0.528355, 0.875476, -0.377227, -0.097229
0.528811, 0.659953, -0.368271, -0.262763
0.529122, 0.451888, 0.535280, 0.473099
0.529234, 0.740402, -0.371076, -0.200976
0.529972, 0.305954, 0.412555, 0.233260
0.530172, 1.000000, -0.377949, 0.000000
0.530444, 0.089582, 0.421202, 0.069027
0.530663, 0.957938, -0.377263, -0.032988
0.530966, 0.240928, 0.416150, 0.184025
0.531025, 0.044225, 0.422167, 0.034095
0.531138, 0.915136, -0.376322, -0.066464
0.531803, 0.557072, -0.357688, -0.337447
0.532864, 0.000000, 0.424126, 0.000000
0.533407, 0.594211, -0.358349, -0.309611
0.533546, 0.477032, -0.073092, -0.116849
0.536373, 0.502298, -0.353521, -0.380755
0.536981, 0.264781, 0.419181, 0.201683
0.538230, 0.854778, -0.369449, -0.113608
0.538303, 0.328356, 0.411581, 0.243777
0.540596, 0.812735, -0.366048, -0.146183
0.540983, 0.171192, 0.426748, 0.131098
0.541217, 0.115604, 0.428201, 0.088670
0.541218, 0.384591, 0.366146, 0.240897
0.541692, 0.142733, 0.428122, 0.109387
0.541775, 0.529978, -0.348249, -0.357683
0.542970, 0.719541, -0.360040, -0.217642
0.543223, 0.066545, 0.430800, 0.051113
0.543728, 0.783684, -0.362913, -0.168860
0.544058, 0.978916, -0.367663, -0.016616
0.544319, 0.936346, -0.367037, -0.050086
0.544386, 0.618937, -0.353262, -0.293367
0.544405, 0.410914, 0.482479, 0.376171
0.544478, 0.892248, -0.366027, -0.084598
0.545017, 0.022048, 0.432332, 0.016928
0.545762, 0.694540, -0.356575, -0.236524
0.545839, 0.760093, -0.360379, -0.187071
0.545875, 0.197843, 0.428874, 0.150901
0.546600, 0.288838, 0.424729, 0.218970
0.546711, 0.575193, -0.348515, -0.325648
0.547346, 0.354449, 0.453030, 0.299092
0.549131, 0.643531, -0.351141, -0.275113
0.549332, 0.435896, 0.234429, 0.146008
0.550642, 0.223315, 0.431493, 0.170155
0.551303, 0.837249, -0.359135, -0.127614
0.552587, 0.668790, -0.350892, -0.257098
0.553357, 0.461337, -0.284312, -0.355400
0.554055, 0.089925, 0.438184, 0.068821
0.555678, 0.551427, -0.340393, -0.343800
0.555760, 0.248068, 0.433403, 0.187911
0.556518, 0.737666, -0.350869, -0.204465
0.556976, 0.044611, 0.440982, 0.034150
0.557066, 0.868024, -0.355792, -0.103795
0.557425, 0.914124, -0.357093, -0.067770
0.557435, 1.000000, -0.357998, 0.000000
0.557731, 0.957538, -0.357441, -0.033566
0.557736, 0.486851, -0.331018, -0.387675
0.557838, 0.308530, 0.434254, 0.235399
0.558102, 0.510995, -0.335655, -0.373324
0.558563, 0.598652, -0.341388, -0.309156
0.559743, 0.000000, 0.443717, 0.000000
0.560899, 0.332652, 0.420350, 0.238277
0.561542, 0.272798, 0.436437, 0.206386
0.561956, 0.799543, -0.350164, -0.157396
0.562817, 0.158400, 0.442860, 0.120607
0.564514, 0.132351, 0.444786, 0.100836
0.564544, 0.397143, 0.269619, 0.135862
0.564586, 0.371444, 0.524094, 0.370436
0.565526, 0.183873, 0.443963, 0.139845
0.565863, 0.110205, 0.446156, 0.083996
0.566332, 0.711527, -0.342470, -0.224967
0.567765, 0.623703, -0.336310, -0.291254
0.567923, 0.820497, -0.346317, -0.141241
0.568450, 0.687607, -0.339756, -0.243413
0.568473, 0.776947, -0.344236, -0.175082
0.568764, 0.068015, 0.449299, 0.051881
0.569613, 0.530004, -0.328485, -0.360202
0.569851, 0.891336, -0.347405, -0.085943
0.569856, 0.421279, 0.785967, 0.670172
0.570513, 0.209477, 0.445918, 0.158385
0.570903, 0.022036, 0.450919, 0.016797
0.570917, 0.935701, -0.347522, -0.050991
0.570931, 0.576434, -0.330958, -0.326521
0.571167, 0.978812, -0.347794, -0.016837
0.572583, 0.649297, -0.334305, -0.272382
0.572820, 0.754275, -0.339630, -0.192552
0.573445, 0.447111, -0.248761, -0.347802
0.573559, 0.846934, -0.343280, -0.120871
0.575279, 0.348631, 0.415614, 0.234848
0.575498, 0.234946, 0.449548, 0.178395
0.576842, 0.473882, -0.318694, -0.400871
0.576906, 0.291101, 0.447700, 0.219968
0.579125, 0.554298, -0.323297, -0.343231
0.579845, 0.261122, 0.448906, 0.195256
0.580706, 0.728253, -0.332781, -0.213049
0.580760, 0.502728, -0.317998, -0.380477
0.580808, 0.090770, 0.457540, 0.068983
0.581500, 0.318895, 0.452707, 0.243877
0.582126, 0.671044, -0.328672, -0.256713
0.582181, 0.045095, 0.459139, 0.034278
0.582444, 0.601598, -0.324180, -0.308733
0.583116, 0.870148, -0.337117, -0.103028
0.583519, 0.913429, -0.337882, -0.068841
0.584488, 0.957377, -0.337797, -0.033971
0.584542, 1.000000, -0.338112, 0.000000
0.585216, 0.144735, 0.459129, 0.109572
0.585934, 0.385724, 0.767565, 0.608849
0.586542, 0.170900, 0.459372, 0.129172
0.586920, 0.000000, 0.463527, 0.000000
0.587402, 0.798408, -0.331292, -0.159358
0.589762, 0.116787, 0.463429, 0.088457
0.589982, 0.699428, -0.324379, -0.235610
0.590021, 0.824804, -0.330232, -0.138782
0.590441, 0.628287, -0.319960, -0.289388
0.590489, 0.196152, 0.461504, 0.148268
0.591626, 0.406912, -0.455143, -0.598044
0.592312, 0.529422, -0.311896, -0.362373
0.592768, 0.773279, -0.325832, -0.178926
0.593449, 0.365837, 0.372252, 0.191091
0.593853, 0.431438, -0.453814, -0.582488
0.594337, 0.067951, 0.467793, 0.051477
0.595289, 0.579612, -0.313224, -0.325852
0.595401, 0.221323, 0.462468, 0.165341
0.596211, 0.022269, 0.468955, 0.016852
0.596258, 0.748168, -0.322063, -0.198460
0.596455, 0.891672, -0.327627, -0.086307
0.596669, 0.457263, -0.307818, -0.418926
0.597207, 0.935726, -0.328180, -0.051389
0.598001, 0.341325, 0.485357, 0.281253
0.598182, 0.978589, -0.327942, -0.017161
0.598395, 0.483636, -0.304269, -0.396016
0.598865, 0.651292, -0.315134, -0.272678
0.599101, 0.849684, -0.324357, -0.119556
0.599316, 0.273960, 0.459059, 0.200697
0.599431, 0.246787, 0.468212, 0.188071
0.600352, 0.554814, -0.307621, -0.344229
0.600428, 0.297908, 0.466843, 0.226344
0.602343, 0.721248, -0.316470, -0.219693
0.604550, 0.091539, 0.474461, 0.069087
0.604786, 0.510097, -0.301357, -0.377238
0.605306, 0.607834, -0.307584, -0.305540
0.605416, 0.677278, -0.311758, -0.253418
0.605682, 0.319872, 0.457727, 0.231139
0.607028, 0.135608, 0.474909, 0.102074
0.607446, 0.045824, 0.477209, 0.034585
0.608104, 0.160820, 0.475039, 0.120916
0.609657, 0.914401, -0.318562, -0.068612
0.609882, 0.869654, -0.317300, -0.104234
0.611189, 0.809097, -0.314171, -0.152073
0.611352, 0.956924, -0.318006, -0.034629
0.611441, 1.000000, -0.318351, 0.000000
0.611488, 0.185268, 0.476516, 0.138858
0.612333, 0.386513, 0.008596, -0.165793
0.613669, 0.786663, -0.310963, -0.169535
0.613933, 0.832889, -0.312589, -0.133280
0.614432, 0.000000, 0.483416, 0.000000
0.614921, 0.413327, -0.243524, -0.403855
0.615896, 0.111005, 0.482020, 0.083459
0.615934, 0.209662, 0.479704, 0.157937
0.615951, 0.699441, -0.305056, -0.237101
0.616073, 0.630719, -0.301034, -0.289168
0.616850, 0.439389, -0.292469, -0.434044
0.617031, 0.537665, -0.294230, -0.358009
0.617298, 0.359910, 0.630096, 0.425510
0.617701, 0.589126, -0.297172, -0.320243
0.617824, 0.763745, -0.306743, -0.187495
0.619352, 0.740887, -0.304626, -0.205371
0.619790, 0.464928, -0.287702, -0.411442
0.619947, 0.069944, 0.486194, 0.052612
0.620321, 0.234344, 0.477060, 0.171093
0.620345, 0.022632, 0.486166, 0.017010
0.620364, 0.565682, -0.293488, -0.337524
0.620906, 0.489472, -0.288124, -0.393309
0.621521, 0.260260, 0.489670, 0.203347
0.622077, 0.893355, -0.308655, -0.085645
0.622390, 0.657392, -0.297886, -0.269472
0.623276, 0.285240, 0.464188, 0.196612
0.624151, 0.935155, -0.308260, -0.052294
0.624439, 0.335966, 0.426062, 0.198954
0.624995, 0.978270, -0.308203, -0.017578
0.626661, 0.309379, 0.501423, 0.249082
0.627537, 0.515337, -0.284984, -0.374978
0.627969, 0.721016, -0.297207, -0.221229
0.629835, 0.849559, -0.301125, -0.120593
0.630038, 0.151565, 0.490779, 0.113282
0.630795, 0.128902, 0.492127, 0.096418
0.631783, 0.048435, 0.494358, 0.036296
0.632164, 0.091079, 0.494247, 0.068212
0.632191, 0.680227, -0.291738, -0.252638
0.632630, 0.610049, -0.287394, -0.305691
0.633150, 0.175457, 0.492585, 0.130961
0.633609, 0.872314, -0.299458, -0.102786
0.634998, 0.821878, -0.296890, -0.143027
0.635526, 0.398545, -0.281570, -0.469828
0.636557, 0.797640, -0.294241, -0.161963
0.636765, 0.913109, -0.298395, -0.070235
0.636941, 0.373003, -0.249905, -0.453620
0.637123, 0.199217, 0.493858, 0.147763
0.638075, 1.000000, -0.298755, 0.000000
0.638112, 0.956248, -0.298256, -0.035499
0.638306, 0.424754, -0.269999, -0.440089
0.638445, 0.638978, -0.284715, -0.284281
0.639811, 0.773752, -0.290757, -0.180811
0.640154, 0.555824, -0.278236, -0.346167
0.640804, 0.448812, -0.270536, -0.423823
0.641122, 0.584080, -0.279194, -0.325273
0.641632, 0.025280, 0.501482, 0.018902
0.641748, 0.222844, 0.499805, 0.168952
0.642132, 0.534212, -0.275341, -0.362071
0.642140, 0.748689, -0.287757, -0.200417
0.642292, 0.000000, 0.503029, 0.000000
0.643092, 0.701589, -0.284551, -0.236810
0.643406, 0.498018, -0.272001, -0.388466
0.643635, 0.474453, -0.270414, -0.405790
0.643942, 0.247998, 0.484473, 0.171003
0.644084, 0.349481, 0.361087, 0.135072
0.645155, 0.110977, 0.503005, 0.082798
0.645577, 0.272487, 0.529458, 0.234558
0.647604, 0.071203, 0.506014, 0.053150
0.647733, 0.323820, 0.532119, 0.274024
0.647881, 0.297301, 0.453696, 0.177563
0.648971, 0.663131, -0.278198, -0.266659
0.649349, 0.890390, -0.288246, -0.088776
0.649868, 0.726236, -0.280774, -0.218252
0.650754, 0.933655, -0.288562, -0.053999
0.651488, 0.977968, -0.288655, -0.018000
0.653104, 0.621451, -0.272494, -0.298198
0.653307, 0.837765, -0.283941, -0.131235
0.653651, 0.160831, 0.507248, 0.119423
0.653794, 0.136963, 0.508427, 0.101748
0.655265, 0.863834, -0.282974, -0.110293
0.656204, 0.049434, 0.511570, 0.036785
0.656837, 0.516582, -0.263212, -0.375777
0.657507, 0.384188, -0.249320, -0.465628
0.658157, 0.186630, 0.509738, 0.138096
0.658338, 0.411552, -0.255350, -0.451722
0.658655, 0.811731, -0.278355, -0.151922
0.659495, 0.568174, -0.264583, -0.338331
0.659955, 0.598956, -0.266175, -0.315619
0.660475, 0.685846, -0.270702, -0.249964
0.660614, 0.092449, 0.514611, 0.068679
0.661824, 0.787081, -0.274870, -0.171476
0.662592, 0.022956, 0.516857, 0.017069
0.662927, 0.909845, -0.278844, -0.073511
0.662975, 0.460935, -0.255151, -0.416599
0.663368, 0.210017, 0.511684, 0.154031
0.664015, 0.762080, -0.272372, -0.191443
0.664269, 0.955450, -0.278913, -0.036507
0.664350, 0.435714, -0.252664, -0.434977
0.664392, 0.645136, -0.265324, -0.281006
0.664445, 1.000000, -0.279314, 0.000000
0.664890, 0.360780, -0.298111, -0.539918
0.665713, 0.235436, 0.521641, 0.182932
0.666021, 0.541891, -0.257965, -0.357876
0.666204, 0.490628, -0.254867, -0.395668
0.668571, 0.710290, -0.265759, -0.231561
0.668717, 0.260332, 0.472698, 0.149231
0.668887, 0.738261, -0.267000, -0.209966
0.669149, 0.337062, -0.047323, -0.304058
0.669508, 0.118708, 0.520207, 0.087970
0.669649, 0.284337, 0.630251, 0.327070
0.669794, 0.310428, 0.424806, 0.145515
0.670197, 0.000000, 0.522142, 0.000000
0.673256, 0.883033, -0.270400, -0.095556
0.674570, 0.851470, -0.268319, -0.121077
0.675673, 0.170391, 0.522571, 0.125807
0.675723, 0.072259, 0.525900, 0.053503
0.676086, 0.668609, -0.257870, -0.263980
0.676101, 0.932051, -0.269743, -0.055839
0.676513, 0.622291, -0.255023, -0.299169
0.676790, 0.396875, -0.239643, -0.461997
0.676935, 0.583405, -0.252005, -0.327624
0.677119, 0.145862, 0.524307, 0.107455
0.677587, 0.977628, -0.269359, -0.018476
0.677603, 0.045830, 0.526669, 0.033883
0.678404, 0.826583, -0.264239, -0.141085
0.678831, 0.516183, -0.247162, -0.378060
0.681790, 0.472509, -0.241741, -0.409020
0.683335, 0.801357, -0.259348, -0.161319
0.683957, 0.559940, -0.245751, -0.345922
0.684249, 0.373192, -0.245857, -0.492755
0.684815, 0.195070, 0.527063, 0.142202
0.684826, 0.099337, 0.531506, 0.073237
0.685205, 0.419843, -0.235506, -0.446866
0.685876, 0.775219, -0.256512, -0.182344
0.686519, 0.907344, -0.261308, -0.076256
0.686576, 0.019419, 0.533740, 0.014325
0.686668, 0.221463, 0.529552, 0.163258
0.686694, 0.693939, -0.251339, -0.245383
0.687540, 0.448328, -0.236413, -0.427573
0.688849, 0.603351, -0.244052, -0.313365
0.688910, 0.645329, -0.246934, -0.282571
0.689243, 0.723382, -0.250787, -0.222675
0.689510, 0.750460, -0.252019, -0.201659
0.689789, 0.954669, -0.260007, -0.037545
0.690066, 0.247318, 0.548822, 0.201851
0.690553, 1.000000, -0.260048, 0.000000
0.690884, 0.323487, -0.205918, -0.489455
0.691278, 0.865503, -0.256116, -0.110359
0.691822, 0.296144, 0.915073, 0.609391
0.691969, 0.494885, -0.235487, -0.393370
0.692088, 0.537074, -0.238460, -0.363546
0.692538, 0.349000, -0.203880, -0.474564
0.693107, 0.125764, 0.536589, 0.092576
0.693957, 0.272702, 0.406243, 0.071526
0.697108, 0.170554, 0.537839, 0.125262
0.699210, 0.061468, 0.542135, 0.045158
0.699438, 0.395494, -0.226794, -0.468111
0.699594, 0.000000, 0.542735, 0.000000
0.699596, 0.841149, -0.248834, -0.130379
0.699883, 0.037794, 0.542550, 0.027760
0.699951, 0.668027, -0.239698, -0.265919
0.700112, 0.886403, -0.250360, -0.093756
0.700650, 0.931100, -0.251501, -0.057211
0.701489, 0.149854, 0.541287, 0.109440
0.701872, 0.580640, -0.233441, -0.331706
0.702350, 0.085425, 0.544351, 0.062723
0.702899, 0.624917, -0.234654, -0.298149
0.703325, 0.977333, -0.250299, -0.018945
0.703850, 0.817398, -0.244616, -0.149637
0.704625, 0.432437, -0.222540, -0.439439
0.704633, 0.470911, -0.225096, -0.412303
0.705249, 0.515305, -0.226763, -0.379360
0.706196, 0.789868, -0.241730, -0.171847
0.707906, 0.208656, 0.540016, 0.148338
0.708451, 0.711918, -0.235553, -0.232675
0.708637, 0.371081, -0.209528, -0.476631
0.708886, 0.558413, -0.226763, -0.348469
0.710218, 0.688054, -0.232711, -0.250977
0.710458, 0.111101, 0.549029, 0.081114
0.710673, 0.233471, 0.566214, 0.191850
0.711058, 0.764167, -0.236336, -0.192183
0.711196, 0.306651, -0.533011, -0.851237
0.711501, 0.186888, 0.549036, 0.138290
0.711947, 0.738872, -0.234294, -0.211981
0.712157, 0.908850, -0.242044, -0.075779
0.714421, 0.259585, 0.582052, 0.228012
0.714627, 0.412138, -0.215000, -0.455495
0.714780, 0.601743, -0.224800, -0.316767
0.714948, 0.330274, -0.282416, -0.586143
0.714959, 0.647525, -0.226749, -0.281920
0.715012, 0.954358, -0.241288, -0.038251
0.715555, 0.018916, 0.554325, 0.013841
0.715575, 0.861492, -0.237665, -0.114690
0.716467, 1.000000, -0.240909, 0.000000
0.716902, 0.452084, -0.214670, -0.426133
0.717675, 0.492175, -0.216569, -0.397658
0.718377, 0.536261, -0.218029, -0.364774
0.719293, 0.137114, 0.555256, 0.100697
0.719814, 0.351021, -0.229665, -0.521192
0.719884, 0.284934, 0.002376, -0.333271
0.722268, 0.043302, 0.558457, 0.031601
0.722745, 0.069595, 0.558555, 0.050735
0.724238, 0.884696, -0.232263, -0.096179
0.724550, 0.806352, -0.228399, -0.159651
0.724602, 0.165087, 0.554571, 0.117127
0.724803, 0.836634, -0.229649, -0.135323
0.724878, 0.388688, -0.203244, -0.469925
0.726087, 0.931777, -0.232491, -0.057310
0.727532, 0.670092, -0.218385, -0.265634
0.727672, 0.622350, -0.215949, -0.301947
0.727825, 0.095165, 0.561878, 0.069318
0.727830, 0.580101, -0.213307, -0.333134
0.728855, 0.000000, 0.564083, 0.000000
0.728964, 0.977534, -0.231285, -0.019037
0.730285, 0.779364, -0.222407, -0.181343
0.730663, 0.724034, -0.219030, -0.224546
0.730692, 0.513115, -0.207833, -0.382979
0.731112, 0.215565, 0.570162, 0.166587
0.731336, 0.432057, -0.202984, -0.441232
0.731472, 0.698105, -0.216796, -0.244420
0.731974, 0.471789, -0.204571, -0.412843
0.733413, 0.558392, -0.207785, -0.349301
0.733477, 0.242631, 0.675329, 0.294668
0.733978, 0.192498, 0.569963, 0.146381
0.734176, 0.310939, -0.127065, -0.461070
0.735611, 0.752529, -0.216940, -0.202821
0.735684, 0.121318, 0.566290, 0.087771
0.736625, 0.908222, -0.223703, -0.077189
0.737444, 0.365707, -0.200137, -0.494431
0.738468, 0.642886, -0.208583, -0.286899
0.739583, 0.267431, -0.029243, -0.390216
0.739947, 0.860809, -0.219294, -0.116492
0.740497, 0.955391, -0.222335, -0.037895
0.741010, 0.410615, -0.194289, -0.456897
0.741772, 0.600697, -0.203683, -0.318551
0.741868, 0.336001, -0.167277, -0.488199
0.742077, 0.023392, 0.572728, 0.016958
0.742176, 0.821279, -0.215344, -0.148459
0.742229, 0.052284, 0.572238, 0.037933
0.742496, 1.000000, -0.221619, 0.000000
0.742617, 0.148596, 0.571635, 0.108754
0.743239, 0.534385, -0.199347, -0.367913
0.745046, 0.492509, -0.195831, -0.398504
0.745193, 0.451181, -0.193571, -0.428126
0.746451, 0.078637, 0.574868, 0.056774
0.747653, 0.290544, -0.169907, -0.527769
0.748010, 0.884154, -0.214310, -0.097720
0.748648, 0.796489, -0.209122, -0.168776
0.748988, 0.389399, -0.188850, -0.474021
0.749732, 0.175354, 0.565923, 0.117713
0.750143, 0.661017, -0.200296, -0.273551
0.750689, 0.933003, -0.214122, -0.057034
0.751250, 0.684252, -0.200740, -0.256073
0.751639, 0.224893, 0.734867, 0.326075
0.751937, 0.732965, -0.202662, -0.218513
0.752309, 0.104883, 0.578937, 0.076095
0.753681, 0.842262, -0.207674, -0.132186
0.754004, 0.709136, -0.199961, -0.237275
0.754271, 0.622057, -0.195068, -0.303130
0.754580, 0.771324, -0.203351, -0.189279
0.754973, 0.579329, -0.192350, -0.334895
0.755194, 0.977830, -0.211812, -0.019088
0.755697, 0.000000, 0.582410, 0.000000
0.755958, 0.556294, -0.190611, -0.352209
0.757272, 0.513632, -0.187595, -0.383665
0.758332, 0.428684, -0.182741, -0.445375
0.758534, 0.248775, -0.301836, -0.692406
0.758588, 0.202113, 0.630492, 0.195231
0.758603, 0.354008, -0.175076, -0.494843
0.759084, 0.314622, -0.180458, -0.529784
0.759085, 0.472084, -0.184136, -0.413640
0.759921, 0.131180, 0.582088, 0.093444
0.760070, 0.910575, -0.206078, -0.076166
0.761920, 0.038615, 0.586275, 0.027789
0.764546, 0.375702, -0.173859, -0.481756
0.765264, 0.749166, -0.193049, -0.206588
0.765332, 0.062113, 0.588085, 0.044742
0.765711, 0.817664, -0.197043, -0.152832
0.766333, 0.271473, -0.240760, -0.628271
0.766354, 0.641882, -0.186674, -0.288829
0.766409, 0.955588, -0.203034, -0.038329
0.766694, 0.158237, 0.587122, 0.114014
0.768320, 0.863950, -0.197847, -0.115457
0.768729, 1.000000, -0.202156, 0.000000
0.768758, 0.405732, -0.173929, -0.462232
0.768782, 0.602016, -0.182903, -0.318886
0.769259, 0.535947, -0.179473, -0.367799
0.769926, 0.888519, -0.197564, -0.095060
0.769964, 0.088424, 0.590734, 0.063079
0.770969, 0.335883, -0.172997, -0.515908
0.771407, 0.450021, -0.174070, -0.430777
0.771547, 0.019615, 0.593092, 0.014148
0.772428, 0.493486, -0.175031, -0.398687
0.772549, 0.792660, -0.190351, -0.173322
0.772640, 0.668062, -0.183044, -0.269307
0.774656, 0.226560, 0.213170, -0.205174
0.774834, 0.694323, -0.182830, -0.249641
0.774972, 0.293726, -0.189200, -0.567060
0.775349, 0.183764, 0.600327, 0.139074
0.776020, 0.721525, -0.183538, -0.229126
0.776098, 0.932906, -0.195020, -0.057991
0.776977, 0.113100, 0.597014, 0.082656
0.778369, 0.561498, -0.173613, -0.349357
0.779164, 0.839364, -0.188016, -0.136227
0.780894, 0.769386, -0.182015, -0.191794
0.781744, 0.977602, -0.192128, -0.019662
0.781818, 0.584246, -0.172062, -0.332850
0.782501, 0.620985, -0.173212, -0.305528
0.783280, 0.516228, -0.167767, -0.382563
0.783366, 0.140892, 0.592754, 0.094490
0.783798, 0.386449, -0.162030, -0.476831
0.783940, 0.250477, -0.081078, -0.499566
0.784293, 0.000000, 0.602701, 0.000000
0.784435, 0.427425, -0.163364, -0.447800
0.785285, 0.471823, -0.164637, -0.415727
0.785286, 0.909519, -0.186939, -0.078213
0.785788, 0.360582, -0.160376, -0.496343
0.786368, 0.314986, -0.163621, -0.534423
0.786377, 0.069861, 0.602524, 0.050002
0.786728, 0.206525, 0.484437, 0.042661
0.787230, 0.043977, 0.603895, 0.031266
0.789204, 0.744677, -0.174505, -0.212078
0.789341, 0.647085, -0.169022, -0.286142
0.789432, 0.813778, -0.178297, -0.157474
0.791344, 0.882962, -0.181042, -0.101001
0.792201, 0.166019, 0.626532, 0.140253
0.792443, 0.954790, -0.183608, -0.039756
0.792969, 0.273350, -0.119495, -0.527255
0.793283, 0.542201, -0.161147, -0.363796
0.794120, 0.673918, -0.166490, -0.266011
0.794868, 1.000000, -0.182802, 0.000000
0.795028, 0.858972, -0.176946, -0.121246
0.795044, 0.093668, 0.607422, 0.065976
0.795756, 0.338010, -0.152429, -0.513162
0.796853, 0.406941, -0.153118, -0.462690
0.796964, 0.449151, -0.154873, -0.432725
0.797261, 0.700008, -0.165337, -0.246351
0.797768, 0.789005, -0.169936, -0.177484
0.798409, 0.122467, 0.612376, 0.089721
0.798500, 0.021641, 0.611400, 0.015499
0.798757, 0.494442, -0.155396, -0.399953
0.799598, 0.600352, -0.158863, -0.321468
0.800081, 0.722225, -0.164118, -0.229271
0.800257, 0.230229, -0.218767, -0.661430
0.801292, 0.930704, -0.175977, -0.060961
0.802492, 0.570103, -0.155237, -0.343723
0.802824, 0.294751, -0.131355, -0.530331
0.803621, 0.188766, 0.509404, 0.041767
0.804625, 0.834107, -0.167676, -0.142138
0.806001, 0.763821, -0.162252, -0.198182
0.806114, 0.627376, -0.155005, -0.301736
0.806522, 0.382500, -0.144830, -0.480404
0.806523, 0.518344, -0.150382, -0.382764
0.806692, 0.065448, 0.617214, 0.046871
0.808314, 0.976842, -0.172446, -0.020814
0.808395, 0.904492, -0.169273, -0.083909
0.808771, 0.147832, 0.607782, 0.095963
0.810404, 0.253959, -0.158910, -0.592489
0.810661, 0.472656, -0.145359, -0.416025
0.811434, 0.360165, -0.140193, -0.496377
0.811617, 0.000000, 0.621988, 0.000000
0.811660, 0.654938, -0.151782, -0.281169
0.812235, 0.426234, -0.142334, -0.449406
0.812809, 0.316305, -0.133072, -0.523415
0.814012, 0.042388, 0.622010, 0.029476
0.814182, 0.809037, -0.158170, -0.162689
0.814849, 0.878621, -0.162651, -0.106226
0.814862, 0.210602, -0.230147, -0.696520
0.815284, 0.544680, -0.144587, -0.363569
0.815553, 0.739126, -0.152654, -0.217073
0.815685, 0.682838, -0.149840, -0.260255
0.816284, 0.107283, 0.620762, 0.074271
0.817741, 0.952171, -0.164613, -0.042970
0.819498, 0.170617, 0.651022, 0.157778
0.819554, 0.085343, 0.623208, 0.058614
0.820168, 0.338002, -0.131648, -0.511264
0.820552, 1.000000, -0.163797, 0.000000
0.820790, 0.853549, -0.156231, -0.127454
0.820876, 0.448037, -0.136604, -0.433963
0.820976, 0.276914, -0.138909, -0.564006
0.822297, 0.587125, -0.140659, -0.332223
0.822362, 0.710672, -0.145944, -0.239560
0.822416, 0.783953, -0.150217, -0.183321
0.822992, 0.402583, -0.133419, -0.466963
0.823765, 0.129627, 0.644219, 0.107725
0.824830, 0.497307, -0.135424, -0.398543
0.824903, 0.925755, -0.157898, -0.066598
0.825024, 0.611160, -0.139473, -0.314512
0.826094, 0.021510, 0.629432, 0.015223
0.826749, 0.563482, -0.136349, -0.350031
0.826854, 0.233912, -0.128757, -0.590362
0.828261, 0.524378, -0.133674, -0.378626
0.829817, 0.636622, -0.136686, -0.295660
0.830232, 0.828357, -0.146640, -0.148369
0.831052, 0.299649, -0.127855, -0.544150
0.831112, 0.759357, -0.141350, -0.202411
0.831745, 0.377481, -0.126027, -0.485285
0.831922, 0.899185, -0.150775, -0.090085
0.831929, 0.061999, 0.635959, 0.045674
0.832692, 0.192125, -0.261772, -0.754661
0.834045, 0.662559, -0.134380, -0.276350
0.834124, 0.472176, -0.127358, -0.416794
0.834131, 0.973478, -0.153296, -0.024482
0.836412, 0.152052, 0.622979, 0.104089
0.837026, 0.687978, -0.133036, -0.257214
0.837238, 0.256905, -0.115954, -0.568924
0.837990, 0.352971, -0.120593, -0.502928
0.838329, 0.733668, -0.134310, -0.222826
0.838776, 0.872818, -0.143300, -0.112872
0.838828, 0.423140, -0.122290, -0.452914
0.838863, 0.000000, 0.642088, 0.000000
0.839207, 0.803338, -0.137821, -0.169070
0.840048, 0.324684, -0.119720, -0.524620
0.840848, 0.107202, 0.639626, 0.075416
0.841743, 0.946293, -0.146207, -0.049399
0.842078, 0.214317, -0.127774, -0.615352
0.842231, 0.447800, -0.120386, -0.434677
0.842256, 0.042529, 0.641538, 0.028680
0.842882, 0.083867, 0.635387, 0.053141
0.843777, 0.544029, -0.122297, -0.364623
0.844523, 1.000000, -0.146208, 0.000000
0.846086, 0.847162, -0.135205, -0.134369
0.847048, 0.514414, -0.118877, -0.386630
0.847055, 0.595756, -0.121614, -0.326899
0.847125, 0.172256, -0.294656, -0.812622
0.847506, 0.571506, -0.120351, -0.344676
0.847539, 0.711411, -0.125669, -0.239926
0.847553, 0.130549, 0.731517, 0.180673
0.847597, 0.778734, -0.129161, -0.188424
0.848020, 0.396769, -0.114506, -0.472007
0.848417, 0.919385, -0.139401, -0.073849
0.848623, 0.278202, -0.108562, -0.554635
0.850118, 0.619993, -0.120040, -0.308961
0.850690, 0.489351, -0.115276, -0.404975
0.853215, 0.020362, 0.645105, 0.013366
0.854060, 0.238619, -0.104353, -0.583309
0.854091, 0.644077, -0.117718, -0.291033
0.855494, 0.892330, -0.131517, -0.097858
0.855631, 0.753461, -0.121293, -0.208536
0.856078, 0.821706, -0.125267, -0.155640
0.856156, 0.300571, -0.104408, -0.539658
0.856990, 0.371001, -0.106977, -0.490686
0.857528, 0.667487, -0.115792, -0.273479
0.857565, 0.980656, -0.135166, -0.018413
0.859114, 0.066227, 0.658649, 0.053471
0.859874, 0.689804, -0.114686, -0.256548
0.859968, 0.464971, -0.107464, -0.423023
0.860689, 0.346178, -0.103271, -0.507981
0.861504, 0.195317, -0.083119, -0.599854
0.861896, 0.959903, -0.131606, -0.038060
0.862806, 0.438413, -0.104598, -0.442503
0.862916, 0.322249, -0.100589, -0.524735
0.862966, 0.865872, -0.122885, -0.120396
0.864377, 0.147441, -0.062883, -0.606098
0.864471, 0.729696, -0.112792, -0.226813
0.864509, 0.413805, -0.102621, -0.460328
0.864580, 0.093832, 0.623644, 0.031951
0.864968, 0.797434, -0.116083, -0.174950
0.865229, 0.531824, -0.105309, -0.374384
0.865914, 0.259125, -0.096761, -0.569725
0.866600, 0.000000, 0.666182, 0.000000
0.866834, 0.118591, 0.787130, 0.218954
0.866874, 0.219613, -0.089214, -0.591469
0.867324, 0.936365, -0.125983, -0.060171
0.867474, 0.041358, 0.660821, 0.028861
0.867733, 0.556622, -0.104094, -0.356344
0.869653, 0.171183, -0.045120, -0.583736
0.869847, 0.505383, -0.101014, -0.393892
0.870388, 0.582466, -0.102743, -0.337294
0.871115, 0.840075, -0.114155, -0.142084
0.871867, 1.000000, -0.125133, 0.000000
0.872011, 0.607045, -0.102212, -0.319159
0.872275, 0.910855, -0.119719, -0.083468
0.872382, 0.772510, -0.108555, -0.194762
0.873394, 0.387131, -0.095239, -0.479845
0.874619, 0.706767, -0.103482, -0.244432
0.875570, 0.631487, -0.100114, -0.301007
0.876260, 0.283885, -0.090489, -0.553120
0.877332, 0.481704, -0.094648, -0.411487
0.879282, 0.655818, -0.097901, -0.282894
0.879548, 0.884337, -0.110826, -0.106551
0.880910, 0.021089, 0.654530, 0.008806
0.881398, 0.747255, -0.099778, -0.214277
0.881892, 0.680464, -0.096616, -0.264476
0.882469, 0.060230, 0.678977, 0.053842
0.882967, 0.815058, -0.102261, -0.162332
0.882987, 0.360944, -0.087440, -0.498777
0.883180, 0.307216, -0.086112, -0.536925
0.883539, 0.333932, -0.086402, -0.517910
0.883993, 0.238088, -0.083700, -0.584826
0.884034, 0.977782, -0.115271, -0.022185
0.884157, 0.456123, -0.088817, -0.430382
0.885001, 0.082100, 0.655370, 0.041173
0.885247, 0.431919, -0.087402, -0.447774
0.887079, 0.209330, -0.083650, -0.607471
0.887473, 0.132363, -0.175201, -0.747450
0.887603, 0.858522, -0.101779, -0.128483
0.888133, 0.954370, -0.111059, -0.045156
0.888175, 0.521636, -0.087222, -0.382414
0.888351, 0.184911, -0.085586, -0.627330
0.888418, 0.405685, -0.084389, -0.466781
0.889039, 0.106301, 0.622550, 0.035494
0.889714, 0.157158, -0.096233, -0.658796
0.890326, 0.543765, -0.086048, -0.366143
0.890488, 0.264572, -0.079647, -0.566813
0.890648, 0.790837, -0.094401, -0.181648
0.890935, 0.723035, -0.090906, -0.233002
0.891632, 0.929136, -0.105874, -0.069203
0.891726, 0.568251, -0.085583, -0.348320
0.893826, 0.000000, 0.695015, 0.000000
0.894111, 0.593780, -0.084366, -0.329670
0.895467, 0.499512, -0.081120, -0.399118
0.895565, 0.903227, -0.099298, -0.092203
0.896084, 0.041746, 0.698831, 0.044324
0.896337, 0.834098, -0.092281, -0.148367
0.896757, 0.765312, -0.087929, -0.201292
0.896793, 0.619074, -0.082910, -0.311091
0.897790, 1.000000, -0.106066, 0.000000
0.898903, 0.381166, -0.075973, -0.484589
0.899014, 0.698146, -0.083381, -0.251997
0.900454, 0.644516, -0.080654, -0.292266
0.902063, 0.473917, -0.075500, -0.417922
0.902909, 0.670370, -0.079384, -0.273006
0.903950, 0.341863, -0.071333, -0.512386
0.904060, 0.291744, -0.070213, -0.547885
0.904074, 0.876980, -0.089301, -0.114844
0.906065, 0.423823, -0.071407, -0.453927
0.906076, 0.317278, -0.069256, -0.530044
0.907194, 0.739174, -0.078172, -0.221568
0.907446, 0.066320, 0.732871, 0.096722
0.908009, 0.221724, -0.065342, -0.596733
0.908303, 0.021864, 0.650822, -0.002422
0.909223, 0.245729, -0.065345, -0.580366
0.909335, 0.973592, -0.096061, -0.027989
0.909413, 0.447981, -0.069303, -0.436466
0.910210, 0.807475, -0.078906, -0.170060
0.910561, 0.090366, 0.277612, -0.335125
0.910840, 0.195801, -0.062227, -0.614244
0.910909, 0.169632, -0.062637, -0.633364
0.910921, 0.116991, -0.198430, -0.804820
0.911351, 0.142672, -0.076978, -0.667681
0.911796, 0.360885, -0.065865, -0.498864
0.912046, 0.946278, -0.091079, -0.055744
0.912115, 0.523603, -0.068681, -0.381843
0.913175, 0.551014, -0.068447, -0.362100
0.913241, 0.270300, -0.063027, -0.563091
0.913877, 0.855342, -0.078809, -0.132824
0.914007, 0.400595, -0.064977, -0.470852
0.914859, 0.577971, -0.067650, -0.342234
0.915080, 0.919639, -0.084495, -0.080188
0.915313, 0.781829, -0.073151, -0.189583
0.917032, 0.715786, -0.069229, -0.239599
0.917211, 0.496031, -0.064180, -0.401735
0.917496, 0.604723, -0.066088, -0.322435
0.918514, 0.830382, -0.072974, -0.152513
0.918611, 0.893746, -0.078120, -0.102332
0.920265, 0.756363, -0.067891, -0.209035
0.920448, 0.000000, 0.725894, 0.000000
0.920546, 0.631409, -0.064206, -0.302681
0.920907, 0.687902, -0.065232, -0.260541
0.921940, 0.046361, 0.826702, 0.153254
0.922011, 1.000000, -0.087887, 0.000000
0.923236, 0.658908, -0.062636, -0.282251
0.925736, 0.468729, -0.057176, -0.421851
0.927830, 0.379135, -0.054204, -0.486244
0.927843, 0.334684, -0.053535, -0.518025
0.927921, 0.425028, -0.054806, -0.453153
0.928945, 0.309093, -0.052339, -0.536300
0.932005, 0.285569, -0.049707, -0.552695
0.932291, 0.233166, -0.048713, -0.589392
0.932341, 0.208019, -0.048113, -0.606575
0.932477, 0.072390, 0.162095, -0.475957
0.932700, 0.100562, -0.097174, -0.732040
0.933226, 0.873172, -0.063333, -0.120517
0.933246, 0.154824, -0.041739, -0.638423
0.933281, 0.181426, -0.046027, -0.623927
0.933411, 0.022728, 0.683015, 0.046106
0.933481, 0.127808, -0.034002, -0.650604
0.933553, 0.956619, -0.074182, -0.048463
0.933604, 0.980178, -0.076509, -0.023018
0.934123, 0.258339, -0.047785, -0.571880
0.934556, 0.537186, -0.051359, -0.372047
0.935090, 0.734472, -0.054853, -0.226454
0.935468, 0.930351, -0.067797, -0.073403
0.935548, 0.791774, -0.056378, -0.183165
0.935701, 0.563524, -0.050852, -0.352799
0.935912, 0.512082, -0.049918, -0.390223
0.936293, 0.447862, -0.048771, -0.436955
0.936688, 0.816512, -0.056612, -0.164637
0.936868, 0.356155, -0.047132, -0.502986
0.937369, 0.845737, -0.057483, -0.141981
0.937685, 0.590212, -0.049697, -0.333250
0.937850, 0.902968, -0.061793, -0.096760
0.938551, 0.400596, -0.046435, -0.471059
0.938848, 0.705363, -0.050928, -0.248072
0.939062, 0.764726, -0.052332, -0.203593
0.939508, 0.486467, -0.046792, -0.408962
0.940187, 0.617352, -0.048133, -0.313301
0.941165, 0.675767, -0.048362, -0.269990
0.942137, 0.645520, -0.047031, -0.292499
0.946293, 0.045905, 0.617327, -0.053279
0.946582, 0.000000, 0.848347, 0.000000
0.949551, 1.000000, -0.064870, 0.000000
0.951394, 0.423620, -0.036997, -0.454784
0.951973, 0.325992, -0.035594, -0.525185
0.953980, 0.300131, -0.033835, -0.543345
0.954741, 0.377736, -0.034020, -0.487987
0.954906, 0.088508, -0.073055, -0.727322
0.955130, 0.273578, -0.032713, -0.561922
0.955227, 0.467551, -0.034484, -0.423058
0.955228, 0.194200, -0.032231, -0.617152
0.955300, 0.220408, -0.032140, -0.598953
0.955341, 0.114396, -0.030375, -0.667707
0.955571, 0.167527, -0.032567, -0.635849
0.955571, 0.140972, -0.033144, -0.653779
0.955658, 0.886034, -0.043748, -0.112421
0.955943, 0.246452, -0.031864, -0.580876
0.956012, 0.943411, -0.049979, -0.064650
0.956452, 0.971737, -0.055580, -0.036568
0.956623, 0.859363, -0.041000, -0.133063
0.956934, 0.747424, -0.036796, -0.217456
0.956988, 0.548911, -0.033922, -0.364048
0.957176, 0.064713, -0.081803, -0.753773
0.957292, 0.915272, -0.044743, -0.088896
0.957315, 0.830790, -0.039001, -0.154912
0.957618, 0.720106, -0.035644, -0.237707
0.957643, 0.522564, -0.033144, -0.383255
0.957940, 0.350625, -0.031366, -0.507288
0.958128, 0.575806, -0.033293, -0.344322
0.958361, 0.803122, -0.037059, -0.175814
0.958502, 0.776498, -0.036115, -0.195648
0.958607, 0.024143, 0.712831, 0.126656
0.959266, 0.496220, -0.031624, -0.402386
0.959511, 0.691224, -0.033575, -0.259084
0.959886, 0.603261, -0.032176, -0.324118
0.960225, 0.661484, -0.032564, -0.281036
0.960819, 0.443322, -0.029980, -0.440685
0.961131, 0.631646, -0.031479, -0.303159
0.962125, 0.402653, -0.028665, -0.470042
0.972154, 0.000000, 1.258835, 0.000000
0.974027, 1.000000, -0.043145, 0.000000
0.975577, 0.045739, -0.184092, -0.913392
0.976275, 0.313130, -0.017505, -0.534112
0.977286, 0.951897, -0.028351, -0.060241
0.977296, 0.287025, -0.016617, -0.552497
0.977382, 0.898160, -0.023435, -0.104777
0.977668, 0.099873, -0.010569, -0.686156
0.977678, 0.260395, -0.016187, -0.571112
0.977704, 0.180316, -0.015367, -0.626571
0.977706, 0.206890, -0.015729, -0.608220
0.977799, 0.126689, -0.014615, -0.665667
0.977847, 0.925588, -0.024823, -0.082913
0.977862, 0.153530, -0.014890, -0.645473
0.977899, 0.479043, -0.017101, -0.415397
0.977944, 0.366137, -0.016528, -0.496441
0.977950, 0.338238, -0.016399, -0.516330
0.977998, 0.233469, -0.015774, -0.589843
0.978068, 0.844097, -0.020571, -0.145930
0.978072, 0.871316, -0.021474, -0.125390
0.978409, 0.977288, -0.031453, -0.034791
0.978412, 0.760515, -0.018668, -0.208238
0.978698, 0.422802, -0.016208, -0.455830
0.978774, 0.732986, -0.018035, -0.228663
0.978863, 0.534687, -0.016604, -0.374634
0.978881, 0.561714, -0.016727, -0.354847
0.978882, 0.816544, -0.019161, -0.166506
0.979077, 0.073189, -0.029695, -0.736092
0.979162, 0.705106, -0.017431, -0.249278
0.979586, 0.676259, -0.016846, -0.270565
0.979630, 0.788570, -0.017999, -0.187331
0.979705, 0.589304, -0.016214, -0.334566
0.979773, 0.507321, -0.015761, -0.394614
0.979952, 0.647194, -0.016341, -0.291945
0.980192, 0.452276, -0.015193, -0.434556
0.980223, 0.392586, -0.014951, -0.477632
0.980489, 0.617849, -0.015738, -0.313545
0.982486, 0.020013, 0.006013, -0.674287
1.000000, 0.000000, 0.000000, 0.000000
1.000000, 0.030936, 0.000000, -0.635257
1.000000, 0.057655, 0.000000, -0.617649
1.000000, 0.085657, 0.000000, -0.662755
1.000000, 0.112697, 0.000000, -0.665435
1.000000, 0.139670, 0.000000, -0.651865
1.000000, 0.166581, 0.000000, -0.635284
1.000000, 0.193337, 0.000000, -0.617613
1.000000, 0.220045, 0.000000, -0.599405
1.000000, 0.246890, 0.000000, -0.580806
1.000000, 0.273566, 0.000000, -0.562238
1.000000, 0.300022, 0.000000, -0.543703
1.000000, 0.325974, 0.000000, -0.525501
1.000000, 0.352860, 0.000000, -0.506217
1.000000, 0.379982, 0.000000, -0.486883
1.000000, 0.408530, 0.000000, -0.466000
1.000000, 0.436563, 0.000000, -0.446061
1.000000, 0.465138, 0.000000, -0.425129
1.000000, 0.492364, 0.000000, -0.405626
1.000000, 0.520472, 0.000000, -0.384966
1.000000, 0.548014, 0.000000, -0.364974
1.000000, 0.575635, 0.000000, -0.344788
1.000000, 0.603888, 0.000000, -0.323978
1.000000, 0.632815, 0.000000, -0.302627
1.000000, 0.661550, 0.000000, -0.281564
1.000000, 0.690101, 0.000000, -0.260552
1.000000, 0.718336, 0.000000, -0.239733
1.000000, 0.746211, 0.000000, -0.219148
1.000000, 0.773780, 0.000000, -0.198788
1.000000, 0.801847, 0.000000, -0.177822
1.000000, 0.829313, 0.000000, -0.157543
1.000000, 0.856088, 0.000000, -0.137719
1.000000, 0.882475, 0.000000, -0.117912
1.000000, 0.907977, 0.000000, -0.098491
1.000000, 0.932670, 0.000000, -0.078767
1.000000, 0.955843, 0.000000, -0.058817
1.000000, 0.978099, 0.000000, -0.035388
1.000000, 1.000000, 0.000000, 0.000000
