0.000000, 0.000000, 0.000000, 0.000000
0.000000, 0.029021, 0.000000, 0.069044
0.000000, 0.056003, 0.000000, 0.108373
0.000000, 0.082472, 0.000000, 0.144358
0.000000, 0.109014, 0.000000, 0.179843
0.000000, 0.136105, 0.000000, 0.215673
0.000000, 0.164611, 0.000000, 0.253553
0.000000, 0.194376, 0.000000, 0.294698
0.000000, 0.222208, 0.000000, 0.331043
0.000000, 0.251923, 0.000000, 0.370302
0.000000, 0.281839, 0.000000, 0.409831
0.000000, 0.310797, 0.000000, 0.448261
0.000000, 0.337786, 0.000000, 0.482610
0.000000, 0.365748, 0.000000, 0.518368
0.000000, 0.393541, 0.000000, 0.552354
0.000000, 0.422563, 0.000000, 0.588511
0.000000, 0.450038, 0.000000, 0.621589
0.000000, 0.477148, 0.000000, 0.653478
0.000000, 0.504111, 0.000000, 0.684277
0.000000, 0.531347, 0.000000, 0.714658
0.000000, 0.558609, 0.000000, 0.744429
0.000000, 0.584626, 0.000000, 0.771469
0.000000, 0.610989, 0.000000, 0.798041
0.000000, 0.636910, 0.000000, 0.823053
0.000000, 0.662307, 0.000000, 0.845886
0.000000, 0.688824, 0.000000, 0.868395
0.000000, 0.715827, 0.000000, 0.889540
0.000000, 0.742847, 0.000000, 0.908680
0.000000, 0.769486, 0.000000, 0.925136
0.000000, 0.795477, 0.000000, 0.938406
0.000000, 0.820995, 0.000000, 0.948111
0.000000, 0.846479, 0.000000, 0.953888
0.000000, 0.872229, 0.000000, 0.955990
0.000000, 0.898064, 0.000000, 0.949858
0.000000, 0.923541, 0.000000, 0.914866
0.000000, 0.948427, 0.000000, 1.015461
0.000000, 0.973004, 0.000000, 1.353208
0.000000, 1.000000, 0.000000, 0.000000
0.018189, 0.178444, 0.027235, 0.272978
0.018281, 0.267328, 0.025623, 0.390646
0.018734, 0.236793, 0.026806, 0.350550
0.018896, 0.409359, 0.024089, 0.571481
0.019293, 0.984915, -0.791473, 0.152837
0.019452, 0.297296, 0.026790, 0.430199
0.019654, 0.019337, 0.046606, 0.045851
0.019874, 0.149502, 0.030689, 0.234143
0.020665, 0.544990, 0.022958, 0.728653
0.020922, 0.517765, 0.024038, 0.698687
0.021053, 0.350280, 0.027925, 0.498262
0.021135, 0.436918, 0.026309, 0.604893
0.021183, 0.729813, 0.015034, 0.898699
0.021238, 0.702259, 0.016802, 0.878199
0.021523, 0.463839, 0.026151, 0.636887
0.021614, 0.490545, 0.025568, 0.667866
0.021764, 0.379852, 0.028289, 0.535159
0.021802, 0.756596, 0.013377, 0.916191
0.021824, 0.597310, 0.022395, 0.783389
0.021913, 0.674763, 0.018900, 0.855742
0.022110, 0.121583, 0.035370, 0.196517
0.022149, 0.208174, 0.032412, 0.313239
0.022371, 0.885957, -0.005147, 0.951366
0.022583, 0.624419, 0.022054, 0.810129
0.022661, 0.912242, -0.017127, 0.937571
0.022725, 0.572255, 0.024318, 0.757833
0.022739, 0.044448, 0.045098, 0.088633
0.022768, 0.859830, 0.002065, 0.954562
0.022816, 0.783577, 0.011449, 0.931047
0.022823, 0.324628, 0.030892, 0.465918
0.023006, 0.095475, 0.038587, 0.161025
0.023281, 0.069970, 0.041723, 0.125743
0.023377, 0.937588, 0.112385, 1.031456
0.023454, 0.834113, 0.005237, 0.949698
0.023533, 0.808963, 0.008694, 0.941938
0.023741, 0.648317, 0.021907, 0.832354
0.023811, 0.961293, -0.005027, 0.866225
0.027795, 0.000000, 0.067594, 0.000000
0.032728, 1.000000, -0.947105, 0.000000
0.036759, 0.253549, 0.052005, 0.372326
0.037405, 0.282760, 0.051979, 0.411034
0.038200, 0.186654, 0.056622, 0.282598
0.038341, 0.400010, 0.049100, 0.559806
0.039483, 0.361481, 0.052028, 0.511878
0.040004, 0.161515, 0.060631, 0.248705
0.041235, 0.227539, 0.059417, 0.337995
0.041866, 0.557627, 0.045526, 0.742047
0.041888, 0.135269, 0.065311, 0.213390
0.041922, 0.716834, 0.031310, 0.887689
0.041932, 0.610503, 0.041779, 0.795640
0.042067, 0.531238, 0.047412, 0.713676
0.042143, 0.425026, 0.052915, 0.590683
0.042220, 0.688823, 0.034810, 0.866007
0.042281, 0.504629, 0.049179, 0.684041
0.042649, 0.309370, 0.058224, 0.445532
0.043108, 0.026966, 0.085823, 0.053460
0.043299, 0.451109, 0.053148, 0.622040
0.043413, 0.770163, 0.024215, 0.921398
0.043564, 0.743133, 0.028725, 0.905421
0.043582, 0.477199, 0.052156, 0.652564
0.044124, 0.660426, 0.039397, 0.842003
0.044142, 0.900916, -0.016829, 0.939054
0.044823, 0.874262, -0.009060, 0.940504
0.045194, 0.928399, 0.100444, 1.061994
0.045648, 0.978298, -1.070467, -0.124359
0.045654, 0.054995, 0.082039, 0.099382
0.045720, 0.107484, 0.073786, 0.175000
0.045957, 0.848114, 0.008185, 0.948549
0.046430, 0.585445, 0.048359, 0.770498
0.046816, 0.081883, 0.078913, 0.138895
0.046856, 0.797383, 0.020603, 0.933811
0.047154, 0.335929, 0.063202, 0.479065
0.047368, 0.954749, -0.560763, 0.399630
0.047404, 0.822351, 0.015458, 0.942976
0.049148, 0.633976, 0.046663, 0.817912
0.049440, 0.204381, 0.072301, 0.306231
0.050685, 0.382642, 0.065791, 0.537784
0.051706, 0.000000, 0.101102, 0.000000
0.056084, 0.268467, 0.078460, 0.390719
0.059642, 1.000000, -0.877795, 0.000000
0.061108, 0.176389, 0.090909, 0.267402
0.061181, 0.245439, 0.086797, 0.359927
0.062059, 0.291743, 0.085614, 0.421452
0.062131, 0.409234, 0.078990, 0.570095
0.062153, 0.704678, 0.048247, 0.875255
0.062621, 0.676033, 0.053436, 0.852408
0.062828, 0.357928, 0.082872, 0.505810
0.063155, 0.566832, 0.067658, 0.749081
0.063188, 0.150920, 0.096120, 0.232988
0.063369, 0.491674, 0.074644, 0.667184
0.063456, 0.124141, 0.098974, 0.195738
0.063850, 0.607850, 0.063839, 0.790799
0.064253, 0.517996, 0.073487, 0.696605
0.064449, 0.542662, 0.071460, 0.723340
0.064835, 0.436996, 0.080513, 0.603449
0.065005, 0.916045, 0.042728, 0.995039
0.065082, 0.756590, 0.038962, 0.908833
0.065652, 0.729700, 0.045647, 0.892123
0.065684, 0.782337, 0.031941, 0.921394
0.065933, 0.463256, 0.079863, 0.634133
0.066168, 0.020295, 0.119217, 0.036657
0.066303, 0.889203, 0.006340, 0.955098
0.066808, 0.316489, 0.090739, 0.453663
0.066952, 0.221048, 0.096442, 0.327219
0.067097, 0.945212, -0.896742, 0.056430
0.067411, 0.043396, 0.119011, 0.075871
0.067822, 0.863042, -0.020526, 0.916723
0.068497, 0.650547, 0.062502, 0.829714
0.069047, 0.069167, 0.116200, 0.116487
0.069561, 0.837080, 0.005245, 0.927873
0.070399, 0.974915, -1.001782, -0.040013
0.070706, 0.095641, 0.113704, 0.154450
0.071761, 0.811158, 0.023744, 0.929161
0.072791, 0.195719, 0.106542, 0.292753
0.073150, 0.382082, 0.094733, 0.535025
0.074854, 0.585490, 0.077825, 0.767170
0.075997, 0.338155, 0.101673, 0.480625
0.077068, 0.627354, 0.074018, 0.807190
0.078350, 0.000000, 0.138610, 0.000000
0.079247, 0.268443, 0.110640, 0.389483
0.080655, 0.692213, 0.065026, 0.861313
0.083434, 0.480335, 0.099332, 0.652065
0.084089, 0.240144, 0.119388, 0.351602
0.084248, 0.402840, 0.107335, 0.559806
0.084316, 0.116180, 0.131480, 0.182150
0.085003, 0.929408, -0.991372, -0.041027
0.085197, 0.167845, 0.126904, 0.253868
0.085231, 0.141670, 0.129952, 0.218246
0.085237, 0.295351, 0.116949, 0.424188
0.085256, 1.000000, -0.910857, 0.000000
0.085453, 0.507308, 0.098796, 0.682401
0.085658, 0.426167, 0.107143, 0.588547
0.086042, 0.791631, 0.037199, 0.916822
0.086299, 0.558616, 0.093325, 0.737613
0.086780, 0.743334, 0.055833, 0.894693
0.087220, 0.668316, 0.075601, 0.840865
0.087519, 0.533456, 0.097999, 0.710959
0.087707, 0.903879, -0.153020, 0.783643
0.087801, 0.958216, -0.902933, 0.052704
0.088073, 0.715702, 0.064666, 0.876806
0.088291, 0.361273, 0.116080, 0.508788
0.089060, 0.451182, 0.108929, 0.617752
0.089299, 0.766739, 0.048805, 0.905668
0.089659, 0.878833, 0.114459, 1.047171
0.090262, 0.026085, 0.152552, 0.043869
0.090291, 0.603964, 0.090564, 0.783007
0.091002, 0.052791, 0.151235, 0.087088
0.091324, 0.215954, 0.131653, 0.318988
0.091484, 0.853920, 0.023101, 0.943030
0.092624, 0.079184, 0.149297, 0.127509
0.093492, 0.318899, 0.126250, 0.453820
0.093687, 0.829323, 0.011471, 0.913142
0.094440, 0.190778, 0.138255, 0.284456
0.095224, 0.645736, 0.087261, 0.820127
0.098998, 0.979956, -0.967040, -0.004960
0.099553, 0.577985, 0.104183, 0.755778
0.099717, 0.383591, 0.128829, 0.535336
0.100205, 0.254105, 0.140822, 0.368899
0.100937, 0.101106, 0.157984, 0.158277
0.101784, 0.807777, 0.031470, 0.911118
0.102186, 0.000000, 0.169627, 0.000000
0.102939, 0.690997, 0.082028, 0.854610
0.103137, 0.470945, 0.123544, 0.639351
0.103346, 0.341842, 0.137350, 0.482175
0.103482, 0.278518, 0.143379, 0.401166
0.104642, 0.942015, -0.910438, 0.040923
0.104760, 0.623694, 0.100535, 0.798608
0.105945, 0.496374, 0.123516, 0.668312
0.106334, 0.733476, 0.070003, 0.881077
0.107110, 0.127287, 0.163765, 0.195335
0.107576, 0.408672, 0.136159, 0.565154
0.107918, 0.152880, 0.161953, 0.231452
0.108476, 0.522705, 0.122536, 0.697257
0.109381, 0.918435, -1.059068, -0.117173
0.109556, 0.781986, 0.049287, 0.901605
0.109949, 0.432631, 0.136389, 0.593815
0.110044, 0.550254, 0.119752, 0.726174
0.111218, 0.231120, 0.158194, 0.337106
0.111936, 0.301134, 0.152852, 0.430056
0.111937, 0.894895, -0.689844, 0.227619
0.112044, 0.667361, 0.095871, 0.833959
0.112213, 0.176882, 0.165290, 0.263835
0.113718, 0.870985, -0.037940, 0.866713
0.113750, 1.000000, -0.944204, 0.000000
0.114168, 0.041166, 0.184406, 0.065612
0.114243, 0.756364, 0.063943, 0.889471
0.114591, 0.066130, 0.182708, 0.104398
0.114752, 0.019568, 0.185748, 0.031595
0.114869, 0.205076, 0.166309, 0.302427
0.115000, 0.599703, 0.115251, 0.774033
0.115051, 0.364628, 0.150360, 0.509668
0.115169, 0.711023, 0.083900, 0.864105
0.115887, 0.847067, 0.088672, 0.985920
0.116363, 0.961905, -0.949045, 0.004149
0.118244, 0.454013, 0.143712, 0.617610
0.120696, 0.323939, 0.162307, 0.458591
0.121138, 0.824318, 0.025695, 0.903157
0.121320, 0.644923, 0.109774, 0.813013
0.121363, 0.088597, 0.189557, 0.137644
0.121810, 0.258654, 0.170322, 0.373058
0.122916, 0.575286, 0.128273, 0.748666
0.124460, 0.389249, 0.159579, 0.539098
0.126015, 0.479781, 0.149045, 0.646001
0.126935, 0.112600, 0.194287, 0.171865
0.127419, 0.800214, 0.036603, 0.888436
0.127969, 0.688095, 0.100940, 0.843864
0.128623, 0.937858, -0.914895, 0.027892
0.128893, 0.505329, 0.148092, 0.674038
0.129048, 0.980522, -0.956290, 0.001181
0.129259, 0.000000, 0.207280, 0.000000
0.129632, 0.281273, 0.178648, 0.402006
0.130009, 0.732648, 0.082965, 0.869755
0.130339, 0.622313, 0.123848, 0.790825
0.130460, 0.138032, 0.196170, 0.207821
0.130920, 0.346487, 0.173252, 0.486108
0.131275, 0.530757, 0.146028, 0.701106
0.131453, 0.414123, 0.165092, 0.568441
0.132835, 0.162678, 0.196551, 0.242210
0.133330, 0.775470, 0.059338, 0.883695
0.133821, 0.913635, -0.953385, -0.023561
0.134123, 0.238932, 0.189572, 0.345544
0.134215, 0.189175, 0.195161, 0.278201
0.135111, 0.553930, 0.145361, 0.724199
0.135848, 0.889483, -1.030522, -0.122663
0.136232, 0.216628, 0.194988, 0.315451
0.136239, 0.051190, 0.213395, 0.079079
0.136873, 0.436869, 0.168431, 0.594554
0.137908, 0.865374, -0.524188, 0.354980
0.138029, 0.304760, 0.187318, 0.431588
0.138058, 0.665693, 0.116493, 0.823726
0.139276, 0.599672, 0.138246, 0.767698
0.139360, 0.023814, 0.219612, 0.037095
0.140847, 0.370509, 0.183036, 0.514885
0.141233, 0.709119, 0.100654, 0.851424
0.141711, 0.841753, 0.041628, 0.904176
0.141833, 0.752422, 0.077420, 0.871506
0.142091, 0.074626, 0.219759, 0.114048
0.142478, 1.000000, -0.954261, 0.000000
0.143226, 0.461362, 0.172053, 0.621845
0.143248, 0.957777, -0.951928, -0.006747
0.146795, 0.817700, 0.080597, 0.929647
0.147203, 0.259793, 0.205284, 0.372089
0.147362, 0.578257, 0.151807, 0.744938
0.147385, 0.643264, 0.131856, 0.802656
0.147559, 0.327733, 0.197100, 0.459805
0.147866, 0.098596, 0.225685, 0.149208
0.149061, 0.487043, 0.174090, 0.649575
0.149406, 0.395309, 0.190303, 0.544031
0.152054, 0.123487, 0.228618, 0.184628
0.152146, 0.512346, 0.172394, 0.676340
0.153058, 0.794155, 0.042954, 0.865493
0.153157, 0.933408, -0.930473, -0.001169
0.153806, 0.686809, 0.118664, 0.831305
0.154374, 0.000000, 0.240869, 0.000000
0.154565, 0.284341, 0.212289, 0.403489
0.154592, 0.148773, 0.229085, 0.220174
0.154916, 0.203442, 0.222340, 0.295169
0.155045, 0.175062, 0.226414, 0.256814
0.155486, 0.728855, 0.097104, 0.852883
0.156231, 0.620802, 0.147126, 0.780777
0.156663, 0.977459, -0.951484, -0.003033
0.156822, 0.535408, 0.172157, 0.699249
0.156903, 0.040269, 0.242529, 0.061150
0.157089, 0.351505, 0.206233, 0.488441
0.157297, 0.419433, 0.196153, 0.571641
0.157862, 0.907760, -0.909342, 0.001992
0.158213, 0.234305, 0.223248, 0.336587
0.158701, 0.771257, 0.063555, 0.858392
0.159409, 0.557252, 0.169252, 0.720684
0.159795, 0.883527, -0.946904, -0.053884
0.161802, 0.443399, 0.197262, 0.598699
0.162704, 0.859238, -1.001586, -0.138039
0.163799, 0.062289, 0.250850, 0.093669
0.164030, 0.307781, 0.221784, 0.432563
0.164039, 0.664131, 0.136067, 0.811130
0.165368, 0.598345, 0.162801, 0.757897
0.166162, 0.376264, 0.213997, 0.517667
0.166794, 0.834148, -0.432621, 0.395053
0.167355, 0.469039, 0.198646, 0.626686
0.168037, 0.020230, 0.258340, 0.030699
0.168453, 0.707116, 0.115724, 0.833920
0.168707, 0.747832, 0.085982, 0.846897
0.169114, 0.084688, 0.256159, 0.126251
0.169357, 1.000000, -0.950954, 0.000000
0.169743, 0.262462, 0.235413, 0.372614
0.169941, 0.953452, -0.945173, -0.012957
0.171976, 0.496101, 0.197795, 0.655434
0.173134, 0.810865, 0.115856, 0.922805
0.173351, 0.331656, 0.230474, 0.461560
0.173410, 0.575564, 0.177625, 0.734431
0.173457, 0.108841, 0.260274, 0.161304
0.173461, 0.641540, 0.152994, 0.790356
0.173762, 0.215554, 0.246816, 0.309221
0.174938, 0.401037, 0.220657, 0.546118
0.175051, 0.187624, 0.252646, 0.271620
0.176626, 0.134592, 0.261636, 0.197639
0.176642, 0.926067, -0.930611, -0.019271
0.177243, 0.160210, 0.259335, 0.233483
0.177436, 0.521517, 0.197253, 0.680763
0.179718, 0.286545, 0.245374, 0.402634
0.179840, 0.788246, 0.085358, 0.874766
0.180105, 0.684417, 0.135745, 0.815002
0.181667, 0.000000, 0.278221, 0.000000
0.181678, 0.243509, 0.253948, 0.345665
0.182138, 0.618750, 0.169425, 0.768755
0.182157, 0.043438, 0.277193, 0.064668
0.182172, 0.979942, -0.945386, -0.006446
0.182258, 0.356618, 0.237835, 0.491266
0.182281, 0.548326, 0.194625, 0.705697
0.182675, 0.900313, -0.910785, -0.022243
0.182893, 0.727404, 0.106981, 0.830604
0.183020, 0.425690, 0.225701, 0.573679
0.183489, 0.766221, 0.057121, 0.821211
0.183900, 0.876784, -0.888865, -0.020497
0.185307, 0.449808, 0.223189, 0.600595
0.186121, 0.849728, -0.894040, -0.050989
0.189310, 0.310611, 0.254303, 0.432071
0.189687, 0.477985, 0.221575, 0.631017
0.190365, 0.661570, 0.154721, 0.795334
0.190562, 0.067297, 0.287282, 0.099196
0.191208, 0.595562, 0.186263, 0.745750
0.191307, 0.381890, 0.244587, 0.520518
0.193470, 0.825474, -0.993589, -0.189818
0.193547, 0.962368, -0.939038, -0.014853
0.194325, 0.091229, 0.290075, 0.133443
0.194703, 0.225487, 0.274054, 0.319865
0.194936, 0.022423, 0.294721, 0.033213
0.195258, 0.704732, 0.130802, 0.815084
0.195313, 0.200241, 0.278493, 0.285899
0.195507, 0.940119, -0.931926, -0.023152
0.195605, 0.571597, 0.199317, 0.722817
0.195925, 0.266223, 0.269922, 0.373792
0.196113, 0.502994, 0.221807, 0.655845
0.196920, 0.118756, 0.291485, 0.173033
0.196959, 0.173813, 0.284493, 0.249704
0.197499, 0.747958, 0.095250, 0.823184
0.197581, 1.000000, -0.941312, 0.000000
0.197957, 0.336002, 0.261202, 0.462638
0.199565, 0.637914, 0.173318, 0.774510
0.199983, 0.801083, -0.391960, 0.370093
0.200053, 0.530875, 0.217385, 0.683093
0.200299, 0.407200, 0.250358, 0.548790
0.200491, 0.146052, 0.292575, 0.210622
0.202061, 0.915417, -0.919484, -0.033324
0.204291, 0.866341, -0.884687, -0.043270
0.205201, 0.289189, 0.278383, 0.401927
0.205207, 0.459213, 0.243655, 0.606154
0.205883, 0.774188, 0.244279, 0.982818
0.206548, 0.682484, 0.149848, 0.795533
0.206908, 0.361353, 0.267778, 0.492277
0.207343, 0.046642, 0.311377, 0.068210
0.207681, 0.613008, 0.191655, 0.752233
0.207790, 0.000000, 0.313478, 0.000000
0.208785, 0.433013, 0.254287, 0.576147
0.208991, 0.555754, 0.217332, 0.703374
0.209016, 0.725261, 0.115880, 0.806617
0.209391, 0.246164, 0.291156, 0.345691
0.209501, 0.891465, -0.904768, -0.044397
0.212096, 0.981279, -0.933397, -0.009221
0.212152, 0.843172, -0.854082, -0.040840
0.213462, 0.315322, 0.284562, 0.433732
0.214727, 0.483350, 0.247473, 0.629613
0.215630, 0.219354, 0.303218, 0.308802
0.215723, 0.099156, 0.317923, 0.142753
0.215910, 0.659060, 0.170434, 0.777108
0.216037, 0.585932, 0.210822, 0.726745
0.216175, 0.385836, 0.274030, 0.519798
0.216777, 0.071238, 0.322104, 0.102970
0.216952, 0.512787, 0.240575, 0.659104
0.217278, 0.958919, -0.928179, -0.021022
0.217573, 0.193445, 0.309864, 0.273800
0.218870, 0.168444, 0.314264, 0.239006
0.219663, 0.819353, -0.869958, -0.087728
0.219994, 0.934028, -0.920215, -0.033215
0.220359, 0.023394, 0.328854, 0.033967
0.220545, 0.124631, 0.322392, 0.178496
0.221596, 0.748163, 0.125191, 0.827424
0.222433, 0.341017, 0.291051, 0.464061
0.222503, 0.703501, 0.127392, 0.778725
0.223147, 0.267641, 0.305871, 0.371593
0.223405, 0.793395, -0.961390, -0.222986
0.224190, 0.634357, 0.191314, 0.757448
0.224808, 0.410388, 0.278569, 0.546577
0.224975, 0.537782, 0.239397, 0.680207
0.225772, 0.146415, 0.327046, 0.208337
0.225978, 0.456164, 0.267458, 0.597185
0.226045, 0.870393, -0.887264, -0.061575
0.226790, 1.000000, -0.926841, 0.000000
0.228086, 0.294529, 0.307191, 0.404763
0.228298, 0.910968, -0.907881, -0.046087
0.229843, 0.768465, -0.293509, 0.400670
0.230519, 0.609641, 0.210111, 0.736973
0.231256, 0.564219, 0.233966, 0.701004
0.232056, 0.047193, 0.344449, 0.067842
0.232339, 0.680522, 0.159692, 0.771984
0.232350, 0.364513, 0.298258, 0.490449
0.232532, 0.239141, 0.322774, 0.332570
0.233459, 0.000000, 0.347623, 0.000000
0.234183, 0.498030, 0.262875, 0.638050
0.234376, 0.726215, 0.099466, 0.764865
0.234525, 0.848218, -0.858554, -0.062367
0.235359, 0.432799, 0.284745, 0.568944
0.236636, 0.086685, 0.347375, 0.123439
0.236893, 0.212658, 0.332842, 0.296862
0.237502, 0.321455, 0.313969, 0.436792
0.238464, 0.953503, -0.915642, -0.027867
0.239029, 0.890673, -0.893592, -0.059426
0.240356, 0.185926, 0.340338, 0.259688
0.240367, 0.977639, -0.918197, -0.013521
0.240414, 0.655339, 0.184753, 0.756073
0.240606, 0.109986, 0.350222, 0.155665
0.240872, 0.476434, 0.277074, 0.613441
0.241151, 0.388418, 0.303100, 0.516576
0.241409, 0.587240, 0.230757, 0.714086
0.242639, 0.521114, 0.262408, 0.657391
0.242664, 0.827510, -0.850507, -0.083783
0.244314, 0.804762, -0.824431, -0.086009
0.244469, 0.163612, 0.349980, 0.229725
0.245599, 0.023221, 0.362421, 0.033095
0.246031, 0.931077, -0.906014, -0.041988
0.246459, 0.066664, 0.362172, 0.094673
0.247191, 0.255856, 0.338887, 0.351680
0.247460, 0.278862, 0.334861, 0.381058
0.247665, 0.135763, 0.356961, 0.190761
0.248323, 0.780111, -0.849558, -0.141623
0.248851, 0.343579, 0.323200, 0.461405
0.248873, 0.701754, 0.188748, 0.806115
0.248980, 0.631843, 0.206044, 0.736993
0.249165, 0.750157, -0.321261, 0.329082
0.249365, 0.545226, 0.257848, 0.676141
0.250722, 0.454288, 0.295009, 0.587300
0.250845, 0.411037, 0.308273, 0.539855
0.251293, 0.303718, 0.334847, 0.411693
0.251725, 0.868498, -0.877439, -0.077334
0.254036, 1.000000, -0.910741, 0.000000
0.254643, 0.609994, 0.225602, 0.720903
0.256243, 0.674153, 0.171174, 0.745065
0.256551, 0.910112, -0.893400, -0.056948
0.257238, 0.725989, 0.362187, 0.986698
0.257253, 0.228241, 0.356592, 0.313783
0.257346, 0.568316, 0.252522, 0.690744
0.257748, 0.367277, 0.328158, 0.487492
0.257962, 0.202572, 0.361175, 0.279478
0.258168, 0.500090, 0.285611, 0.630474
0.259056, 0.044574, 0.380178, 0.062975
0.259307, 0.000000, 0.381540, 0.000000
0.260415, 0.955847, -0.902584, -0.029980
0.261058, 0.845569, -0.857099, -0.089990
0.262083, 0.090180, 0.381041, 0.126394
0.262290, 0.432673, 0.314456, 0.560115
0.262893, 0.116893, 0.378892, 0.163066
0.264495, 0.154956, 0.377078, 0.215093
0.265756, 0.478457, 0.301893, 0.606466
0.265812, 0.323386, 0.348975, 0.433262
0.266409, 0.649085, 0.196682, 0.726950
0.266890, 0.767218, -0.749178, -0.075637
0.266944, 0.888754, -0.878816, -0.072772
0.266955, 0.524321, 0.282968, 0.648748
0.267202, 0.820378, -0.833268, -0.099904
0.267245, 0.389905, 0.333085, 0.511057
0.267511, 0.180911, 0.378079, 0.249949
0.267542, 0.592616, 0.245105, 0.701524
0.268199, 0.796131, -0.821421, -0.117492
0.268251, 0.978363, -0.900382, -0.015061
0.268970, 0.248564, 0.368214, 0.338170
0.271093, 0.293725, 0.361711, 0.394878
0.271633, 0.932642, -0.890734, -0.047111
0.272014, 0.022053, 0.397201, 0.030884
0.272062, 0.692038, 0.130095, 0.703937
0.272066, 0.271676, 0.368050, 0.367448
0.272927, 0.066737, 0.396956, 0.093150
0.274413, 0.456410, 0.318939, 0.580607
0.274576, 0.547593, 0.277255, 0.664063
0.274587, 0.347239, 0.353633, 0.459628
0.275392, 0.622454, 0.228384, 0.713530
0.276787, 0.740812, -0.964832, -0.347023
0.276850, 0.713463, 0.014842, 0.592947
0.277480, 0.136693, 0.395953, 0.188655
0.277505, 0.865587, -0.862401, -0.090715
0.277545, 0.411715, 0.337986, 0.532204
0.278587, 0.208805, 0.387794, 0.284953
0.281569, 1.000000, -0.891497, 0.000000
0.281645, 0.571977, 0.267402, 0.677239
0.282219, 0.670004, 0.166669, 0.701997
0.282575, 0.503016, 0.307009, 0.622259
0.282837, 0.107162, 0.406279, 0.147856
0.283509, 0.910221, -0.876891, -0.065177
0.284252, 0.369850, 0.358699, 0.483229
0.284989, 0.955516, -0.885596, -0.033552
0.285054, 0.231719, 0.391742, 0.313404
0.285054, 0.839298, -0.843784, -0.108403
0.285439, 0.043929, 0.414598, 0.060981
0.285876, 0.000000, 0.416171, 0.000000
0.286379, 0.308116, 0.377451, 0.409245
0.286740, 0.163907, 0.405272, 0.224410
0.287421, 0.786447, -0.804677, -0.133362
0.288043, 0.434002, 0.341509, 0.552270
0.288871, 0.762497, -0.745451, -0.103052
0.289041, 0.598976, 0.249722, 0.685575
0.289865, 0.481418, 0.323781, 0.598699
0.290073, 0.085487, 0.417774, 0.117771
0.290418, 0.644708, 0.220266, 0.714105
0.291515, 0.813647, -0.820714, -0.121314
0.292012, 0.526249, 0.302818, 0.636916
0.292615, 0.189367, 0.409055, 0.257242
0.292776, 0.330239, 0.379882, 0.434640
0.292842, 0.257824, 0.396824, 0.345453
0.292989, 0.887326, -0.862441, -0.083754
0.294213, 0.391619, 0.363214, 0.504558
0.295490, 0.978149, -0.880352, -0.017082
0.296874, 0.457529, 0.341044, 0.572323
0.297090, 0.283838, 0.396715, 0.377272
0.297617, 0.125429, 0.423690, 0.171229
0.297626, 0.693809, 0.087332, 0.615542
0.297738, 0.932217, -0.872215, -0.052827
0.298259, 0.721911, -0.791562, -0.218715
0.298611, 0.021448, 0.431768, 0.029492
0.298750, 0.550787, 0.292700, 0.650959
0.300603, 0.860108, -0.846180, -0.104327
0.300675, 0.063938, 0.433264, 0.087717
0.300970, 0.621485, 0.223611, 0.672882
0.302113, 0.352127, 0.384809, 0.457784
0.303875, 0.147904, 0.428947, 0.200541
0.303994, 0.213993, 0.419771, 0.287582
0.304024, 0.575830, 0.277931, 0.662763
0.304125, 0.413151, 0.366428, 0.524248
0.304271, 0.745447, -0.752705, -0.150749
0.305316, 0.666707, 0.255352, 0.758302
0.308522, 0.504957, 0.328149, 0.609832
0.308881, 1.000000, -0.870314, 0.000000
0.309144, 0.794786, -0.801491, -0.144769
0.309279, 0.835188, -0.828455, -0.124174
0.309376, 0.238680, 0.421163, 0.317677
0.309697, 0.104971, 0.441411, 0.142521
0.309794, 0.308409, 0.406006, 0.403959
0.310349, 0.955749, -0.866257, -0.036481
0.310394, 0.909002, -0.857498, -0.073221
0.311251, 0.771441, -0.775091, -0.149143
0.311336, 0.172571, 0.435710, 0.232390
0.312089, 0.374032, 0.389238, 0.479437
0.312578, 0.041585, 0.449617, 0.056694
0.312902, 0.000000, 0.450901, 0.000000
0.312991, 0.480008, 0.345576, 0.585766
0.313525, 0.599034, 0.263554, 0.666464
0.313550, 0.434674, 0.367580, 0.542476
0.315339, 0.879893, -0.844163, -0.096744
0.315768, 0.641776, 0.159176, 0.613461
0.315896, 0.264645, 0.423910, 0.348952
0.316220, 0.530481, 0.318355, 0.624512
0.317572, 0.084346, 0.453711, 0.114299
0.318834, 0.331856, 0.410101, 0.429087
0.319123, 0.456344, 0.363211, 0.560908
0.319176, 0.196078, 0.441637, 0.261597
0.319313, 0.813869, -0.808701, -0.140685
0.319415, 0.709494, -0.807448, -0.270229
0.322094, 0.395993, 0.392235, 0.499632
0.322208, 0.684443, -0.456046, 0.028966
0.322436, 0.128827, 0.455656, 0.173185
0.322517, 0.978261, -0.858411, -0.018595
0.322703, 0.555069, 0.304268, 0.635097
0.323263, 0.933398, -0.852439, -0.056587
0.323589, 0.288739, 0.427561, 0.376640
0.324182, 0.734267, -0.719642, -0.155558
0.325578, 0.855542, -0.827505, -0.117906
0.326201, 0.020270, 0.467218, 0.027357
0.327357, 0.061448, 0.467605, 0.082841
0.327531, 0.618471, 0.265166, 0.674729
0.328045, 0.577966, 0.285632, 0.640346
0.328797, 0.154123, 0.459907, 0.205481
0.328872, 0.354788, 0.414325, 0.452089
0.329563, 0.221301, 0.450696, 0.292231
0.329610, 0.759076, -0.762192, -0.173236
0.330568, 0.660488, 0.138646, 0.582736
0.330960, 0.895508, -0.837007, -0.089397
0.331782, 0.418375, 0.393022, 0.518621
0.332554, 0.491868, 0.355401, 0.584556
0.333030, 0.787343, -0.783819, -0.164228
0.333260, 0.244976, 0.449416, 0.320581
0.334591, 0.515633, 0.340873, 0.600749
0.335389, 0.108056, 0.473624, 0.144167
0.335467, 0.311864, 0.435366, 0.400913
0.336197, 1.000000, -0.847193, 0.000000
0.336529, 0.956482, -0.844470, -0.038676
0.336655, 0.833828, -0.810014, -0.138463
0.337058, 0.177592, 0.467369, 0.234935
0.338176, 0.466563, 0.375171, 0.560198
0.339348, 0.377651, 0.417566, 0.473316
0.339432, 0.916104, -0.835576, -0.074055
0.340205, 0.039851, 0.484848, 0.053317
0.340243, 0.596660, 0.268015, 0.631812
0.340434, 0.270165, 0.452265, 0.349815
0.340473, 0.441724, 0.390304, 0.536851
0.340735, 0.000000, 0.486447, 0.000000
0.341799, 0.540753, 0.325181, 0.610214
0.342147, 0.082467, 0.484898, 0.109889
0.342293, 0.872772, -0.821086, -0.110904
0.342309, 0.636401, 0.402124, 0.812639
0.342832, 0.811122, -0.793161, -0.155969
0.342893, 0.698479, -0.635470, -0.142793
0.343883, 0.202711, 0.471018, 0.265585
0.344250, 0.722484, -0.735856, -0.211528
0.345212, 0.334978, 0.439269, 0.424328
0.345859, 0.136032, 0.484514, 0.179949
0.348217, 0.566793, 0.302606, 0.614315
0.349192, 0.400769, 0.418168, 0.493156
0.349260, 0.676530, -0.827417, -0.367397
0.349703, 0.978586, -0.834558, -0.019700
0.350115, 0.745691, -0.736406, -0.189792
0.350917, 0.292080, 0.458879, 0.373175
0.351546, 0.937075, -0.828650, -0.057742
0.352056, 0.771292, -0.763012, -0.185737
0.353505, 0.850094, -0.804534, -0.132795
0.354031, 0.059622, 0.501168, 0.078874
0.354601, 0.020082, 0.503351, 0.026587
0.355371, 0.358204, 0.442097, 0.446193
0.355383, 0.158701, 0.492686, 0.207688
0.355711, 0.616636, 0.269528, 0.638423
0.355885, 0.653221, -0.548223, -0.147535
0.355928, 0.475919, 0.384018, 0.557028
0.356075, 0.894388, -0.815916, -0.096648
0.356086, 0.498873, 0.368179, 0.573786
0.356248, 0.250889, 0.476009, 0.322656
0.356298, 0.228089, 0.481790, 0.295011
0.358026, 0.425025, 0.415003, 0.512287
0.359081, 0.796622, -0.774094, -0.174260
0.359294, 0.099523, 0.504254, 0.130727
0.359982, 0.522029, 0.351822, 0.584681
0.360120, 0.121538, 0.503341, 0.159218
0.361282, 0.183633, 0.496289, 0.238557
0.361597, 0.590189, 0.274107, 0.597972
0.361677, 0.314728, 0.464373, 0.396038
0.363688, 1.000000, -0.822199, 0.000000
0.363761, 0.451915, 0.404863, 0.532519
0.364139, 0.825531, -0.785771, -0.156439
0.364343, 0.958328, -0.819559, -0.039562
0.365369, 0.709599, -0.688001, -0.208037
0.366056, 0.381912, 0.443441, 0.466475
0.366379, 0.545537, 0.329254, 0.586278
0.366613, 0.916265, -0.811780, -0.079080
0.367148, 0.271372, 0.483747, 0.344415
0.367542, 0.208605, 0.498598, 0.268302
0.368239, 0.871720, -0.799345, -0.119523
0.368651, 0.040118, 0.520630, 0.052597
0.368780, 0.000000, 0.521850, 0.000000
0.369231, 0.076857, 0.519139, 0.100520
0.370599, 0.688870, -0.704752, -0.257933
0.371222, 0.730868, -0.721944, -0.220891
0.371306, 0.337778, 0.466912, 0.418138
0.372537, 0.567208, 0.302933, 0.581953
0.372549, 0.635932, -0.528856, -0.170824
0.373845, 0.755313, -0.736557, -0.207227
0.374970, 0.664781, -0.605985, -0.199817
0.374995, 0.406129, 0.440415, 0.485647
0.375176, 0.142974, 0.520287, 0.185086
0.376124, 0.779243, -0.753029, -0.195654
0.376685, 0.477892, 0.396586, 0.543044
0.377363, 0.293131, 0.489052, 0.366598
0.377614, 0.979346, -0.808419, -0.020199
0.378337, 0.848312, -0.783714, -0.143000
0.379011, 0.937657, -0.803456, -0.060801
0.379329, 0.245881, 0.504981, 0.311126
0.379478, 0.609508, 0.211578, 0.524933
0.379714, 0.503390, 0.377288, 0.555921
0.380317, 0.168284, 0.521871, 0.215969
0.381052, 0.361856, 0.467343, 0.439433
0.381352, 0.805876, -0.762952, -0.178588
0.381461, 0.894252, -0.793399, -0.102430
0.381568, 0.432431, 0.431291, 0.505177
0.382844, 0.020233, 0.538722, 0.026243
0.383175, 0.117831, 0.532438, 0.151825
0.383488, 0.096217, 0.534784, 0.124280
0.383692, 0.058841, 0.538364, 0.076228
0.385116, 0.528834, 0.354552, 0.561700
0.385401, 0.194365, 0.523726, 0.247508
0.386191, 0.223490, 0.517932, 0.282613
0.386231, 0.584648, 0.260836, 0.546307
0.387285, 0.314751, 0.492693, 0.387323
0.389156, 0.457127, 0.420643, 0.519196
0.390392, 0.709828, -0.689215, -0.241040
0.391409, 0.269875, 0.512165, 0.335816
0.391591, 1.000000, -0.795212, 0.000000
0.391961, 0.827147, -0.763867, -0.165895
0.392033, 0.958756, -0.793091, -0.041387
0.392115, 0.386842, 0.466227, 0.458574
0.392873, 0.554526, 0.345092, 0.577026
0.393360, 0.916389, -0.786752, -0.083454
0.393565, 0.871718, -0.776805, -0.126312
0.393637, 0.682449, -0.663515, -0.256409
0.393793, 0.653018, -0.594609, -0.228459
0.394154, 0.737283, -0.713646, -0.233447
0.395696, 0.337219, 0.492861, 0.407950
0.396570, 0.627385, -0.717560, -0.388885
0.396750, 0.000000, 0.556549, 0.000000
0.397559, 0.039791, 0.556535, 0.051065
0.398079, 0.762784, -0.726925, -0.218701
0.398150, 0.078802, 0.555103, 0.100915
0.398587, 0.786426, -0.740180, -0.201963
0.398646, 0.483613, 0.404126, 0.527343
0.398939, 0.413466, 0.457332, 0.478445
0.400391, 0.131087, 0.551792, 0.166473
0.400638, 0.154365, 0.549204, 0.195523
0.403099, 0.509149, 0.378658, 0.532227
0.403290, 0.291794, 0.518348, 0.356667
0.403685, 0.849858, -0.761631, -0.149571
0.404135, 0.359687, 0.491276, 0.426771
0.404294, 0.248611, 0.533294, 0.307805
0.404633, 0.601435, -0.262586, 0.006109
0.404716, 0.178907, 0.549369, 0.224812
0.405592, 0.979487, -0.780791, -0.021126
0.406279, 0.937824, -0.776925, -0.063799
0.406695, 0.438554, 0.446399, 0.492728
0.406736, 0.204823, 0.546615, 0.255636
0.406881, 0.575968, 0.534322, 0.771790
0.407157, 0.894621, -0.769241, -0.107239
0.407704, 0.103470, 0.563933, 0.131111
0.408625, 0.806147, -0.740773, -0.190069
0.409167, 0.534553, 0.336780, 0.517451
0.410522, 0.227953, 0.545247, 0.282064
0.411212, 0.020164, 0.573702, 0.025599
0.412107, 0.060089, 0.573448, 0.076190
0.412373, 0.314872, 0.519484, 0.378106
0.413063, 0.723445, -0.690261, -0.253256
0.413091, 0.697372, -0.671820, -0.270353
0.413363, 0.669127, -0.631066, -0.268287
0.413882, 0.463622, 0.430527, 0.502772
0.414439, 0.379464, 0.490781, 0.440023
0.416851, 0.643221, -0.641430, -0.318597
0.417679, 0.750760, -0.706315, -0.239105
0.417962, 0.269418, 0.542024, 0.327136
0.418575, 0.828036, -0.740499, -0.174251
0.418627, 0.401067, 0.481228, 0.455707
0.419545, 1.000000, -0.766904, 0.000000
0.419624, 0.873308, -0.752446, -0.130994
0.419693, 0.958879, -0.765267, -0.043260
0.419695, 0.558476, 0.331580, 0.525959
0.420174, 0.617057, -0.473748, -0.193390
0.420175, 0.916550, -0.760278, -0.087316
0.420730, 0.338639, 0.517628, 0.398584
0.421539, 0.778901, -0.717823, -0.218656
0.421580, 0.489463, 0.407114, 0.505807
0.422462, 0.120582, 0.579703, 0.150645
0.423813, 0.083415, 0.585776, 0.104544
0.424497, 0.143360, 0.578944, 0.178163
0.424668, 0.000000, 0.590727, 0.000000
0.425702, 0.040764, 0.590977, 0.051166
0.425819, 0.423446, 0.470886, 0.467421
0.425876, 0.166133, 0.577133, 0.205538
0.426602, 0.514790, 0.383126, 0.511363
0.427800, 0.851461, -0.739083, -0.154742
0.428126, 0.190974, 0.574326, 0.234533
0.428153, 0.587694, -0.716087, -0.492445
0.429152, 0.293717, 0.545001, 0.349333
0.430982, 0.360878, 0.515999, 0.414345
0.431577, 0.216037, 0.572601, 0.262950
0.431652, 0.242943, 0.565215, 0.293519
0.432227, 0.802884, -0.718848, -0.201970
0.432702, 0.446688, 0.455363, 0.475735
0.433550, 0.979458, -0.751915, -0.022109
0.433556, 0.938072, -0.749111, -0.066383
0.433657, 0.683302, -0.643937, -0.289291
0.433725, 0.895194, -0.742877, -0.111450
0.433996, 0.539788, 0.450853, 0.604610
0.435092, 0.710533, -0.667866, -0.278024
0.436186, 0.734697, -0.682251, -0.260829
0.437268, 0.658885, -0.628387, -0.312123
0.437322, 0.319035, 0.542829, 0.371911
0.437507, 0.102819, 0.600067, 0.127162
0.438655, 0.063350, 0.605247, 0.078519
0.438950, 0.470643, 0.432997, 0.479166
0.439008, 0.020725, 0.607442, 0.025725
0.439481, 0.384640, 0.509028, 0.429450
0.439514, 0.632871, -0.574446, -0.297593
0.440008, 0.761659, -0.694186, -0.241696
0.440731, 0.265616, 0.567661, 0.315452
0.440765, 0.606329, -0.577544, -0.340613
0.441582, 0.567788, -0.257133, -0.081731
0.442878, 0.825394, -0.716779, -0.184251
0.445284, 0.495495, 0.400625, 0.473906
0.445542, 0.407403, 0.497043, 0.441634
0.446328, 0.873502, -0.725839, -0.136472
0.446946, 0.126384, 0.608182, 0.154427
0.447114, 0.342634, 0.540544, 0.389525
0.447139, 0.917247, -0.732508, -0.090215
0.447442, 1.000000, -0.737495, 0.000000
0.447472, 0.958818, -0.736094, -0.045130
0.448419, 0.846593, -0.716895, -0.164918
0.448616, 0.784714, -0.696865, -0.224902
0.448726, 0.149697, 0.606229, 0.181834
0.449473, 0.173867, 0.602852, 0.210090
0.450455, 0.520011, 0.393441, 0.494925
0.450920, 0.285709, 0.570822, 0.332821
0.451938, 0.198658, 0.599595, 0.237992
0.452131, 0.000000, 0.623775, 0.000000
0.452217, 0.084526, 0.619556, 0.103344
0.452472, 0.430068, 0.481260, 0.448642
0.452491, 0.042744, 0.622989, 0.052399
0.453738, 0.696010, -0.643491, -0.299076
0.453797, 0.224158, 0.594990, 0.266119
0.456359, 0.545865, -0.255045, -0.131250
0.456580, 0.307258, 0.566834, 0.351584
0.456628, 0.366730, 0.534484, 0.404395
0.458169, 0.744230, -0.669702, -0.264977
0.458219, 0.590570, -0.519011, -0.327688
0.458564, 0.246783, 0.592971, 0.289354
0.458570, 0.453223, 0.458378, 0.450573
0.459319, 0.646504, -0.595902, -0.327521
0.459334, 0.672509, -0.624342, -0.319654
0.459429, 0.808224, -0.694921, -0.206274
0.460133, 0.896278, -0.715590, -0.114615
0.460217, 0.721177, -0.655525, -0.284986
0.460669, 0.618871, -0.575142, -0.347877
0.461212, 0.938129, -0.719699, -0.068918
0.461451, 0.979337, -0.721978, -0.023103
0.463791, 0.477226, 0.427102, 0.446754
0.464431, 0.107739, 0.631117, 0.129872
0.465147, 0.390484, 0.523801, 0.415584
0.465455, 0.328922, 0.564314, 0.367381
0.465654, 0.569522, -0.508236, -0.357546
0.465822, 0.021336, 0.639279, 0.025839
0.465934, 0.064714, 0.637450, 0.078242
0.466409, 0.857546, -0.701135, -0.157581
0.466828, 0.765825, -0.672084, -0.249600
0.468408, 0.268625, 0.595237, 0.308635
0.469548, 0.501732, 0.422983, 0.470314
0.470764, 0.831745, -0.690650, -0.185605
0.471495, 0.131629, 0.636025, 0.156929
0.471750, 0.155829, 0.631314, 0.184794
0.472319, 0.413284, 0.507884, 0.422150
0.472748, 0.180660, 0.627450, 0.212793
0.473540, 0.526621, -0.060657, 0.012795
0.474218, 0.351407, 0.558501, 0.381287
0.474609, 0.917343, -0.702984, -0.093436
0.474923, 0.788440, -0.673294, -0.230891
0.474940, 0.878391, -0.696503, -0.136556
0.475044, 0.205910, 0.622998, 0.240129
0.475218, 1.000000, -0.707172, 0.000000
0.475346, 0.958593, -0.705742, -0.047033
0.475384, 0.698689, -0.629787, -0.311522
0.476837, 0.291992, 0.593678, 0.328115
0.478590, 0.088368, 0.650016, 0.105291
0.478801, 0.436016, 0.484614, 0.422296
0.479001, 0.042978, 0.654045, 0.051367
0.479179, 0.000000, 0.655595, 0.000000
0.479363, 0.229091, 0.620761, 0.263762
0.479869, 0.603800, -0.541813, -0.362427
0.480166, 0.631953, -0.577262, -0.358961
0.480982, 0.551604, -0.492448, -0.389591
0.481618, 0.656525, -0.595172, -0.343971
0.481937, 0.742267, -0.647649, -0.277733
0.483381, 0.374542, 0.548619, 0.391336
0.483477, 0.679199, -0.611376, -0.331200
0.483741, 0.459888, 0.454851, 0.419917
0.484205, 0.314411, 0.588796, 0.344758
0.485437, 0.719022, -0.632867, -0.299984
0.485764, 0.810593, -0.669291, -0.211695
0.485933, 0.251645, 0.619374, 0.284868
0.486933, 0.579153, -0.513558, -0.379903
0.488332, 0.854322, -0.677310, -0.165626
0.488459, 0.483910, 0.452898, 0.446127
0.488887, 0.898045, -0.684542, -0.116830
0.489045, 0.937779, -0.689041, -0.071703
0.489233, 0.979082, -0.691169, -0.024182
0.491153, 0.113124, 0.660389, 0.132503
0.491441, 0.065395, 0.666780, 0.077030
0.491729, 0.767242, -0.649007, -0.257825
0.492078, 0.397239, 0.533259, 0.395911
0.492573, 0.021652, 0.670363, 0.025537
0.493070, 0.336711, 0.582738, 0.357707
0.493515, 0.508638, -0.139022, -0.118004
0.494316, 0.163233, 0.654588, 0.188548
0.494567, 0.275235, 0.617918, 0.304329
0.495127, 0.138780, 0.661357, 0.161116
0.495711, 0.188696, 0.650120, 0.215998
0.496890, 0.532865, -0.445451, -0.392826
0.497483, 0.832811, -0.663031, -0.191010
0.499466, 0.419246, 0.511079, 0.394563
0.499693, 0.621689, -0.554790, -0.378498
0.500567, 0.211647, 0.648174, 0.238838
0.500829, 0.788578, -0.647222, -0.239148
0.501232, 0.359036, 0.572661, 0.367894
0.501391, 0.876186, -0.667509, -0.143549
0.502380, 0.697784, -0.607188, -0.327272
0.502774, 1.000000, -0.676180, 0.000000
0.502924, 0.087909, 0.677406, 0.101988
0.503140, 0.917715, -0.671232, -0.096143
0.503155, 0.559464, -0.484159, -0.402143
0.503174, 0.298734, 0.614144, 0.321287
0.503180, 0.958013, -0.674461, -0.049223
0.503810, 0.646907, -0.574286, -0.368289
0.504011, 0.443323, 0.476005, 0.387728
0.504024, 0.595787, -0.528183, -0.395378
0.505316, 0.044017, 0.684139, 0.051164
0.505475, 0.234701, 0.645279, 0.260629
0.505703, 0.671300, -0.588936, -0.350840
0.506045, 0.000000, 0.686480, 0.000000
0.506140, 0.748970, -0.627411, -0.281183
0.506873, 0.725887, -0.616598, -0.303695
0.508855, 0.467399, 0.523869, 0.463290
0.510901, 0.381955, 0.557902, 0.371819
0.511274, 0.321385, 0.607018, 0.334923
0.511661, 0.812739, -0.642618, -0.216384
0.511905, 0.258216, 0.641722, 0.280902
0.512695, 0.491667, -0.157505, -0.187599
0.513181, 0.853991, -0.650319, -0.170817
0.515643, 0.107662, 0.688508, 0.122742
0.516265, 0.896514, -0.653829, -0.122246
0.516640, 0.174040, 0.675616, 0.194984
0.516696, 0.978970, -0.659836, -0.025044
0.517344, 0.576906, -0.502050, -0.415553
0.517354, 0.937073, -0.656840, -0.074763
0.517628, 0.066943, 0.696140, 0.076556
0.517696, 0.128821, 0.687538, 0.145770
0.517958, 0.516451, -0.418626, -0.420881
0.518850, 0.021846, 0.700091, 0.025022
0.519018, 0.539974, -0.453177, -0.422567
0.519357, 0.152168, 0.684836, 0.170998
0.520438, 0.402503, 0.536287, 0.365828
0.520538, 0.768109, -0.620062, -0.266732
0.520573, 0.282410, 0.637707, 0.298357
0.520682, 0.343768, 0.597013, 0.343025
0.520828, 0.612745, -0.535318, -0.402450
0.522242, 0.194726, 0.675852, 0.214825
0.523212, 0.710316, -0.594405, -0.325835
0.524295, 0.793404, -0.623768, -0.240851
0.524398, 0.427312, 0.498713, 0.357995
0.524548, 0.636019, -0.550802, -0.389749
0.525067, 0.832349, -0.632631, -0.197606
0.526061, 0.217570, 0.671770, 0.236321
0.526387, 0.684120, -0.578647, -0.351440
0.527564, 0.366341, 0.580358, 0.348620
0.528355, 0.875476, -0.636903, -0.148618
0.528811, 0.659953, -0.563252, -0.374036
0.529122, 0.451888, 0.505864, 0.396099
0.529234, 0.740402, -0.600729, -0.298420
0.529972, 0.305954, 0.631490, 0.311491
0.530172, 1.000000, -0.644504, 0.000000
0.530444, 0.089582, 0.707670, 0.100587
0.530663, 0.957938, -0.642756, -0.050718
0.530966, 0.240928, 0.667092, 0.256600
0.531025, 0.044225, 0.712740, 0.049862
0.531138, 0.915136, -0.638997, -0.102030
0.531803, 0.557072, -0.474525, -0.437738
0.532864, 0.000000, 0.716545, 0.000000
0.533407, 0.594211, -0.511702, -0.423610
0.533546, 0.477032, -0.255228, -0.334499
0.536373, 0.502298, -0.397813, -0.447700
0.536981, 0.264781, 0.660859, 0.275180
0.538230, 0.854778, -0.622335, -0.174421
0.538303, 0.328356, 0.620731, 0.320771
0.540596, 0.812735, -0.610704, -0.223356
0.540983, 0.171192, 0.702304, 0.185586
0.541217, 0.115604, 0.714760, 0.127323
0.541218, 0.384591, 0.562926, 0.336997
0.541692, 0.142733, 0.710209, 0.155908
0.541775, 0.529978, -0.437199, -0.454438
0.542970, 0.719541, -0.578646, -0.324841
0.543223, 0.066545, 0.724136, 0.073694
0.543728, 0.783684, -0.600064, -0.256903
0.544058, 0.978916, -0.627806, -0.025782
0.544319, 0.936346, -0.625482, -0.077656
0.544386, 0.618937, -0.523828, -0.415958
0.544405, 0.410914, 0.523462, 0.331473
0.544478, 0.892248, -0.620797, -0.130818
0.545017, 0.022048, 0.728824, 0.024445
0.545762, 0.694540, -0.565474, -0.350909
0.545839, 0.760093, -0.590690, -0.283241
0.545875, 0.197843, 0.698199, 0.210511
0.546600, 0.288838, 0.654799, 0.288923
0.546711, 0.575193, -0.487500, -0.446094
0.547346, 0.354449, 0.602195, 0.325919
0.549131, 0.643531, -0.535957, -0.399370
0.549332, 0.435896, 0.480522, 0.320350
0.550642, 0.223315, 0.692568, 0.232496
0.551303, 0.837249, -0.603829, -0.197264
0.552587, 0.668790, -0.547058, -0.378987
0.553357, 0.461337, -0.306920, -0.436098
0.554055, 0.089925, 0.732618, 0.097735
0.555678, 0.551427, -0.458344, -0.464565
0.555760, 0.248068, 0.685466, 0.251695
0.556518, 0.737666, -0.571232, -0.310766
0.556976, 0.044611, 0.740799, 0.048605
0.557066, 0.868024, -0.602475, -0.161755
0.557425, 0.914124, -0.608181, -0.105832
0.557435, 1.000000, -0.612236, 0.000000
0.557731, 0.957538, -0.610768, -0.052498
0.557736, 0.486851, -0.374515, -0.477621
0.557838, 0.308530, 0.648380, 0.293787
0.558102, 0.510995, -0.411697, -0.480287
0.558563, 0.598652, -0.498764, -0.440587
0.559743, 0.000000, 0.745777, 0.000000
0.560899, 0.332652, 0.628769, 0.303571
0.561542, 0.272798, 0.675741, 0.268134
0.561956, 0.799543, -0.583919, -0.243522
0.562817, 0.158400, 0.727386, 0.166673
0.564514, 0.132351, 0.735493, 0.140050
0.564544, 0.397143, 0.527676, 0.286633
0.564586, 0.371444, 0.596329, 0.319889
0.565526, 0.183873, 0.721939, 0.190603
0.565863, 0.110205, 0.741231, 0.117240
0.566332, 0.711527, -0.551825, -0.342173
0.567765, 0.623703, -0.507976, -0.426902
0.567923, 0.820497, -0.581423, -0.220201
0.568450, 0.687607, -0.540121, -0.367863
0.568473, 0.776947, -0.570496, -0.270926
0.568764, 0.068015, 0.751006, 0.072607
0.569613, 0.530004, -0.432500, -0.490035
0.569851, 0.891336, -0.590902, -0.135033
0.569856, 0.421279, 0.490937, 0.286989
0.570513, 0.209477, 0.716312, 0.212134
0.570903, 0.022036, 0.756280, 0.023565
0.570917, 0.935701, -0.593801, -0.080320
0.570931, 0.576434, -0.473201, -0.465180
0.571167, 0.978812, -0.595396, -0.026540
0.572583, 0.649297, -0.517939, -0.406805
0.572820, 0.754275, -0.558828, -0.297613
0.573445, 0.447111, -0.387657, -0.565718
0.573559, 0.846934, -0.580058, -0.189690
0.575279, 0.348631, 0.615274, 0.292121
0.575498, 0.234946, 0.708572, 0.231409
0.576842, 0.473882, -0.358853, -0.508015
0.576906, 0.291101, 0.674521, 0.270487
0.579125, 0.554298, -0.450469, -0.486523
0.579845, 0.261122, 0.696426, 0.248251
0.580706, 0.728253, -0.542419, -0.329128
0.580760, 0.502728, -0.396994, -0.510397
0.580808, 0.090770, 0.760067, 0.094713
0.581500, 0.318895, 0.650882, 0.278642
0.582126, 0.671044, -0.519194, -0.390351
0.582181, 0.045095, 0.767062, 0.047296
0.582444, 0.601598, -0.482125, -0.454272
0.583116, 0.870148, -0.572623, -0.162950
0.583519, 0.913429, -0.576870, -0.109091
0.584488, 0.957377, -0.578516, -0.053908
0.584542, 1.000000, -0.579505, 0.000000
0.585216, 0.144735, 0.752328, 0.147299
0.585934, 0.385724, 0.662549, 0.375291
0.586542, 0.170900, 0.745796, 0.171562
0.586920, 0.000000, 0.774379, 0.000000
0.587402, 0.798408, -0.554413, -0.250604
0.589762, 0.116787, 0.764011, 0.119191
0.589982, 0.699428, -0.522524, -0.364021
0.590021, 0.824804, -0.556552, -0.219374
0.590441, 0.628287, -0.490354, -0.435390
0.590489, 0.196152, 0.739462, 0.192581
0.591626, 0.406912, 0.095190, -0.154644
0.592312, 0.529422, -0.420827, -0.512143
0.592768, 0.773279, -0.541619, -0.281268
0.593449, 0.365837, 0.592681, 0.269136
0.593853, 0.431438, -0.405471, -0.638190
0.594337, 0.067951, 0.777076, 0.069584
0.595289, 0.579612, -0.457906, -0.480675
0.595401, 0.221323, 0.731411, 0.210845
0.596211, 0.022269, 0.782081, 0.022880
0.596258, 0.748168, -0.530957, -0.311248
0.596455, 0.891672, -0.558692, -0.137594
0.596669, 0.457263, -0.342297, -0.543226
0.597207, 0.935726, -0.561910, -0.082041
0.598001, 0.341325, 0.642331, 0.278166
0.598182, 0.978589, -0.562478, -0.027413
0.598395, 0.483636, -0.371159, -0.537139
0.598865, 0.651292, -0.493416, -0.417269
0.599101, 0.849684, -0.549915, -0.190411
0.599316, 0.273960, 0.699424, 0.242825
0.599431, 0.246787, 0.719790, 0.227062
0.600352, 0.554814, -0.436947, -0.502991
0.600428, 0.297908, 0.682357, 0.256459
0.602343, 0.721248, -0.516582, -0.344126
0.604550, 0.091539, 0.783123, 0.091528
0.604786, 0.510097, -0.396951, -0.534058
0.605306, 0.607834, -0.465974, -0.462278
0.605416, 0.677278, -0.497614, -0.393247
0.605682, 0.319872, 0.651535, 0.248555
0.607028, 0.135608, 0.775054, 0.132962
0.607446, 0.045824, 0.792298, 0.046029
0.608104, 0.160820, 0.768237, 0.155272
0.609657, 0.914401, -0.544977, -0.110120
0.609882, 0.869654, -0.540176, -0.167086
0.611189, 0.809097, -0.528734, -0.242649
0.611352, 0.956924, -0.545514, -0.055632
0.611441, 1.000000, -0.546476, 0.000000
0.611488, 0.185268, 0.761777, 0.174975
0.612333, 0.386513, 0.126224, -0.180713
0.613669, 0.786663, -0.520431, -0.270185
0.613933, 0.832889, -0.529025, -0.213550
0.614432, 0.000000, 0.802031, 0.000000
0.614921, 0.413327, -0.297868, -0.586642
0.615896, 0.111005, 0.789699, 0.108037
0.615934, 0.209662, 0.753178, 0.191827
0.615951, 0.699441, -0.494165, -0.372893
0.616073, 0.630719, -0.466924, -0.445604
0.616850, 0.439389, -0.312362, -0.567411
0.617031, 0.537665, -0.412424, -0.527396
0.617298, 0.359910, 0.804559, 0.439963
0.617701, 0.589126, -0.444602, -0.486085
0.617824, 0.763745, -0.510123, -0.298554
0.619352, 0.740887, -0.502809, -0.326315
0.619790, 0.464928, -0.344959, -0.567942
0.619947, 0.069944, 0.801713, 0.068204
0.620321, 0.234344, 0.741862, 0.206355
0.620345, 0.022632, 0.805809, 0.022291
0.620364, 0.565682, -0.428690, -0.507947
0.620906, 0.489472, -0.370783, -0.560324
0.621521, 0.260260, 0.723029, 0.219653
0.622077, 0.893355, -0.527379, -0.138184
0.622390, 0.657392, -0.471744, -0.420835
0.623276, 0.285240, 0.699032, 0.226270
0.624151, 0.935155, -0.528559, -0.084459
0.624439, 0.335966, 0.575631, 0.171367
0.624995, 0.978270, -0.529269, -0.028392
0.626661, 0.309379, 0.691116, 0.245804
0.627537, 0.515337, -0.389309, -0.551323
0.627969, 0.721016, -0.487374, -0.352082
0.629835, 0.849559, -0.511803, -0.194889
0.630038, 0.151565, 0.789986, 0.139932
0.630795, 0.128902, 0.798170, 0.120372
0.631783, 0.048435, 0.815126, 0.046372
0.632164, 0.091079, 0.809046, 0.086079
0.632191, 0.680227, -0.469441, -0.399563
0.632630, 0.610049, -0.441157, -0.473988
0.633150, 0.175457, 0.783249, 0.157797
0.633609, 0.872314, -0.510754, -0.166531
0.634998, 0.821878, -0.502178, -0.231125
0.635526, 0.398545, -0.296300, -0.632739
0.636557, 0.797640, -0.495051, -0.261371
0.636765, 0.913109, -0.511081, -0.113973
0.636941, 0.373003, -0.185982, -0.545053
0.637123, 0.199217, 0.774413, 0.173788
0.638075, 1.000000, -0.513271, 0.000000
0.638112, 0.956248, -0.512125, -0.057618
0.638306, 0.424754, -0.297083, -0.602081
0.638445, 0.638978, -0.447583, -0.446770
0.639811, 0.773752, -0.486273, -0.291493
0.640154, 0.555824, -0.406023, -0.528093
0.640804, 0.448812, -0.322327, -0.597636
0.641122, 0.584080, -0.420434, -0.503152
0.641632, 0.025280, 0.825954, 0.023890
0.641748, 0.222844, 0.761912, 0.185127
0.642132, 0.534212, -0.391692, -0.547526
0.642140, 0.748689, -0.477885, -0.322788
0.642292, 0.000000, 0.828227, 0.000000
0.643092, 0.701589, -0.463818, -0.378705
0.643406, 0.498018, -0.365976, -0.575189
0.643635, 0.474453, -0.346141, -0.589354
0.643942, 0.247998, 0.746288, 0.198647
0.644084, 0.349481, 0.482208, 0.084963
0.645155, 0.110977, 0.815825, 0.101049
0.645577, 0.272487, 0.715578, 0.197741
0.647604, 0.071203, 0.826992, 0.065268
0.647733, 0.323820, 0.692175, 0.239237
0.647881, 0.297301, 0.701837, 0.213825
0.648971, 0.663131, -0.445089, -0.424424
0.649349, 0.890390, -0.492950, -0.144745
0.649868, 0.726236, -0.462944, -0.351755
0.650754, 0.933655, -0.495121, -0.088051
0.651488, 0.977968, -0.495957, -0.029338
0.653104, 0.621451, -0.424984, -0.470996
0.653307, 0.837765, -0.482230, -0.213850
0.653651, 0.160831, 0.804829, 0.138311
0.653794, 0.136963, 0.814967, 0.119984
0.655265, 0.863834, -0.482527, -0.180091
0.656204, 0.049434, 0.837071, 0.044751
0.656837, 0.516582, -0.369359, -0.571276
0.657507, 0.384188, -0.239936, -0.625103
0.658157, 0.186630, 0.795694, 0.154137
0.658338, 0.411552, -0.274643, -0.625135
0.658655, 0.811731, -0.470558, -0.247694
0.659495, 0.568174, -0.395015, -0.527249
0.659955, 0.598956, -0.408850, -0.497449
0.660475, 0.685846, -0.439262, -0.402233
0.660614, 0.092449, 0.833740, 0.081422
0.661824, 0.787081, -0.462206, -0.279426
0.662592, 0.022956, 0.845587, 0.020613
0.662927, 0.909845, -0.477746, -0.120354
0.662975, 0.460935, -0.324605, -0.613769
0.663368, 0.210017, 0.783414, 0.164306
0.664015, 0.762080, -0.455128, -0.311681
0.664269, 0.955450, -0.479029, -0.059746
0.664350, 0.435714, -0.300869, -0.626684
0.664392, 0.645136, -0.421671, -0.449673
0.664445, 1.000000, -0.479927, 0.000000
0.664890, 0.360780, -0.289349, -0.716224
0.665713, 0.235436, 0.764080, 0.173937
0.666021, 0.541891, -0.376112, -0.555167
0.666204, 0.490628, -0.344907, -0.597309
0.668571, 0.710290, -0.436453, -0.375569
0.668717, 0.260332, 0.743375, 0.180530
0.668887, 0.738261, -0.443121, -0.341877
0.669149, 0.337062, -0.033116, -0.480989
0.669508, 0.118708, 0.833476, 0.100487
0.669649, 0.284337, 0.695479, 0.164260
0.669794, 0.310428, 0.777896, 0.285086
0.670197, 0.000000, 0.852207, 0.000000
0.673256, 0.883033, -0.462290, -0.156971
0.674570, 0.851470, -0.456979, -0.198875
0.675673, 0.170391, 0.815229, 0.134709
0.675723, 0.072259, 0.850834, 0.061463
0.676086, 0.668609, -0.416117, -0.426973
0.676101, 0.932051, -0.462815, -0.091739
0.676513, 0.622291, -0.400439, -0.479368
0.676790, 0.396875, -0.258329, -0.653687
0.676935, 0.583405, -0.384509, -0.519785
0.677119, 0.145862, 0.828944, 0.118336
0.677587, 0.977628, -0.462695, -0.030329
0.677603, 0.045830, 0.855802, 0.039164
0.678404, 0.826583, -0.448326, -0.231792
0.678831, 0.516183, -0.350481, -0.584908
0.681790, 0.472509, -0.322019, -0.620814
0.683335, 0.801357, -0.438029, -0.265172
0.683957, 0.559940, -0.367964, -0.547184
0.684249, 0.373192, -0.236367, -0.673308
0.684815, 0.195070, 0.805859, 0.143670
0.684826, 0.099337, 0.851256, 0.081083
0.685205, 0.419843, -0.279841, -0.655966
0.685876, 0.775219, -0.430807, -0.299649
0.686519, 0.907344, -0.447574, -0.125676
0.686576, 0.019419, 0.866076, 0.016247
0.686668, 0.221463, 0.782603, 0.149891
0.686694, 0.693939, -0.410962, -0.400296
0.687540, 0.448328, -0.301008, -0.641727
0.688849, 0.603351, -0.379764, -0.503565
0.688910, 0.645329, -0.394365, -0.457948
0.689243, 0.723382, -0.414877, -0.364908
0.689510, 0.750460, -0.420588, -0.331372
0.689789, 0.954669, -0.446337, -0.061841
0.690066, 0.247318, 0.766244, 0.162405
0.690553, 1.000000, -0.446517, 0.000000
0.690884, 0.323487, -0.176707, -0.670833
0.691278, 0.865503, -0.436994, -0.182191
0.691822, 0.296144, 0.828762, 0.301284
0.691969, 0.494885, -0.328117, -0.610025
0.692088, 0.537074, -0.349318, -0.573035
0.692538, 0.349000, -0.194983, -0.672462
0.693107, 0.125764, 0.848229, 0.097861
0.693957, 0.272702, 0.729009, 0.149529
0.697108, 0.170554, 0.827618, 0.122986
0.699210, 0.061468, 0.871051, 0.048622
0.699438, 0.395494, -0.251781, -0.679491
0.699594, 0.000000, 0.876367, 0.000000
0.699596, 0.841149, -0.423265, -0.215630
0.699883, 0.037794, 0.874829, 0.030180
0.699951, 0.668027, -0.388144, -0.434818
0.700112, 0.886403, -0.428035, -0.155110
0.700650, 0.931100, -0.431211, -0.094539
0.701489, 0.149854, 0.842417, 0.109481
0.701872, 0.580640, -0.358155, -0.533646
0.702350, 0.085425, 0.868170, 0.065916
0.702899, 0.624917, -0.371552, -0.484769
0.703325, 0.977333, -0.429501, -0.031262
0.703850, 0.817398, -0.414601, -0.247633
0.704625, 0.432437, -0.279281, -0.664741
0.704633, 0.470911, -0.303885, -0.637261
0.705249, 0.515305, -0.326969, -0.599191
0.706196, 0.789868, -0.407698, -0.284461
0.707906, 0.208656, 0.794690, 0.122603
0.708451, 0.711918, -0.388868, -0.383688
0.708637, 0.371081, -0.223492, -0.695128
0.708886, 0.558413, -0.341975, -0.559219
0.710218, 0.688054, -0.380785, -0.413215
0.710458, 0.111101, 0.865446, 0.081507
0.710673, 0.233471, 0.782944, 0.136796
0.711058, 0.764167, -0.396355, -0.318323
0.711196, 0.306651, -0.381185, -0.935312
0.711501, 0.186888, 0.826414, 0.124731
0.711947, 0.738872, -0.390279, -0.350699
0.712157, 0.908850, -0.414258, -0.125599
0.714421, 0.259585, 0.844182, 0.230810
0.714627, 0.412138, -0.258260, -0.684470
0.714780, 0.601743, -0.351399, -0.515399
0.714948, 0.330274, -0.216104, -0.748930
0.714959, 0.647525, -0.364365, -0.462568
0.715012, 0.954358, -0.413665, -0.063301
0.715555, 0.018916, 0.889061, 0.014290
0.715575, 0.861492, -0.405143, -0.190419
0.716467, 1.000000, -0.412988, 0.000000
0.716902, 0.452084, -0.283871, -0.659597
0.717675, 0.492175, -0.304424, -0.626741
0.718377, 0.536261, -0.323440, -0.584957
0.719293, 0.137114, 0.859804, 0.094213
0.719814, 0.351021, -0.209958, -0.722332
0.719884, 0.284934, 0.060670, -0.515234
0.722268, 0.043302, 0.891172, 0.031663
0.722745, 0.069595, 0.886375, 0.049934
0.724238, 0.884696, -0.396635, -0.159897
0.724550, 0.806352, -0.386509, -0.265670
0.724602, 0.165087, 0.841746, 0.100396
0.724803, 0.836634, -0.390286, -0.225117
0.724878, 0.388688, -0.234472, -0.705108
0.726087, 0.931777, -0.398009, -0.095116
0.727532, 0.670092, -0.355335, -0.439266
0.727672, 0.622350, -0.342897, -0.495989
0.727825, 0.095165, 0.882175, 0.065214
0.727830, 0.580101, -0.329521, -0.542951
0.728855, 0.000000, 0.899105, 0.000000
0.728964, 0.977534, -0.396075, -0.031523
0.730285, 0.779364, -0.374501, -0.302121
0.730663, 0.724034, -0.363735, -0.373426
0.730692, 0.513115, -0.301830, -0.613344
0.731112, 0.215565, 0.771512, 0.081073
0.731336, 0.432057, -0.261260, -0.683112
0.731472, 0.698105, -0.356941, -0.405898
0.731974, 0.471789, -0.282200, -0.652028
0.733413, 0.558392, -0.316017, -0.567883
0.733477, 0.242631, 0.920241, 0.264412
0.733978, 0.192498, 0.835656, 0.115503
0.734176, 0.310939, -0.110079, -0.690568
0.735611, 0.752529, -0.363180, -0.338166
0.735684, 0.121318, 0.876389, 0.077852
0.736625, 0.908222, -0.382215, -0.128437
0.737444, 0.365707, -0.211611, -0.728114
0.738468, 0.642886, -0.335531, -0.474708
0.739583, 0.267431, -0.008312, -0.626309
0.739947, 0.860809, -0.373376, -0.194255
0.740497, 0.955391, -0.380296, -0.062901
0.741010, 0.410615, -0.241562, -0.704715
0.741772, 0.600697, -0.320097, -0.524383
0.741868, 0.336001, -0.169695, -0.729395
0.742077, 0.023392, 0.907435, 0.015639
0.742176, 0.821279, -0.365113, -0.247972
0.742229, 0.052284, 0.903131, 0.034751
0.742496, 1.000000, -0.378873, 0.000000
0.742617, 0.148596, 0.862507, 0.085218
0.743239, 0.534385, -0.297424, -0.596997
0.745046, 0.492509, -0.279628, -0.639315
0.745193, 0.451181, -0.260745, -0.675830
0.746451, 0.078637, 0.898753, 0.049495
0.747653, 0.290544, -0.138733, -0.759018
0.748010, 0.884154, -0.365319, -0.163019
0.748648, 0.796489, -0.353274, -0.282402
0.748988, 0.389399, -0.223024, -0.724052
0.749732, 0.175354, 0.836974, 0.080519
0.750143, 0.661017, -0.325477, -0.455412
0.750689, 0.933003, -0.365666, -0.094900
0.751250, 0.684252, -0.329326, -0.427346
0.751639, 0.224893, 0.922354, 0.224062
0.751937, 0.732965, -0.337875, -0.365789
0.752309, 0.104883, 0.892353, 0.062032
0.753681, 0.842262, -0.352733, -0.221051
0.754004, 0.709136, -0.330978, -0.396959
0.754271, 0.622057, -0.311136, -0.503010
0.754580, 0.771324, -0.341989, -0.317139
0.754973, 0.579329, -0.298789, -0.551958
0.755194, 0.977830, -0.361537, -0.031656
0.755697, 0.000000, 0.916497, 0.000000
0.755958, 0.556294, -0.291036, -0.577940
0.757272, 0.513632, -0.275617, -0.623368
0.758332, 0.428684, -0.238904, -0.701654
0.758534, 0.248775, -0.023481, -0.683685
0.758588, 0.202113, 0.878863, 0.142228
0.758603, 0.354008, -0.192102, -0.750379
0.759084, 0.314622, -0.165283, -0.772133
0.759085, 0.472084, -0.257921, -0.663793
0.759921, 0.131180, 0.881041, 0.069156
0.760070, 0.910575, -0.351255, -0.127007
0.761920, 0.038615, 0.917686, 0.022975
0.764546, 0.375702, -0.204585, -0.743319
0.765264, 0.749166, -0.323332, -0.347092
0.765332, 0.062113, 0.914086, 0.035334
0.765711, 0.817664, -0.333690, -0.256369
0.766333, 0.271473, -0.122358, -0.788346
0.766354, 0.641882, -0.301250, -0.482341
0.766409, 0.955588, -0.346030, -0.063697
0.766694, 0.158237, 0.854868, 0.063778
0.768320, 0.863950, -0.336166, -0.193161
0.768729, 1.000000, -0.344152, 0.000000
0.768758, 0.405732, -0.219284, -0.725254
0.768782, 0.602016, -0.288957, -0.530147
0.769259, 0.535947, -0.270348, -0.604117
0.769926, 0.888519, -0.336024, -0.158844
0.769964, 0.088424, 0.907306, 0.046533
0.770969, 0.335883, -0.176302, -0.772804
0.771407, 0.450021, -0.237667, -0.689946
0.771547, 0.019615, 0.925425, 0.011122
0.772428, 0.493486, -0.253160, -0.648427
0.772549, 0.792660, -0.321289, -0.291358
0.772640, 0.668062, -0.299003, -0.451663
0.774656, 0.226560, 0.382807, -0.321857
0.774834, 0.694323, -0.301554, -0.419597
0.774972, 0.293726, -0.136537, -0.787696
0.775349, 0.183764, 0.870013, 0.094955
0.776020, 0.721525, -0.305215, -0.385617
0.776098, 0.932906, -0.331773, -0.096577
0.776977, 0.113100, 0.899979, 0.055449
0.778369, 0.561498, -0.267484, -0.578798
0.779164, 0.839364, -0.318734, -0.228598
0.780894, 0.769386, -0.306140, -0.323198
0.781744, 0.977602, -0.326351, -0.032588
0.781818, 0.584246, -0.269370, -0.554163
0.782501, 0.620985, -0.276991, -0.511328
0.783280, 0.516228, -0.249286, -0.628778
0.783366, 0.140892, 0.869602, 0.045693
0.783798, 0.386449, -0.197845, -0.748007
0.783940, 0.250477, -0.095630, -0.807775
0.784293, 0.000000, 0.932777, 0.000000
0.784435, 0.427425, -0.216525, -0.715790
0.785285, 0.471823, -0.233120, -0.675422
0.785286, 0.909519, -0.317391, -0.130520
0.785788, 0.360582, -0.182334, -0.767348
0.786368, 0.314986, -0.149621, -0.789915
0.786377, 0.069861, 0.921106, 0.032524
0.786728, 0.206525, 0.645259, -0.093812
0.787230, 0.043977, 0.930443, 0.021794
0.789204, 0.744677, -0.291957, -0.358007
0.789341, 0.647085, -0.273945, -0.481094
0.789432, 0.813778, -0.301493, -0.265082
0.791344, 0.882962, -0.306933, -0.168947
0.792201, 0.166019, 0.882934, 0.073459
0.792443, 0.954790, -0.311307, -0.066018
0.792969, 0.273350, -0.110616, -0.806624
0.793283, 0.542201, -0.245617, -0.603560
0.794120, 0.673918, -0.272916, -0.448657
0.794868, 1.000000, -0.309362, 0.000000
0.795028, 0.858972, -0.299734, -0.203337
0.795044, 0.093668, 0.915414, 0.038839
0.795756, 0.338010, -0.161653, -0.786098
0.796853, 0.406941, -0.197325, -0.738574
0.796964, 0.449151, -0.213601, -0.701456
0.797261, 0.700008, -0.273481, -0.416258
0.797768, 0.789005, -0.286569, -0.299640
0.798409, 0.122467, 0.897306, 0.043422
0.798500, 0.021641, 0.938481, 0.009510
0.798757, 0.494442, -0.226850, -0.657554
0.799598, 0.600352, -0.251870, -0.539303
0.800081, 0.722225, -0.273218, -0.387793
0.800257, 0.230229, -0.182690, -0.931381
0.801292, 0.930704, -0.297819, -0.101436
0.802492, 0.570103, -0.241841, -0.574697
0.802824, 0.294751, -0.128005, -0.811378
0.803621, 0.188766, 0.704383, -0.072395
0.804625, 0.834107, -0.283574, -0.239174
0.806001, 0.763821, -0.272456, -0.335373
0.806114, 0.627376, -0.249319, -0.508474
0.806522, 0.382500, -0.178915, -0.762669
0.806523, 0.518344, -0.225093, -0.634516
0.806692, 0.065448, 0.929855, 0.023099
0.808314, 0.976842, -0.290942, -0.034397
0.808395, 0.904492, -0.286083, -0.139965
0.808771, 0.147832, 0.863582, 0.021594
0.810404, 0.253959, -0.102048, -0.837841
0.810661, 0.472656, -0.207892, -0.683112
0.811434, 0.360165, -0.164764, -0.781647
0.811617, 0.000000, 0.944667, 0.000000
0.811660, 0.654938, -0.247219, -0.475471
0.812235, 0.426234, -0.191368, -0.728023
0.812809, 0.316305, -0.139755, -0.810197
0.814012, 0.042388, 0.941170, 0.015291
0.814182, 0.809037, -0.267023, -0.274746
0.814849, 0.878621, -0.274668, -0.177734
0.814862, 0.210602, -0.180590, -0.961778
0.815284, 0.544680, -0.221641, -0.607440
0.815553, 0.739126, -0.255160, -0.368095
0.815685, 0.682838, -0.246600, -0.441094
0.816284, 0.107283, 0.899045, 0.017827
0.817741, 0.952171, -0.277217, -0.071162
0.819498, 0.170617, 0.861651, 0.049702
0.819554, 0.085343, 0.930201, 0.029824
0.820168, 0.338002, -0.147808, -0.801561
0.820552, 1.000000, -0.275000, 0.000000
0.820790, 0.853549, -0.263777, -0.214063
0.820876, 0.448037, -0.190222, -0.710316
0.820976, 0.276914, -0.110318, -0.833739
0.822297, 0.587125, -0.221986, -0.559574
0.822362, 0.710672, -0.242241, -0.406750
0.822416, 0.783953, -0.252854, -0.310549
0.822992, 0.402583, -0.173228, -0.753226
0.823765, 0.129627, 0.917890, 0.047222
0.824830, 0.497307, -0.199690, -0.661518
0.824903, 0.925755, -0.265575, -0.110567
0.825024, 0.611160, -0.223067, -0.531495
0.826094, 0.021510, 0.948503, 0.006601
0.826749, 0.563482, -0.212162, -0.588294
0.826854, 0.233912, -0.060342, -0.835093
0.828261, 0.524378, -0.202209, -0.632592
0.829817, 0.636622, -0.221290, -0.501207
0.830232, 0.828357, -0.247413, -0.250254
0.831052, 0.299649, -0.120618, -0.830816
0.831112, 0.759357, -0.237048, -0.343686
0.831745, 0.377481, -0.156489, -0.777834
0.831922, 0.899185, -0.253428, -0.150033
0.831929, 0.061999, 0.937377, 0.012845
0.832692, 0.192125, -0.222228, -1.038040
0.834045, 0.662559, -0.219816, -0.469527
0.834124, 0.472176, -0.183565, -0.689710
0.834131, 0.973478, -0.256376, -0.040260
0.836412, 0.152052, 0.836618, -0.009212
0.837026, 0.687978, -0.219446, -0.437563
0.837238, 0.256905, -0.086293, -0.848945
0.837990, 0.352971, -0.141922, -0.799683
0.838329, 0.733668, -0.224094, -0.379068
0.838776, 0.872818, -0.240998, -0.188839
0.838828, 0.423140, -0.165464, -0.740077
0.838863, 0.000000, 0.952959, 0.000000
0.839207, 0.803338, -0.232141, -0.286307
0.840048, 0.324684, -0.128258, -0.820979
0.840848, 0.107202, 0.879538, -0.020607
0.841743, 0.946293, -0.244238, -0.081467
0.842078, 0.214317, -0.053452, -0.863148
0.842231, 0.447800, -0.168971, -0.716375
0.842256, 0.042529, 0.946751, 0.006642
0.842882, 0.083867, 0.929851, 0.013349
0.843777, 0.544029, -0.188355, -0.613617
0.844523, 1.000000, -0.243107, 0.000000
0.846086, 0.847162, -0.227584, -0.225982
0.847048, 0.514414, -0.178945, -0.647738
0.847055, 0.595756, -0.193369, -0.554055
0.847125, 0.172256, -0.250717, -1.096813
0.847506, 0.571506, -0.188771, -0.582656
0.847539, 0.711411, -0.208627, -0.408781
0.847553, 0.130549, 1.028340, 0.144722
0.847597, 0.778734, -0.216954, -0.319989
0.848020, 0.396769, -0.149012, -0.766956
0.848417, 0.919385, -0.232757, -0.122162
0.848623, 0.278202, -0.098919, -0.851953
0.850118, 0.619993, -0.193216, -0.525080
0.850690, 0.489351, -0.169736, -0.675646
0.853215, 0.020362, 0.953373, 0.002643
0.854060, 0.238619, -0.072605, -0.870954
0.854091, 0.644077, -0.191467, -0.495694
0.855494, 0.892330, -0.219852, -0.162693
0.855631, 0.753461, -0.202957, -0.355064
0.856078, 0.821706, -0.210747, -0.263070
0.856156, 0.300571, -0.106660, -0.844088
0.856990, 0.371001, -0.133147, -0.792448
0.857528, 0.667487, -0.189950, -0.466446
0.857565, 0.980656, -0.223348, -0.029997
0.859114, 0.066227, 0.941009, 0.005539
0.859874, 0.689804, -0.189422, -0.437836
0.859968, 0.464971, -0.154597, -0.703468
0.860689, 0.346178, -0.122064, -0.813748
0.861504, 0.195317, 0.011147, -0.835585
0.861896, 0.959903, -0.217617, -0.062228
0.862806, 0.438413, -0.145859, -0.731473
0.862916, 0.322249, -0.111412, -0.832405
0.862966, 0.865872, -0.205902, -0.201479
0.864377, 0.147441, 0.007952, -0.866682
0.864471, 0.729696, -0.187923, -0.386947
0.864509, 0.413805, -0.138200, -0.755969
0.864580, 0.093832, 0.888414, -0.036392
0.864968, 0.797434, -0.194952, -0.296757
0.865229, 0.531824, -0.161079, -0.631320
0.865914, 0.259125, -0.081426, -0.872204
0.866600, 0.000000, 0.958541, 0.000000
0.866834, 0.118591, 1.015828, 0.115869
0.866874, 0.219613, -0.048330, -0.877187
0.867324, 0.936365, -0.208345, -0.098648
0.867474, 0.041358, 0.947823, -0.002178
0.867733, 0.556622, -0.162015, -0.603288
0.869653, 0.171183, 0.056046, -0.816222
0.869847, 0.505383, -0.151420, -0.661847
0.870388, 0.582466, -0.162462, -0.573019
0.871115, 0.840075, -0.191514, -0.239270
0.871867, 1.000000, -0.204886, 0.000000
0.872011, 0.607045, -0.163714, -0.543572
0.872275, 0.910855, -0.198449, -0.137564
0.872382, 0.772510, -0.181860, -0.331444
0.873394, 0.387131, -0.123066, -0.783434
0.874619, 0.706767, -0.171620, -0.417733
0.875570, 0.631487, -0.162145, -0.513758
0.876260, 0.283885, -0.087374, -0.864057
0.877332, 0.481704, -0.138955, -0.689273
0.879282, 0.655818, -0.160042, -0.483559
0.879548, 0.884337, -0.184404, -0.177000
0.880910, 0.021089, 0.948994, -0.005013
0.881398, 0.747255, -0.166579, -0.365625
0.881892, 0.680464, -0.159171, -0.452389
0.882469, 0.060230, 0.940992, -0.006139
0.882967, 0.815058, -0.171374, -0.274614
0.882987, 0.360944, -0.107675, -0.809246
0.883180, 0.307216, -0.091454, -0.851411
0.883539, 0.333932, -0.099637, -0.831517
0.883993, 0.238088, -0.064065, -0.892468
0.884034, 0.977782, -0.187618, -0.035726
0.884157, 0.456123, -0.127039, -0.717968
0.885001, 0.082100, 0.953853, 0.012472
0.885247, 0.431919, -0.121511, -0.742932
0.887079, 0.209330, -0.057742, -0.913625
0.887473, 0.132363, -0.119735, -1.026479
0.887603, 0.858522, -0.169848, -0.215108
0.888133, 0.954370, -0.181096, -0.073044
0.888175, 0.521636, -0.132826, -0.646351
0.888351, 0.184911, -0.045682, -0.921899
0.888418, 0.405685, -0.113079, -0.769539
0.889039, 0.106301, 0.715066, -0.201448
0.889714, 0.157158, -0.020029, -0.918589
0.890326, 0.543765, -0.133151, -0.621013
0.890488, 0.264572, -0.070918, -0.881185
0.890648, 0.790837, -0.158031, -0.308557
0.890935, 0.723035, -0.151160, -0.398421
0.891632, 0.929136, -0.173329, -0.112630
0.891726, 0.568251, -0.134446, -0.592596
0.893826, 0.000000, 0.961614, 0.000000
0.894111, 0.593780, -0.134368, -0.562381
0.895467, 0.499512, -0.121311, -0.672869
0.895565, 0.903227, -0.163620, -0.151580
0.896084, 0.041746, 0.945109, -0.011293
0.896337, 0.834098, -0.154137, -0.249825
0.896757, 0.765312, -0.146912, -0.343081
0.896793, 0.619074, -0.133607, -0.531787
0.897790, 1.000000, -0.170655, 0.000000
0.898903, 0.381166, -0.097974, -0.794924
0.899014, 0.698146, -0.137898, -0.431486
0.900454, 0.644516, -0.131284, -0.500354
0.902063, 0.473917, -0.110317, -0.702011
0.902909, 0.670370, -0.130312, -0.467697
0.903950, 0.341863, -0.084995, -0.830422
0.904060, 0.291744, -0.071885, -0.869221
0.904074, 0.876980, -0.147823, -0.190644
0.906065, 0.423823, -0.098701, -0.754740
0.906076, 0.317278, -0.077292, -0.851111
0.907194, 0.739174, -0.130170, -0.378709
0.907446, 0.066320, 1.001529, 0.049088
0.908009, 0.221724, -0.041856, -0.907130
0.908303, 0.021864, 0.921089, -0.031053
0.909223, 0.245729, -0.052560, -0.898223
0.909335, 0.973592, -0.153709, -0.044482
0.909413, 0.447981, -0.098771, -0.730263
0.910210, 0.807475, -0.131709, -0.287936
0.910561, 0.090366, 0.404021, -0.532871
0.910840, 0.195801, -0.027355, -0.915349
0.910909, 0.169632, -0.012726, -0.919093
0.910921, 0.116991, -0.110801, -1.046715
0.911351, 0.142672, 0.005994, -0.918161
0.911796, 0.360885, -0.082186, -0.815553
0.912046, 0.946278, -0.146707, -0.089240
0.912115, 0.523603, -0.104818, -0.647601
0.913175, 0.551014, -0.106383, -0.616259
0.913241, 0.270300, -0.059293, -0.886050
0.913877, 0.855342, -0.130699, -0.221917
0.914007, 0.400595, -0.086915, -0.779160
0.914859, 0.577971, -0.106836, -0.584153
0.915080, 0.919639, -0.137337, -0.130071
0.915313, 0.781829, -0.122070, -0.322409
0.917032, 0.715786, -0.114768, -0.410282
0.917211, 0.496031, -0.095940, -0.678930
0.917496, 0.604723, -0.105793, -0.551624
0.918514, 0.830382, -0.121371, -0.256629
0.918611, 0.893746, -0.128033, -0.168107
0.920265, 0.756363, -0.113114, -0.356714
0.920448, 0.000000, 0.936280, 0.000000
0.920546, 0.631409, -0.103951, -0.518653
0.920907, 0.687902, -0.107485, -0.446674
0.921940, 0.046361, 1.064056, 0.101580
0.922011, 1.000000, -0.138724, 0.000000
0.923236, 0.658908, -0.102383, -0.484036
0.925736, 0.468729, -0.083468, -0.710176
0.927830, 0.379135, -0.070320, -0.801740
0.927843, 0.334684, -0.063377, -0.841800
0.927921, 0.425028, -0.076177, -0.756196
0.928945, 0.309093, -0.057844, -0.863021
0.932005, 0.285569, -0.050842, -0.881012
0.932291, 0.233166, -0.038665, -0.914099
0.932341, 0.208019, -0.031077, -0.925515
0.932477, 0.072390, 0.296088, -0.655652
0.932700, 0.100562, -0.035743, -0.987712
0.933226, 0.873172, -0.103945, -0.199415
0.933246, 0.154824, -0.005918, -0.934041
0.933281, 0.181426, -0.020672, -0.933631
0.933411, 0.022728, 0.954151, 0.025502
0.933481, 0.127808, 0.025718, -0.915786
0.933553, 0.956619, -0.117372, -0.076340
0.933604, 0.980178, -0.119787, -0.035886
0.934123, 0.258339, -0.043821, -0.900051
0.934556, 0.537186, -0.079319, -0.633421
0.935090, 0.734472, -0.091027, -0.387355
0.935468, 0.930351, -0.108571, -0.117485
0.935548, 0.791774, -0.093791, -0.310749
0.935701, 0.563524, -0.079820, -0.602391
0.935912, 0.512082, -0.075744, -0.662295
0.936293, 0.447862, -0.069695, -0.733467
0.936688, 0.816512, -0.093980, -0.277750
0.936868, 0.356155, -0.058557, -0.824544
0.937369, 0.845737, -0.094932, -0.237319
0.937685, 0.590212, -0.079105, -0.570341
0.937850, 0.902968, -0.100104, -0.157408
0.938551, 0.400596, -0.062472, -0.782364
0.938848, 0.705363, -0.084136, -0.425210
0.939062, 0.764726, -0.087024, -0.346966
0.939508, 0.486467, -0.069542, -0.691557
0.940187, 0.617352, -0.077537, -0.537108
0.941165, 0.675767, -0.079387, -0.463265
0.942137, 0.645520, -0.076537, -0.501912
0.946293, 0.045905, 0.773800, -0.187088
0.946582, 0.000000, 0.977321, 0.000000
0.949551, 1.000000, -0.099802, 0.000000
0.951394, 0.423620, -0.051461, -0.760500
0.951973, 0.325992, -0.041345, -0.853502
0.953980, 0.300131, -0.036463, -0.874448
0.954741, 0.377736, -0.044165, -0.806753
0.954906, 0.088508, -0.041504, -0.995779
0.955130, 0.273578, -0.031924, -0.893979
0.955227, 0.467551, -0.050352, -0.713984
0.955228, 0.194200, -0.017472, -0.937232
0.955300, 0.220408, -0.022874, -0.925813
0.955341, 0.114396, 0.010078, -0.941472
0.955571, 0.167527, -0.011493, -0.945883
0.955571, 0.140972, -0.005592, -0.950836
0.955658, 0.886034, -0.070942, -0.183985
0.955943, 0.246452, -0.027212, -0.911681
0.956012, 0.943411, -0.078601, -0.101690
0.956452, 0.971737, -0.086058, -0.056358
0.956623, 0.859363, -0.067132, -0.220624
0.956934, 0.747424, -0.061030, -0.371344
0.956988, 0.548911, -0.052788, -0.621459
0.957176, 0.064713, -0.040036, -0.993550
0.957292, 0.915272, -0.071441, -0.142694
0.957315, 0.830790, -0.064333, -0.259711
0.957618, 0.720106, -0.058959, -0.407071
0.957643, 0.522564, -0.050686, -0.652296
0.957940, 0.350625, -0.038588, -0.832006
0.958128, 0.575806, -0.052606, -0.589259
0.958361, 0.803122, -0.061384, -0.297135
0.958502, 0.776498, -0.059924, -0.332566
0.958607, 0.024143, 0.961518, 0.096779
0.959266, 0.496220, -0.047385, -0.682438
0.959511, 0.691224, -0.055268, -0.444484
0.959886, 0.603261, -0.051517, -0.555724
0.960225, 0.661484, -0.053224, -0.482512
0.960819, 0.443322, -0.042690, -0.740512
0.961131, 0.631646, -0.050970, -0.520375
0.962125, 0.402653, -0.038722, -0.782673
0.972154, 0.000000, 1.323865, 0.000000
0.974027, 1.000000, -0.065740, 0.000000
0.975577, 0.045739, -0.149368, -1.101137
0.976275, 0.313130, -0.019672, -0.865920
0.977286, 0.951897, -0.043936, -0.093454
0.977296, 0.287025, -0.017200, -0.886486
0.977382, 0.898160, -0.037497, -0.169356
0.977668, 0.099873, 0.021734, -0.936586
0.977678, 0.260395, -0.015024, -0.905361
0.977704, 0.180316, -0.006785, -0.945324
0.977706, 0.206890, -0.010139, -0.935462
0.977799, 0.126689, 0.003221, -0.950971
0.977847, 0.925588, -0.039080, -0.131306
0.977862, 0.153530, -0.002391, -0.950791
0.977899, 0.479043, -0.025267, -0.703002
0.977944, 0.366137, -0.021039, -0.819253
0.977950, 0.338238, -0.019721, -0.844659
0.977998, 0.233469, -0.012636, -0.922013
0.978068, 0.844097, -0.033664, -0.242872
0.978072, 0.871316, -0.034796, -0.205978
0.978409, 0.977288, -0.048115, -0.053138
0.978412, 0.760515, -0.030911, -0.354740
0.978698, 0.422802, -0.022531, -0.763244
0.978774, 0.732986, -0.029828, -0.391024
0.978863, 0.534687, -0.025623, -0.638983
0.978881, 0.561714, -0.026241, -0.606891
0.978882, 0.816544, -0.031562, -0.279910
0.979077, 0.073189, 0.015364, -0.945870
0.979162, 0.705106, -0.028732, -0.427348
0.979586, 0.676259, -0.027613, -0.464493
0.979630, 0.788570, -0.029762, -0.317328
0.979705, 0.589304, -0.025800, -0.573420
0.979773, 0.507321, -0.023845, -0.670760
0.979952, 0.647194, -0.026581, -0.501378
0.980192, 0.452276, -0.021842, -0.732043
0.980223, 0.392586, -0.019980, -0.794004
0.980489, 0.617849, -0.025349, -0.538161
0.982486, 0.020013, 0.241177, -0.722142
1.000000, 0.000000, 0.000000, 0.000000
1.000000, 0.030936, 0.000000, -0.952544
1.000000, 0.057655, 0.000000, -0.865337
1.000000, 0.085657, 0.000000, -0.936839
1.000000, 0.112697, 0.000000, -0.958324
1.000000, 0.139670, 0.000000, -0.957235
1.000000, 0.166581, 0.000000, -0.952173
1.000000, 0.193337, 0.000000, -0.943144
1.000000, 0.220045, 0.000000, -0.930704
1.000000, 0.246890, 0.000000, -0.915227
1.000000, 0.273566, 0.000000, -0.897387
1.000000, 0.300022, 0.000000, -0.877548
1.000000, 0.325974, 0.000000, -0.856383
1.000000, 0.352860, 0.000000, -0.832387
1.000000, 0.379982, 0.000000, -0.806903
1.000000, 0.408530, 0.000000, -0.778023
1.000000, 0.436563, 0.000000, -0.749287
1.000000, 0.465138, 0.000000, -0.718096
1.000000, 0.492364, 0.000000, -0.688183
1.000000, 0.520472, 0.000000, -0.655691
1.000000, 0.548014, 0.000000, -0.623553
1.000000, 0.575635, 0.000000, -0.590483
1.000000, 0.603888, 0.000000, -0.555806
1.000000, 0.632815, 0.000000, -0.519673
1.000000, 0.661550, 0.000000, -0.483535
1.000000, 0.690101, 0.000000, -0.447048
1.000000, 0.718336, 0.000000, -0.410510
1.000000, 0.746211, 0.000000, -0.374046
1.000000, 0.773780, 0.000000, -0.337691
1.000000, 0.801847, 0.000000, -0.300000
1.000000, 0.829313, 0.000000, -0.263394
1.000000, 0.856088, 0.000000, -0.227574
1.000000, 0.882475, 0.000000, -0.191935
1.000000, 0.907977, 0.000000, -0.157473
1.000000, 0.932670, 0.000000, -0.123444
1.000000, 0.955843, 0.000000, -0.090615
1.000000, 0.978099, 0.000000, -0.054224
1.000000, 1.000000, 0.000000, 0.000000
