0.000000, 0.000000, 0.000000, 0.000000
0.000000, 0.029021, 0.000000, 0.063760
0.000000, 0.056003, 0.000000, 0.099304
0.000000, 0.082472, 0.000000, 0.131274
0.000000, 0.109014, 0.000000, 0.162548
0.000000, 0.136105, 0.000000, 0.194050
0.000000, 0.164611, 0.000000, 0.227360
0.000000, 0.194376, 0.000000, 0.263599
0.000000, 0.222208, 0.000000, 0.295702
0.000000, 0.251923, 0.000000, 0.330482
0.000000, 0.281839, 0.000000, 0.365631
0.000000, 0.310797, 0.000000, 0.399946
0.000000, 0.337786, 0.000000, 0.430748
0.000000, 0.365748, 0.000000, 0.462955
0.000000, 0.393541, 0.000000, 0.493719
0.000000, 0.422563, 0.000000, 0.526642
0.000000, 0.450038, 0.000000, 0.556972
0.000000, 0.477148, 0.000000, 0.586432
0.000000, 0.504111, 0.000000, 0.615133
0.000000, 0.531347, 0.000000, 0.643733
0.000000, 0.558609, 0.000000, 0.672105
0.000000, 0.584626, 0.000000, 0.698240
0.000000, 0.610989, 0.000000, 0.724345
0.000000, 0.636910, 0.000000, 0.749422
0.000000, 0.662307, 0.000000, 0.772864
0.000000, 0.688824, 0.000000, 0.796681
0.000000, 0.715827, 0.000000, 0.819985
0.000000, 0.742847, 0.000000, 0.842294
0.000000, 0.769486, 0.000000, 0.863040
0.000000, 0.795477, 0.000000, 0.881827
0.000000, 0.820995, 0.000000, 0.898565
0.000000, 0.846479, 0.000000, 0.913426
0.000000, 0.872229, 0.000000, 0.927258
0.000000, 0.898064, 0.000000, 0.937420
0.000000, 0.923541, 0.000000, 0.935488
0.000000, 0.948427, 0.000000, 1.099458
0.000000, 0.973004, 0.000000, 1.540650
0.000000, 1.000000, 0.000000, 0.000000
0.018189, 0.178444, 0.024536, 0.244440
0.018281, 0.267328, 0.023119, 0.348597
0.018734, 0.236793, 0.024153, 0.312994
0.018896, 0.409359, 0.022121, 0.511179
0.019293, 0.984915, -0.883248, 0.050906
0.019452, 0.297296, 0.024226, 0.383857
0.019654, 0.019337, 0.043059, 0.042325
0.019874, 0.149502, 0.027688, 0.210236
0.020665, 0.544990, 0.022009, 0.657153
0.020922, 0.517765, 0.022776, 0.628780
0.021053, 0.350280, 0.025415, 0.444898
0.021135, 0.436918, 0.024315, 0.541731
0.021183, 0.729813, 0.017664, 0.830935
0.021238, 0.702259, 0.018670, 0.807703
0.021523, 0.463839, 0.024340, 0.571181
0.021614, 0.490545, 0.023994, 0.599923
0.021764, 0.379852, 0.025855, 0.478211
0.021802, 0.756596, 0.017018, 0.852178
0.021824, 0.597310, 0.022127, 0.710055
0.021913, 0.674763, 0.020144, 0.783479
0.022110, 0.121583, 0.031991, 0.177125
0.022149, 0.208174, 0.029187, 0.279973
0.022371, 0.885957, 0.006874, 0.927272
0.022583, 0.624419, 0.022246, 0.736597
0.022661, 0.912242, 0.003959, 0.929923
0.022725, 0.572255, 0.023645, 0.685172
0.022739, 0.044448, 0.041413, 0.081365
0.022768, 0.859830, 0.011378, 0.918667
0.022816, 0.783577, 0.016373, 0.872107
0.022823, 0.324628, 0.028018, 0.415840
0.023006, 0.095475, 0.035031, 0.145848
0.023281, 0.069970, 0.038071, 0.114603
0.023377, 0.937588, 0.151669, 1.043920
0.023454, 0.834113, 0.013221, 0.904571
0.023533, 0.808963, 0.015145, 0.889217
0.023741, 0.648317, 0.022641, 0.759165
0.023811, 0.961293, 0.035070, 0.882191
0.027795, 0.000000, 0.062435, 0.000000
0.032728, 1.000000, -0.933610, 0.000000
0.036759, 0.253549, 0.046870, 0.332340
0.037405, 0.282760, 0.046942, 0.366802
0.038200, 0.186654, 0.050958, 0.252895
0.038341, 0.400010, 0.045055, 0.500696
0.039483, 0.361481, 0.047421, 0.457278
0.040004, 0.161515, 0.054600, 0.222982
0.041235, 0.227539, 0.053487, 0.301883
0.041866, 0.557627, 0.044020, 0.670303
0.041888, 0.135269, 0.058901, 0.191834
0.041922, 0.716834, 0.035827, 0.819436
0.041932, 0.610503, 0.041791, 0.722644
0.042067, 0.531238, 0.045263, 0.643234
0.042143, 0.425026, 0.048821, 0.528896
0.042220, 0.688823, 0.037897, 0.795305
0.042281, 0.504629, 0.046448, 0.615294
0.042649, 0.309370, 0.052714, 0.397651
0.043108, 0.026966, 0.078795, 0.049054
0.043299, 0.451109, 0.049358, 0.557700
0.043413, 0.770163, 0.032778, 0.861353
0.043564, 0.743133, 0.035171, 0.840642
0.043582, 0.477199, 0.048809, 0.585940
0.044124, 0.660426, 0.041321, 0.769869
0.044142, 0.900916, 0.021093, 0.942488
0.044823, 0.874262, 0.017892, 0.921129
0.045194, 0.928399, 0.164925, 1.103285
0.045648, 0.978298, -1.137784, -0.176943
0.045654, 0.054995, 0.074852, 0.090660
0.045720, 0.107484, 0.066712, 0.157923
0.045957, 0.848114, 0.027942, 0.913398
0.046430, 0.585445, 0.047526, 0.697979
0.046816, 0.081883, 0.071608, 0.125927
0.046856, 0.797383, 0.032819, 0.880628
0.047154, 0.335929, 0.057398, 0.427757
0.047368, 0.954749, -0.555438, 0.384582
0.047404, 0.822351, 0.031164, 0.897520
0.049148, 0.633976, 0.047640, 0.745291
0.049440, 0.204381, 0.065040, 0.273761
0.050685, 0.382642, 0.060173, 0.480805
0.051706, 0.000000, 0.092790, 0.000000
0.056084, 0.268467, 0.070758, 0.348760
0.059642, 1.000000, -0.877615, 0.000000
0.061108, 0.176389, 0.081750, 0.239402
0.061181, 0.245439, 0.078160, 0.321377
0.062059, 0.291743, 0.077357, 0.376204
0.062131, 0.409234, 0.072623, 0.510328
0.062153, 0.704678, 0.054117, 0.807300
0.062621, 0.676033, 0.057220, 0.782153
0.062828, 0.357928, 0.075491, 0.451979
0.063155, 0.566832, 0.065761, 0.677790
0.063188, 0.150920, 0.086486, 0.208979
0.063369, 0.491674, 0.070188, 0.599976
0.063456, 0.124141, 0.089195, 0.176061
0.063850, 0.607850, 0.063767, 0.718763
0.064253, 0.517996, 0.069776, 0.627646
0.064449, 0.542662, 0.068583, 0.653053
0.064835, 0.436996, 0.074509, 0.540937
0.065005, 0.916045, 0.096804, 1.006648
0.065082, 0.756590, 0.050373, 0.848550
0.065652, 0.729700, 0.054244, 0.827502
0.065684, 0.782337, 0.046897, 0.866773
0.065933, 0.463256, 0.074440, 0.569280
0.066168, 0.020295, 0.108792, 0.033478
0.066303, 0.889203, 0.043110, 0.942617
0.066808, 0.316489, 0.082204, 0.405079
0.066952, 0.221048, 0.086747, 0.292350
0.067097, 0.945212, -0.929160, -0.011764
0.067411, 0.043396, 0.108319, 0.069043
0.067822, 0.863042, 0.011627, 0.892450
0.068497, 0.650547, 0.064917, 0.758629
0.069047, 0.069167, 0.105325, 0.105581
0.069561, 0.837080, 0.031569, 0.891914
0.070399, 0.974915, -1.023851, -0.068273
0.070706, 0.095641, 0.102695, 0.139404
0.071761, 0.811158, 0.044974, 0.883574
0.072791, 0.195719, 0.095765, 0.261807
0.073150, 0.382082, 0.086642, 0.478548
0.074854, 0.585490, 0.076537, 0.695934
0.075997, 0.338155, 0.092359, 0.429401
0.077068, 0.627354, 0.075192, 0.736067
0.078350, 0.000000, 0.126102, 0.000000
0.079247, 0.268443, 0.099769, 0.347758
0.080655, 0.692213, 0.071608, 0.793846
0.083434, 0.480335, 0.093060, 0.586341
0.084089, 0.240144, 0.107447, 0.314048
0.084248, 0.402840, 0.098582, 0.501298
0.084316, 0.116180, 0.118378, 0.163832
0.085003, 0.929408, -1.011689, -0.105877
0.085197, 0.167845, 0.114019, 0.227358
0.085231, 0.141670, 0.116831, 0.195812
0.085237, 0.295351, 0.105712, 0.378815
0.085256, 1.000000, -0.898648, 0.000000
0.085453, 0.507308, 0.093454, 0.614875
0.085658, 0.426167, 0.098929, 0.527633
0.086042, 0.791631, 0.059371, 0.868472
0.086299, 0.558616, 0.090403, 0.667657
0.086780, 0.743334, 0.069415, 0.834737
0.087220, 0.668316, 0.080408, 0.772157
0.087519, 0.533456, 0.093743, 0.642071
0.087707, 0.903879, -0.093802, 0.789270
0.087801, 0.958216, -0.904135, 0.019516
0.088073, 0.715702, 0.074743, 0.812759
0.088291, 0.361273, 0.105827, 0.454998
0.089060, 0.451182, 0.101214, 0.554615
0.089299, 0.766739, 0.066915, 0.851131
0.089659, 0.878833, 0.191657, 1.066999
0.090262, 0.026085, 0.138237, 0.039826
0.090291, 0.603964, 0.090385, 0.712576
0.091002, 0.052791, 0.136824, 0.078855
0.091324, 0.215954, 0.118351, 0.285102
0.091484, 0.853920, 0.069623, 0.926724
0.092624, 0.079184, 0.134716, 0.115107
0.093492, 0.318899, 0.114420, 0.405488
0.093687, 0.829323, 0.049571, 0.884273
0.094440, 0.190778, 0.124194, 0.254463
0.095224, 0.645736, 0.090516, 0.750993
0.098998, 0.979956, -0.959258, -0.020396
0.099553, 0.577985, 0.102248, 0.686158
0.099717, 0.383591, 0.117927, 0.479308
0.100205, 0.254105, 0.126827, 0.329554
0.100937, 0.101106, 0.142179, 0.142457
0.101784, 0.807777, 0.063978, 0.873366
0.102186, 0.000000, 0.153446, 0.000000
0.102939, 0.690997, 0.090948, 0.789734
0.103137, 0.470945, 0.115565, 0.575165
0.103346, 0.341842, 0.124870, 0.431178
0.103482, 0.278518, 0.129381, 0.358391
0.104642, 0.942015, -0.909586, -0.002773
0.104760, 0.623694, 0.102243, 0.729626
0.105945, 0.496374, 0.116597, 0.602443
0.106334, 0.733476, 0.085888, 0.822895
0.107110, 0.127287, 0.147127, 0.175362
0.107576, 0.408672, 0.125307, 0.506738
0.107918, 0.152880, 0.145406, 0.207423
0.108476, 0.522705, 0.116961, 0.630037
0.109381, 0.918435, -1.064577, -0.175344
0.109556, 0.781986, 0.076558, 0.856201
0.109949, 0.432631, 0.126247, 0.533167
0.110044, 0.550254, 0.115851, 0.657945
0.111218, 0.231120, 0.142273, 0.301320
0.111936, 0.301134, 0.138250, 0.384386
0.111937, 0.894895, -0.701312, 0.155854
0.112044, 0.667361, 0.102722, 0.768101
0.112213, 0.176882, 0.148376, 0.236168
0.113718, 0.870985, 0.038537, 0.879308
0.113750, 1.000000, -0.918258, 0.000000
0.114168, 0.041166, 0.166192, 0.059256
0.114243, 0.756364, 0.086422, 0.838159
0.114591, 0.066130, 0.164551, 0.094151
0.114752, 0.019568, 0.167510, 0.028589
0.114869, 0.205076, 0.149389, 0.270479
0.115000, 0.599703, 0.115130, 0.705625
0.115051, 0.364628, 0.137215, 0.456305
0.115169, 0.711023, 0.097517, 0.803791
0.115887, 0.847067, 0.146463, 0.976865
0.116363, 0.961905, -0.926098, -0.015101
0.118244, 0.454013, 0.133826, 0.555503
0.120696, 0.323939, 0.147225, 0.410208
0.121138, 0.824318, 0.074857, 0.882098
0.121320, 0.644923, 0.114640, 0.746817
0.121363, 0.088597, 0.170397, 0.123878
0.121810, 0.258654, 0.153471, 0.333505
0.122916, 0.575286, 0.126090, 0.681001
0.124460, 0.389249, 0.146330, 0.483356
0.126015, 0.479781, 0.140003, 0.582408
0.126935, 0.112600, 0.174412, 0.154386
0.127419, 0.800214, 0.080041, 0.859727
0.127969, 0.688095, 0.112640, 0.782687
0.128623, 0.937858, -0.900226, -0.010605
0.128893, 0.505329, 0.140481, 0.609093
0.129048, 0.980522, -0.928837, -0.009708
0.129259, 0.000000, 0.186541, 0.000000
0.129632, 0.281273, 0.161303, 0.359532
0.130009, 0.732648, 0.104268, 0.817137
0.130339, 0.622313, 0.126580, 0.724672
0.130460, 0.138032, 0.175986, 0.186385
0.130920, 0.346487, 0.157694, 0.435308
0.131275, 0.530757, 0.140131, 0.635196
0.131453, 0.414123, 0.152248, 0.510500
0.132835, 0.162678, 0.176314, 0.216976
0.133330, 0.775470, 0.093891, 0.844904
0.133821, 0.913635, -0.927216, -0.056654
0.134123, 0.238932, 0.170546, 0.309056
0.134215, 0.189175, 0.175151, 0.249011
0.135111, 0.553930, 0.141217, 0.657957
0.135848, 0.889483, -1.065054, -0.220736
0.136232, 0.216628, 0.175193, 0.282224
0.136239, 0.051190, 0.191688, 0.071232
0.136873, 0.436869, 0.156245, 0.534846
0.137908, 0.865374, -0.490272, 0.322155
0.138029, 0.304760, 0.169581, 0.386270
0.138058, 0.665693, 0.125729, 0.761718
0.139276, 0.599672, 0.138708, 0.701947
0.139360, 0.023814, 0.197270, 0.033461
0.140847, 0.370509, 0.167327, 0.461749
0.141233, 0.709119, 0.118410, 0.796124
0.141711, 0.841753, 0.134914, 0.928644
0.141833, 0.752422, 0.107214, 0.827546
0.142091, 0.074626, 0.197250, 0.102604
0.142478, 1.000000, -0.916090, 0.000000
0.143226, 0.461362, 0.160793, 0.560582
0.143248, 0.957777, -0.916710, -0.023685
0.146795, 0.817700, 0.133806, 0.911279
0.147203, 0.259793, 0.184985, 0.332983
0.147362, 0.578257, 0.150008, 0.679784
0.147385, 0.643264, 0.138481, 0.740174
0.147559, 0.327733, 0.179005, 0.411964
0.147866, 0.098596, 0.202390, 0.134072
0.149061, 0.487043, 0.164195, 0.587053
0.149406, 0.395309, 0.174892, 0.488728
0.152054, 0.123487, 0.204919, 0.165709
0.152146, 0.512346, 0.164287, 0.612810
0.153058, 0.794155, 0.097637, 0.846993
0.153157, 0.933408, -0.901380, -0.032118
0.153806, 0.686809, 0.133882, 0.775099
0.154374, 0.000000, 0.216089, 0.000000
0.154565, 0.284341, 0.191767, 0.361310
0.154592, 0.148773, 0.205336, 0.197410
0.154916, 0.203442, 0.199599, 0.264288
0.155045, 0.175062, 0.203047, 0.230075
0.155486, 0.728855, 0.121677, 0.804504
0.156231, 0.620802, 0.151018, 0.718119
0.156663, 0.977459, -0.911180, -0.012232
0.156822, 0.535408, 0.165944, 0.635403
0.156903, 0.040269, 0.217395, 0.055037
0.157089, 0.351505, 0.188035, 0.438231
0.157297, 0.419433, 0.181357, 0.514542
0.157862, 0.907760, -0.884341, -0.037750
0.158213, 0.234305, 0.200787, 0.301359
0.158701, 0.771257, 0.106522, 0.828096
0.159409, 0.557252, 0.165251, 0.656825
0.159795, 0.883527, -0.927508, -0.102303
0.161802, 0.443399, 0.183617, 0.539951
0.162704, 0.859238, -1.034085, -0.239949
0.163799, 0.062289, 0.224715, 0.084221
0.164030, 0.307781, 0.200933, 0.387746
0.164039, 0.664131, 0.148295, 0.753997
0.165368, 0.598345, 0.163960, 0.695446
0.166162, 0.376264, 0.196060, 0.465254
0.166794, 0.834148, -0.396171, 0.362577
0.167355, 0.469039, 0.186497, 0.566610
0.168037, 0.020230, 0.231398, 0.027648
0.168453, 0.707116, 0.139081, 0.785767
0.168707, 0.747832, 0.118151, 0.806479
0.169114, 0.084688, 0.229426, 0.113448
0.169357, 1.000000, -0.903614, 0.000000
0.169743, 0.262462, 0.212245, 0.333877
0.169941, 0.953452, -0.900927, -0.028469
0.171976, 0.496101, 0.187715, 0.594358
0.173134, 0.810865, 0.221242, 0.958049
0.173351, 0.331656, 0.209560, 0.414297
0.173410, 0.575564, 0.176007, 0.672385
0.173457, 0.108841, 0.233074, 0.144862
0.173461, 0.641540, 0.161913, 0.732393
0.173762, 0.215554, 0.221699, 0.277071
0.174938, 0.401037, 0.203323, 0.491836
0.175051, 0.187624, 0.226615, 0.243462
0.176626, 0.134592, 0.234324, 0.177379
0.176642, 0.926067, -0.890877, -0.044937
0.177243, 0.160210, 0.232381, 0.209409
0.177436, 0.521517, 0.189497, 0.619398
0.179718, 0.286545, 0.221820, 0.361150
0.179840, 0.788246, 0.125345, 0.843080
0.180105, 0.684417, 0.156148, 0.765819
0.181667, 0.000000, 0.249003, 0.000000
0.181678, 0.243509, 0.228578, 0.309883
0.182138, 0.618750, 0.175031, 0.710309
0.182157, 0.043438, 0.247980, 0.058156
0.182172, 0.979942, -0.895676, -0.012643
0.182258, 0.356618, 0.217227, 0.441709
0.182281, 0.548326, 0.189761, 0.644538
0.182675, 0.900313, -0.876541, -0.056839
0.182893, 0.727404, 0.145472, 0.797639
0.183020, 0.425690, 0.209375, 0.517884
0.183489, 0.766221, 0.113319, 0.805442
0.183900, 0.876784, -0.872955, -0.075548
0.185307, 0.449808, 0.208534, 0.543277
0.186121, 0.849728, -0.858791, -0.087912
0.189310, 0.310611, 0.230647, 0.388074
0.189687, 0.477985, 0.209178, 0.572537
0.190365, 0.661570, 0.170417, 0.743912
0.190562, 0.067297, 0.256928, 0.089154
0.191208, 0.595562, 0.188644, 0.687372
0.191307, 0.381890, 0.224614, 0.468995
0.193470, 0.825474, -1.042916, -0.309520
0.193547, 0.962368, -0.886667, -0.025194
0.194325, 0.091229, 0.259479, 0.119899
0.194703, 0.225487, 0.246349, 0.286961
0.194936, 0.022423, 0.263514, 0.029891
0.195258, 0.704732, 0.163387, 0.777842
0.195313, 0.200241, 0.249933, 0.256501
0.195507, 0.940119, -0.882320, -0.039833
0.195605, 0.571597, 0.198090, 0.664095
0.195925, 0.266223, 0.243534, 0.335536
0.196113, 0.502994, 0.211794, 0.597161
0.196920, 0.118756, 0.260831, 0.155428
0.196959, 0.173813, 0.254981, 0.224100
0.197499, 0.747958, 0.171976, 0.828744
0.197581, 1.000000, -0.885954, 0.000000
0.197957, 0.336002, 0.237883, 0.416212
0.199565, 0.637914, 0.185037, 0.722019
0.199983, 0.801083, -0.333092, 0.360392
0.200053, 0.530875, 0.210734, 0.624547
0.200299, 0.407200, 0.231413, 0.495715
0.200491, 0.146052, 0.261967, 0.189140
0.202061, 0.915417, -0.873100, -0.056738
0.204291, 0.866341, -0.855525, -0.086650
0.205201, 0.289189, 0.251878, 0.361246
0.205207, 0.459213, 0.228766, 0.550090
0.205883, 0.774188, 0.380669, 1.049262
0.206548, 0.682484, 0.173308, 0.751704
0.206908, 0.361353, 0.245087, 0.443787
0.207343, 0.046642, 0.278218, 0.061346
0.207681, 0.613008, 0.199033, 0.698761
0.207790, 0.000000, 0.280153, 0.000000
0.208785, 0.433013, 0.236853, 0.521936
0.208991, 0.555754, 0.214374, 0.646508
0.209016, 0.725261, 0.161304, 0.782065
0.209391, 0.246164, 0.262226, 0.310528
0.209501, 0.891465, -0.861659, -0.073150
0.212096, 0.981279, -0.875409, -0.013401
0.212152, 0.843172, -0.837714, -0.097911
0.213462, 0.315322, 0.258460, 0.390457
0.214727, 0.483350, 0.234760, 0.573551
0.215630, 0.219354, 0.272506, 0.277452
0.215723, 0.099156, 0.284232, 0.128319
0.215910, 0.659060, 0.191485, 0.733668
0.216037, 0.585932, 0.213663, 0.672793
0.216175, 0.385836, 0.252262, 0.469752
0.216777, 0.071238, 0.287796, 0.092586
0.216952, 0.512787, 0.231412, 0.602764
0.217278, 0.958919, -0.870087, -0.029935
0.217573, 0.193445, 0.277992, 0.246014
0.218870, 0.168444, 0.281579, 0.214784
0.219663, 0.819353, -0.836452, -0.126229
0.219994, 0.934028, -0.864959, -0.047809
0.220359, 0.023394, 0.293723, 0.030578
0.220545, 0.124631, 0.288379, 0.160468
0.221596, 0.748163, 0.152078, 0.783165
0.222433, 0.341017, 0.265577, 0.418615
0.222503, 0.703501, 0.153398, 0.737741
0.223147, 0.267641, 0.276152, 0.334320
0.223405, 0.793395, -1.040662, -0.371745
0.224190, 0.634357, 0.206450, 0.711340
0.224808, 0.410388, 0.258205, 0.495363
0.224975, 0.537782, 0.233963, 0.625278
0.225772, 0.146415, 0.292740, 0.187327
0.225978, 0.456164, 0.251523, 0.543503
0.226045, 0.870393, -0.844867, -0.092466
0.226790, 1.000000, -0.865224, 0.000000
0.228086, 0.294529, 0.278292, 0.364611
0.228298, 0.910968, -0.854929, -0.065368
0.229843, 0.768465, -0.263631, 0.364165
0.230519, 0.609641, 0.219521, 0.688604
0.231256, 0.564219, 0.233348, 0.648239
0.232056, 0.047193, 0.307548, 0.061065
0.232339, 0.680522, 0.199931, 0.747664
0.232350, 0.364513, 0.273547, 0.443506
0.232532, 0.239141, 0.290648, 0.299320
0.233459, 0.000000, 0.310402, 0.000000
0.234183, 0.498030, 0.251851, 0.584317
0.234376, 0.726215, 0.117373, 0.715179
0.234525, 0.848218, -0.827048, -0.104581
0.235359, 0.432799, 0.265917, 0.517387
0.236636, 0.086685, 0.310337, 0.111070
0.236893, 0.212658, 0.299047, 0.267175
0.237502, 0.321455, 0.285700, 0.394304
0.238464, 0.953503, -0.853761, -0.036009
0.239029, 0.890673, -0.842480, -0.081706
0.240356, 0.185926, 0.305239, 0.233729
0.240367, 0.977639, -0.854878, -0.017354
0.240414, 0.655339, 0.209545, 0.719294
0.240606, 0.109986, 0.313058, 0.140090
0.240872, 0.476434, 0.263119, 0.560944
0.241151, 0.388418, 0.279684, 0.468437
0.241409, 0.587240, 0.235834, 0.665398
0.242639, 0.521114, 0.255104, 0.605215
0.242664, 0.827510, -0.810958, -0.116604
0.244314, 0.804762, -0.846541, -0.179793
0.244469, 0.163612, 0.313501, 0.206825
0.245599, 0.023221, 0.323509, 0.029823
0.246031, 0.931077, -0.845638, -0.053759
0.246459, 0.066664, 0.323383, 0.085247
0.247191, 0.255856, 0.305766, 0.317085
0.247460, 0.278862, 0.302916, 0.343779
0.247665, 0.135763, 0.319337, 0.171762
0.248323, 0.780111, -0.795533, -0.158536
0.248851, 0.343579, 0.295442, 0.417596
0.248873, 0.701754, 0.289320, 0.841897
0.248980, 0.631843, 0.225002, 0.697832
0.249165, 0.750157, -0.314302, 0.274728
0.249365, 0.545226, 0.255390, 0.626331
0.250722, 0.454288, 0.278085, 0.536665
0.250845, 0.411037, 0.286441, 0.491177
0.251293, 0.303718, 0.304006, 0.371947
0.251725, 0.868498, -0.827631, -0.101327
0.254036, 1.000000, -0.844761, 0.000000
0.254643, 0.609994, 0.239143, 0.679537
0.256243, 0.674153, 0.204740, 0.716946
0.256551, 0.910112, -0.834256, -0.071391
0.257238, 0.725989, 0.565253, 1.128129
0.257253, 0.228241, 0.320912, 0.283015
0.257346, 0.568316, 0.256061, 0.644861
0.257748, 0.367277, 0.301653, 0.442443
0.257962, 0.202572, 0.324370, 0.251988
0.258168, 0.500090, 0.275258, 0.580557
0.259056, 0.044574, 0.339310, 0.056772
0.259307, 0.000000, 0.340534, 0.000000
0.260415, 0.955847, -0.836945, -0.036065
0.261058, 0.845569, -0.813858, -0.120150
0.262083, 0.090180, 0.340357, 0.113913
0.262290, 0.432673, 0.294554, 0.511706
0.262893, 0.116893, 0.338723, 0.146976
0.264495, 0.154956, 0.337655, 0.193963
0.265756, 0.478457, 0.288191, 0.557603
0.265812, 0.323386, 0.318090, 0.392565
0.266409, 0.649085, 0.229180, 0.701460
0.266890, 0.767218, -0.687701, -0.082146
0.266944, 0.888754, -0.821784, -0.089676
0.266955, 0.524321, 0.277324, 0.601233
0.267202, 0.820378, -0.795213, -0.133607
0.267245, 0.389905, 0.308148, 0.465370
0.267511, 0.180911, 0.339083, 0.225528
0.267542, 0.592616, 0.257179, 0.662355
0.268199, 0.796131, -0.806664, -0.173456
0.268251, 0.978363, -0.833090, -0.017877
0.268970, 0.248564, 0.332156, 0.305574
0.271093, 0.293725, 0.328192, 0.357513
0.271633, 0.932642, -0.826092, -0.055809
0.272014, 0.022053, 0.354458, 0.027876
0.272062, 0.692038, 0.165098, 0.677653
0.272066, 0.271676, 0.333002, 0.332472
0.272927, 0.066737, 0.354392, 0.084038
0.274413, 0.456410, 0.301972, 0.533258
0.274576, 0.547593, 0.277133, 0.619803
0.274587, 0.347239, 0.323989, 0.417612
0.275392, 0.622454, 0.254773, 0.685941
0.276787, 0.740812, -1.094696, -0.538358
0.276850, 0.713463, 0.019484, 0.538213
0.277480, 0.136693, 0.354264, 0.170277
0.277505, 0.865587, -0.807973, -0.109912
0.277545, 0.411715, 0.315017, 0.486559
0.278587, 0.208805, 0.348613, 0.257547
0.281569, 1.000000, -0.822115, 0.000000
0.281645, 0.571977, 0.274038, 0.637329
0.282219, 0.670004, 0.221573, 0.698649
0.282575, 0.503016, 0.298322, 0.577110
0.282837, 0.107162, 0.363102, 0.133492
0.283509, 0.910221, -0.813374, -0.075765
0.284252, 0.369850, 0.330565, 0.440526
0.284989, 0.955516, -0.817098, -0.038169
0.285054, 0.231719, 0.352938, 0.283616
0.285054, 0.839298, -0.794860, -0.131871
0.285439, 0.043929, 0.370005, 0.055089
0.285876, 0.000000, 0.371394, 0.000000
0.286379, 0.308116, 0.343537, 0.371631
0.286740, 0.163907, 0.363179, 0.202838
0.287421, 0.786447, -0.775121, -0.172555
0.288043, 0.434002, 0.321197, 0.507324
0.288871, 0.762497, -0.730224, -0.154263
0.289041, 0.598976, 0.264397, 0.651038
0.289865, 0.481418, 0.311189, 0.554137
0.290073, 0.085487, 0.373157, 0.106397
0.290418, 0.644708, 0.262641, 0.702084
0.291515, 0.813647, -0.779818, -0.150965
0.292012, 0.526249, 0.300093, 0.595588
0.292615, 0.189367, 0.367257, 0.232778
0.292776, 0.330239, 0.347301, 0.395660
0.292842, 0.257824, 0.358667, 0.313244
0.292989, 0.887326, -0.801139, -0.096219
0.294213, 0.391619, 0.336997, 0.461772
0.295490, 0.978149, -0.810194, -0.019087
0.296874, 0.457529, 0.324349, 0.528596
0.297090, 0.283838, 0.359951, 0.342773
0.297617, 0.125429, 0.378985, 0.154847
0.297626, 0.693809, 0.169553, 0.644123
0.297738, 0.932217, -0.804547, -0.059142
0.298259, 0.721911, -0.739063, -0.227423
0.298611, 0.021448, 0.385313, 0.026680
0.298750, 0.550787, 0.297849, 0.614842
0.300603, 0.860108, -0.788896, -0.119852
0.300675, 0.063938, 0.386839, 0.079343
0.300970, 0.621485, 0.248347, 0.647119
0.302113, 0.352127, 0.353724, 0.418142
0.303875, 0.147904, 0.384158, 0.181560
0.303994, 0.213993, 0.377817, 0.260818
0.304024, 0.575830, 0.293973, 0.634711
0.304125, 0.413151, 0.342699, 0.481993
0.304271, 0.745447, -0.776713, -0.238197
0.305316, 0.666707, 0.299554, 0.748270
0.308522, 0.504957, 0.321675, 0.570510
0.308881, 1.000000, -0.798647, 0.000000
0.309144, 0.794786, -0.762370, -0.173757
0.309279, 0.835188, -0.775392, -0.142113
0.309376, 0.238680, 0.380070, 0.288534
0.309697, 0.104971, 0.394597, 0.129038
0.309794, 0.308409, 0.370148, 0.368345
0.310349, 0.955749, -0.795614, -0.039702
0.310394, 0.909002, -0.791036, -0.080755
0.311251, 0.771441, -0.737328, -0.176925
0.311336, 0.172571, 0.390883, 0.210718
0.312089, 0.374032, 0.360139, 0.439730
0.312578, 0.041585, 0.401327, 0.051355
0.312902, 0.000000, 0.402444, 0.000000
0.312991, 0.480008, 0.333828, 0.545873
0.313525, 0.599034, 0.296831, 0.653834
0.313550, 0.434674, 0.347055, 0.501400
0.315339, 0.879893, -0.781156, -0.106691
0.315768, 0.641776, 0.206025, 0.609508
0.315896, 0.264645, 0.383899, 0.317646
0.316220, 0.530481, 0.319044, 0.589603
0.317572, 0.084346, 0.405390, 0.103576
0.318834, 0.331856, 0.375848, 0.392611
0.319123, 0.456344, 0.346681, 0.521151
0.319176, 0.196078, 0.397020, 0.237595
0.319313, 0.813869, -0.760385, -0.161268
0.319415, 0.709494, -0.838769, -0.358882
0.322094, 0.395993, 0.365772, 0.460505
0.322208, 0.684443, -0.418081, 0.016218
0.322436, 0.128827, 0.407833, 0.157104
0.322517, 0.978261, -0.786334, -0.019888
0.322703, 0.555069, 0.312998, 0.605521
0.323263, 0.933398, -0.782554, -0.060730
0.323589, 0.288739, 0.388794, 0.343818
0.324182, 0.734267, -0.693762, -0.190599
0.325578, 0.855542, -0.767563, -0.129379
0.326201, 0.020270, 0.417064, 0.024820
0.327357, 0.061448, 0.417632, 0.075162
0.327531, 0.618471, 0.326548, 0.689680
0.328045, 0.577966, 0.304125, 0.617993
0.328797, 0.154123, 0.412285, 0.186663
0.328872, 0.354788, 0.382126, 0.415447
0.329563, 0.221301, 0.406351, 0.266153
0.329610, 0.759076, -0.736284, -0.210221
0.330568, 0.660488, 0.204651, 0.601765
0.330960, 0.895508, -0.770336, -0.095688
0.331782, 0.418375, 0.370051, 0.480806
0.332554, 0.491868, 0.348106, 0.550281
0.333030, 0.787343, -0.738866, -0.184824
0.333260, 0.244976, 0.406323, 0.292403
0.334591, 0.515633, 0.341144, 0.570471
0.335389, 0.108056, 0.423659, 0.130953
0.335467, 0.311864, 0.397926, 0.367518
0.336197, 1.000000, -0.774128, 0.000000
0.336529, 0.956482, -0.772358, -0.040634
0.336655, 0.833828, -0.752929, -0.150540
0.337058, 0.177592, 0.419769, 0.213852
0.338176, 0.466563, 0.361853, 0.525040
0.339348, 0.377651, 0.388099, 0.437264
0.339432, 0.916104, -0.766187, -0.078109
0.340205, 0.039851, 0.432953, 0.048458
0.340243, 0.596660, 0.299528, 0.621569
0.340434, 0.270165, 0.410477, 0.319953
0.340473, 0.441724, 0.371981, 0.501183
0.340735, 0.000000, 0.434342, 0.000000
0.341799, 0.540753, 0.337363, 0.588897
0.342147, 0.082467, 0.433453, 0.099901
0.342293, 0.872772, -0.756554, -0.117750
0.342309, 0.636401, 0.484531, 0.849227
0.342832, 0.811122, -0.741071, -0.170743
0.342893, 0.698479, -0.608831, -0.170733
0.343883, 0.202711, 0.424074, 0.242206
0.344250, 0.722484, -0.732372, -0.265254
0.345212, 0.334978, 0.403874, 0.390698
0.345859, 0.136032, 0.434093, 0.163806
0.348217, 0.566793, 0.332911, 0.608055
0.349192, 0.400769, 0.392352, 0.458452
0.349260, 0.676530, -0.860287, -0.450334
0.349703, 0.978586, -0.761373, -0.020382
0.350115, 0.745691, -0.700870, -0.213766
0.350917, 0.292080, 0.418308, 0.342632
0.351546, 0.937075, -0.757101, -0.059807
0.352056, 0.771292, -0.722254, -0.207207
0.353505, 0.850094, -0.742618, -0.140126
0.354031, 0.059622, 0.447843, 0.071823
0.354601, 0.020082, 0.449557, 0.024211
0.355371, 0.358204, 0.409422, 0.413040
0.355383, 0.158701, 0.442190, 0.189474
0.355711, 0.616636, 0.315917, 0.643077
0.355885, 0.653221, -0.565305, -0.207520
0.355928, 0.475919, 0.374825, 0.527322
0.356075, 0.894388, -0.747775, -0.100294
0.356086, 0.498873, 0.365794, 0.547047
0.356248, 0.250889, 0.431272, 0.295705
0.356298, 0.228089, 0.435269, 0.270063
0.358026, 0.425025, 0.394102, 0.479819
0.359081, 0.796622, -0.722699, -0.186960
0.359294, 0.099523, 0.451207, 0.119144
0.359982, 0.522029, 0.356927, 0.562259
0.360120, 0.121538, 0.450840, 0.145214
0.361282, 0.183633, 0.446390, 0.218093
0.361597, 0.590189, 0.329965, 0.615976
0.361677, 0.314728, 0.425663, 0.365366
0.363688, 1.000000, -0.748481, 0.000000
0.363761, 0.451915, 0.390537, 0.502987
0.364139, 0.825531, -0.727416, -0.164389
0.364343, 0.958328, -0.746611, -0.040368
0.365369, 0.709599, -0.660912, -0.234373
0.366056, 0.381912, 0.414446, 0.434752
0.366379, 0.545537, 0.339591, 0.566323
0.366613, 0.916265, -0.741277, -0.080930
0.367148, 0.271372, 0.439966, 0.316873
0.367542, 0.208605, 0.449682, 0.245827
0.368239, 0.871720, -0.733288, -0.123123
0.368651, 0.040118, 0.465224, 0.048004
0.368780, 0.000000, 0.466248, 0.000000
0.369231, 0.076857, 0.464327, 0.091758
0.370599, 0.688870, -0.712800, -0.315644
0.371222, 0.730868, -0.693800, -0.248212
0.371306, 0.337778, 0.430848, 0.387841
0.372537, 0.567208, 0.314246, 0.560518
0.372549, 0.635932, -0.579923, -0.260169
0.373845, 0.755313, -0.693855, -0.222648
0.374970, 0.664781, -0.597250, -0.237678
0.374995, 0.406129, 0.416304, 0.456149
0.375176, 0.142974, 0.466844, 0.169384
0.376124, 0.779243, -0.704435, -0.207670
0.376685, 0.477892, 0.391832, 0.520760
0.377363, 0.293131, 0.446904, 0.338793
0.377614, 0.979346, -0.734835, -0.020355
0.378337, 0.848312, -0.720307, -0.146728
0.379011, 0.937657, -0.731320, -0.061344
0.379329, 0.245881, 0.457954, 0.286582
0.379478, 0.609508, 0.267585, 0.546228
0.379714, 0.503390, 0.383394, 0.540628
0.380317, 0.168284, 0.469217, 0.198010
0.381052, 0.361856, 0.434909, 0.410317
0.381352, 0.805876, -0.706953, -0.185443
0.381461, 0.894252, -0.724424, -0.103711
0.381568, 0.432431, 0.413820, 0.478867
0.382844, 0.020233, 0.481513, 0.024005
0.383175, 0.117831, 0.477226, 0.139046
0.383488, 0.096217, 0.478865, 0.113739
0.383692, 0.058841, 0.481491, 0.069747
0.385116, 0.528834, 0.380825, 0.563148
0.385401, 0.194365, 0.472126, 0.227514
0.386191, 0.223490, 0.468414, 0.260194
0.386231, 0.584648, 0.250123, 0.501985
0.387285, 0.314751, 0.452796, 0.359830
0.389156, 0.457127, 0.411032, 0.497759
0.390392, 0.709828, -0.662118, -0.264251
0.391409, 0.269875, 0.466660, 0.310864
0.391591, 1.000000, -0.721501, 0.000000
0.391961, 0.827147, -0.703117, -0.169040
0.392033, 0.958756, -0.720047, -0.041266
0.392115, 0.386842, 0.438651, 0.431917
0.392873, 0.554526, 0.435706, 0.640237
0.393360, 0.916389, -0.715863, -0.083435
0.393565, 0.871718, -0.709847, -0.127064
0.393637, 0.682449, -0.644031, -0.283517
0.393793, 0.653018, -0.600808, -0.276604
0.394154, 0.737283, -0.675330, -0.248727
0.395696, 0.337219, 0.456088, 0.381226
0.396570, 0.627385, -0.753203, -0.462517
0.396750, 0.000000, 0.497673, 0.000000
0.397559, 0.039791, 0.497766, 0.046840
0.398079, 0.762784, -0.678915, -0.226918
0.398150, 0.078802, 0.497045, 0.092616
0.398587, 0.786426, -0.686847, -0.207554
0.398646, 0.483613, 0.406199, 0.514536
0.398939, 0.413466, 0.436350, 0.454933
0.400391, 0.131087, 0.495290, 0.153045
0.400638, 0.154365, 0.493761, 0.179938
0.403099, 0.509149, 0.392508, 0.527465
0.403290, 0.291794, 0.474815, 0.332070
0.403685, 0.849858, -0.696964, -0.149862
0.404135, 0.359687, 0.458454, 0.401620
0.404294, 0.248611, 0.484789, 0.285442
0.404633, 0.601435, -0.181309, 0.058229
0.404716, 0.178907, 0.495041, 0.207339
0.405592, 0.979487, -0.707473, -0.020848
0.406279, 0.937824, -0.704883, -0.063052
0.406695, 0.438554, 0.433634, 0.474375
0.406736, 0.204823, 0.493953, 0.236313
0.406881, 0.575968, 0.725400, 0.936986
0.407157, 0.894621, -0.699996, -0.106397
0.407704, 0.103470, 0.505616, 0.120598
0.408625, 0.806147, -0.682716, -0.191979
0.409167, 0.534553, 0.356434, 0.515082
0.410522, 0.227953, 0.494273, 0.261393
0.411212, 0.020164, 0.513282, 0.023538
0.412107, 0.060089, 0.513439, 0.070102
0.412373, 0.314872, 0.478933, 0.354202
0.413063, 0.723445, -0.652050, -0.264361
0.413091, 0.697372, -0.643374, -0.287794
0.413363, 0.669127, -0.612271, -0.291320
0.413882, 0.463622, 0.428242, 0.491729
0.414439, 0.379464, 0.462478, 0.417783
0.416851, 0.643221, -0.659734, -0.374516
0.417679, 0.750760, -0.659597, -0.244710
0.417962, 0.269418, 0.495122, 0.305260
0.418575, 0.828036, -0.678493, -0.173486
0.418627, 0.401067, 0.458819, 0.436365
0.419545, 1.000000, -0.693787, 0.000000
0.419624, 0.873308, -0.685064, -0.129168
0.419693, 0.958879, -0.692725, -0.042336
0.419695, 0.558476, 0.328977, 0.500031
0.420174, 0.617057, -0.428600, -0.181133
0.420175, 0.916550, -0.689610, -0.085665
0.420730, 0.338639, 0.481086, 0.376141
0.421539, 0.778901, -0.663976, -0.220162
0.421580, 0.489463, 0.420713, 0.507355
0.422462, 0.120582, 0.520598, 0.139123
0.423813, 0.083415, 0.525185, 0.096493
0.424497, 0.143360, 0.520731, 0.164800
0.424668, 0.000000, 0.528802, 0.000000
0.425702, 0.040764, 0.529181, 0.047208
0.425819, 0.423446, 0.456213, 0.453168
0.425876, 0.166133, 0.520143, 0.190451
0.426602, 0.514790, 0.420992, 0.533610
0.427800, 0.851461, -0.673888, -0.152221
0.428126, 0.190974, 0.518964, 0.217800
0.428153, 0.587694, -0.872423, -0.673986
0.429152, 0.293717, 0.500958, 0.328191
0.430982, 0.360878, 0.484307, 0.394762
0.431577, 0.216037, 0.519134, 0.244988
0.431652, 0.242943, 0.514493, 0.274170
0.432227, 0.802884, -0.660298, -0.200321
0.432702, 0.446688, 0.450902, 0.468783
0.433550, 0.979458, -0.679426, -0.021453
0.433556, 0.938072, -0.677720, -0.064510
0.433657, 0.683302, -0.613302, -0.299622
0.433725, 0.895194, -0.673920, -0.108686
0.433996, 0.539788, 0.525217, 0.660810
0.435092, 0.710533, -0.630976, -0.285726
0.436186, 0.734697, -0.637285, -0.263592
0.437268, 0.658885, -0.620035, -0.340678
0.437322, 0.319035, 0.502785, 0.351988
0.437507, 0.102819, 0.538807, 0.117794
0.438655, 0.063350, 0.542624, 0.072695
0.438950, 0.470643, 0.441867, 0.482337
0.439008, 0.020725, 0.544116, 0.023801
0.439481, 0.384640, 0.483985, 0.413948
0.439514, 0.632871, -0.548036, -0.303886
0.440008, 0.761659, -0.642891, -0.241234
0.440731, 0.265616, 0.519358, 0.296433
0.440765, 0.606329, -0.630119, -0.421217
0.441582, 0.567788, -0.169643, -0.014588
0.442878, 0.825394, -0.654779, -0.180500
0.445284, 0.495495, 0.429878, 0.493987
0.445542, 0.407403, 0.479960, 0.431244
0.446328, 0.873502, -0.658779, -0.132383
0.446946, 0.126384, 0.547139, 0.143585
0.447114, 0.342634, 0.505442, 0.372308
0.447139, 0.917247, -0.662570, -0.087144
0.447442, 1.000000, -0.665481, 0.000000
0.447472, 0.958818, -0.664580, -0.043497
0.448419, 0.846593, -0.652343, -0.160227
0.448616, 0.784714, -0.640682, -0.221416
0.448726, 0.149697, 0.546355, 0.169361
0.449473, 0.173867, 0.544618, 0.196096
0.450455, 0.520011, 0.460277, 0.549011
0.450920, 0.285709, 0.525221, 0.314975
0.451938, 0.198658, 0.543305, 0.222768
0.452131, 0.000000, 0.559098, 0.000000
0.452217, 0.084526, 0.556314, 0.096076
0.452472, 0.430068, 0.474586, 0.445949
0.452491, 0.042744, 0.558591, 0.048669
0.453738, 0.696010, -0.605929, -0.301294
0.453797, 0.224158, 0.541141, 0.249963
0.456359, 0.545865, -0.325093, -0.215779
0.456580, 0.307258, 0.525006, 0.334988
0.456628, 0.366730, 0.506053, 0.391485
0.458169, 0.744230, -0.620710, -0.261944
0.458219, 0.590570, -0.512442, -0.344351
0.458564, 0.246783, 0.541618, 0.272992
0.458570, 0.453223, 0.465815, 0.458975
0.459319, 0.646504, -0.568878, -0.332143
0.459334, 0.672509, -0.599065, -0.329957
0.459429, 0.808224, -0.635094, -0.200611
0.460133, 0.896278, -0.647392, -0.110188
0.460217, 0.721177, -0.612226, -0.284180
0.460669, 0.618871, -0.586021, -0.385790
0.461212, 0.938129, -0.649476, -0.066041
0.461451, 0.979337, -0.650805, -0.022111
0.463791, 0.477226, 0.454731, 0.471906
0.464431, 0.107739, 0.567745, 0.121252
0.465147, 0.390484, 0.503938, 0.408743
0.465455, 0.328922, 0.527176, 0.353457
0.465654, 0.569522, -0.536902, -0.404528
0.465822, 0.021336, 0.573416, 0.024078
0.465934, 0.064714, 0.572364, 0.072976
0.466409, 0.857546, -0.635953, -0.151447
0.466828, 0.765825, -0.618694, -0.243955
0.468408, 0.268625, 0.546811, 0.293412
0.469548, 0.501732, 0.486851, 0.528147
0.470764, 0.831745, -0.628146, -0.178725
0.471495, 0.131629, 0.573351, 0.147075
0.471750, 0.155829, 0.570216, 0.173444
0.472319, 0.413284, 0.498696, 0.423383
0.472748, 0.180660, 0.568341, 0.200291
0.473540, 0.526621, -0.107932, -0.042856
0.474218, 0.351407, 0.527530, 0.371331
0.474609, 0.917343, -0.634312, -0.089088
0.474923, 0.788440, -0.616161, -0.223461
0.474940, 0.878391, -0.630084, -0.130515
0.475044, 0.205910, 0.566273, 0.226808
0.475218, 1.000000, -0.636702, 0.000000
0.475346, 0.958593, -0.635722, -0.044761
0.475384, 0.698689, -0.589446, -0.308069
0.476837, 0.291992, 0.549337, 0.314727
0.478590, 0.088368, 0.584711, 0.098682
0.478801, 0.436016, 0.490203, 0.435576
0.479001, 0.042978, 0.587319, 0.048077
0.479179, 0.000000, 0.588492, 0.000000
0.479363, 0.229091, 0.566578, 0.250387
0.479869, 0.603800, -0.532423, -0.374738
0.480166, 0.631953, -0.565354, -0.372973
0.480982, 0.551604, -0.521907, -0.431927
0.481618, 0.656525, -0.564979, -0.343372
0.481937, 0.742267, -0.597994, -0.270355
0.483381, 0.374542, 0.526170, 0.387694
0.483477, 0.679199, -0.577165, -0.329742
0.483741, 0.459888, 0.482074, 0.451548
0.484205, 0.314411, 0.549400, 0.333943
0.485437, 0.719022, -0.587703, -0.293222
0.485764, 0.810593, -0.609461, -0.202945
0.485933, 0.251645, 0.568209, 0.272150
0.486933, 0.579153, -0.528854, -0.411489
0.488332, 0.854322, -0.613224, -0.157649
0.488459, 0.483910, 0.519152, 0.513310
0.488887, 0.898045, -0.617664, -0.110874
0.489045, 0.937779, -0.620449, -0.067908
0.489233, 0.979082, -0.621732, -0.022881
0.491153, 0.113124, 0.595348, 0.124827
0.491441, 0.065395, 0.599669, 0.072433
0.491729, 0.767242, -0.595022, -0.248289
0.492078, 0.397239, 0.521735, 0.400981
0.492573, 0.021652, 0.602249, 0.023994
0.493070, 0.336711, 0.549826, 0.351322
0.493515, 0.508638, -0.214567, -0.196060
0.494316, 0.163233, 0.592784, 0.178531
0.494567, 0.275235, 0.570830, 0.293506
0.495127, 0.138780, 0.597614, 0.152345
0.495711, 0.188696, 0.590747, 0.205308
0.496890, 0.532865, -0.477370, -0.431449
0.497483, 0.832811, -0.601281, -0.181640
0.499466, 0.419246, 0.512320, 0.410062
0.499693, 0.621689, -0.535507, -0.380339
0.500567, 0.211647, 0.591330, 0.228239
0.500829, 0.788578, -0.590344, -0.228406
0.501232, 0.359036, 0.547467, 0.366990
0.501391, 0.876186, -0.602582, -0.135714
0.502380, 0.697784, -0.565808, -0.318512
0.502774, 1.000000, -0.607630, 0.000000
0.502924, 0.087909, 0.610360, 0.096405
0.503140, 0.917715, -0.604318, -0.090642
0.503155, 0.559464, -0.499117, -0.427319
0.503174, 0.298734, 0.572353, 0.313591
0.503180, 0.958013, -0.606346, -0.046353
0.503810, 0.646907, -0.547694, -0.366076
0.504011, 0.443323, 0.504225, 0.426930
0.504024, 0.595787, -0.523407, -0.406660
0.505316, 0.044017, 0.615416, 0.048319
0.505475, 0.234701, 0.591530, 0.250700
0.505703, 0.671300, -0.553360, -0.343237
0.506045, 0.000000, 0.617275, 0.000000
0.506140, 0.748970, -0.576227, -0.269673
0.506873, 0.725887, -0.569264, -0.292516
0.508855, 0.467399, 0.573569, 0.520468
0.510901, 0.381955, 0.545276, 0.381475
0.511274, 0.321385, 0.571491, 0.331209
0.511661, 0.812739, -0.583359, -0.204988
0.511905, 0.258216, 0.591918, 0.272449
0.512695, 0.491667, -0.191455, -0.217621
0.513181, 0.853991, -0.587550, -0.161039
0.515643, 0.107662, 0.621694, 0.116704
0.516265, 0.896514, -0.588798, -0.114857
0.516640, 0.174040, 0.613982, 0.186646
0.516696, 0.978970, -0.592482, -0.023471
0.517344, 0.576906, -0.499682, -0.423781
0.517354, 0.937073, -0.590320, -0.070103
0.517628, 0.066943, 0.627294, 0.072702
0.517696, 0.128821, 0.621964, 0.139029
0.517958, 0.516451, -0.458219, -0.460171
0.518850, 0.021846, 0.630079, 0.023738
0.519018, 0.539974, -0.474875, -0.448108
0.519357, 0.152168, 0.621007, 0.163560
0.520438, 0.402503, 0.543143, 0.393287
0.520538, 0.768109, -0.566306, -0.253338
0.520573, 0.282410, 0.593215, 0.293012
0.520682, 0.343768, 0.571084, 0.347002
0.520828, 0.612745, -0.517326, -0.400395
0.522242, 0.194726, 0.616519, 0.206968
0.523212, 0.710316, -0.549611, -0.312304
0.524295, 0.793404, -0.567051, -0.227554
0.524398, 0.427312, 0.511346, 0.387843
0.524548, 0.636019, -0.523456, -0.381583
0.525067, 0.832349, -0.572308, -0.185906
0.526061, 0.217570, 0.615582, 0.229136
0.526387, 0.684120, -0.539005, -0.338446
0.527564, 0.366341, 0.562137, 0.357902
0.528355, 0.875476, -0.573782, -0.139159
0.528811, 0.659953, -0.529293, -0.362426
0.529122, 0.451888, 0.584945, 0.488330
0.529234, 0.740402, -0.550884, -0.283463
0.529972, 0.305954, 0.594080, 0.311263
0.530172, 1.000000, -0.578207, 0.000000
0.530444, 0.089582, 0.639092, 0.096169
0.530663, 0.957938, -0.576862, -0.047340
0.530966, 0.240928, 0.614772, 0.250864
0.531025, 0.044225, 0.642377, 0.047578
0.531138, 0.915136, -0.574303, -0.095324
0.531803, 0.557072, -0.478819, -0.446568
0.532864, 0.000000, 0.645589, 0.000000
0.533407, 0.594211, -0.497301, -0.419858
0.533546, 0.477032, -0.250036, -0.319873
0.536373, 0.502298, -0.440326, -0.483890
0.536981, 0.264781, 0.613510, 0.271869
0.538230, 0.854778, -0.561166, -0.163050
0.538303, 0.328356, 0.590383, 0.325402
0.540596, 0.812735, -0.552883, -0.209319
0.540983, 0.171192, 0.639851, 0.179935
0.541217, 0.115604, 0.647259, 0.122575
0.541218, 0.384591, 0.549761, 0.350930
0.541692, 0.142733, 0.644860, 0.150660
0.541775, 0.529978, -0.454592, -0.469655
0.542970, 0.719541, -0.532156, -0.307872
0.543223, 0.066545, 0.653880, 0.070777
0.543728, 0.783684, -0.545279, -0.241264
0.544058, 0.978916, -0.562853, -0.023969
0.544319, 0.936346, -0.561256, -0.072231
0.544386, 0.618937, -0.499546, -0.404580
0.544405, 0.410914, 0.564051, 0.395098
0.544478, 0.892248, -0.558151, -0.121857
0.545017, 0.022048, 0.657264, 0.023456
0.545762, 0.694540, -0.523267, -0.333827
0.545839, 0.760093, -0.538723, -0.266633
0.545875, 0.197843, 0.639225, 0.205655
0.546600, 0.288838, 0.614202, 0.290372
0.546711, 0.575193, -0.478287, -0.441916
0.547346, 0.354449, 0.593395, 0.349565
0.549131, 0.643531, -0.504450, -0.384092
0.549332, 0.435896, 0.458004, 0.316673
0.550642, 0.223315, 0.637806, 0.229258
0.551303, 0.837249, -0.544845, -0.183888
0.552587, 0.668790, -0.509720, -0.361479
0.553357, 0.461337, -0.384779, -0.498742
0.554055, 0.089925, 0.663048, 0.094538
0.555678, 0.551427, -0.458489, -0.463921
0.555760, 0.248068, 0.635758, 0.250996
0.556518, 0.737666, -0.522389, -0.292113
0.556976, 0.044611, 0.669143, 0.046951
0.557066, 0.868024, -0.541984, -0.150214
0.557425, 0.914124, -0.545809, -0.098150
0.557435, 1.000000, -0.548484, 0.000000
0.557731, 0.957538, -0.547371, -0.048641
0.557736, 0.486851, -0.412180, -0.502516
0.557838, 0.308530, 0.616407, 0.302805
0.558102, 0.510995, -0.433000, -0.493084
0.558563, 0.598652, -0.478933, -0.427758
0.559743, 0.000000, 0.673466, 0.000000
0.560899, 0.332652, 0.604037, 0.316627
0.561542, 0.272798, 0.632639, 0.271388
0.561956, 0.799543, -0.528638, -0.226997
0.562817, 0.158400, 0.663365, 0.163418
0.564514, 0.132351, 0.668778, 0.136932
0.564544, 0.397143, 0.507621, 0.295368
0.564586, 0.371444, 0.619767, 0.375811
0.565526, 0.183873, 0.661211, 0.188085
0.565863, 0.110205, 0.672650, 0.114340
0.566332, 0.711527, -0.506889, -0.321710
0.567765, 0.623703, -0.480145, -0.408749
0.567923, 0.820497, -0.524860, -0.204545
0.568450, 0.687607, -0.498967, -0.346928
0.568473, 0.776947, -0.517774, -0.252571
0.568764, 0.068015, 0.679817, 0.070688
0.569613, 0.530004, -0.437391, -0.487883
0.569851, 0.891336, -0.530525, -0.124925
0.569856, 0.421279, 0.625190, 0.443858
0.570513, 0.209477, 0.659941, 0.211506
0.570903, 0.022036, 0.683564, 0.022912
0.570917, 0.935701, -0.532121, -0.074202
0.570931, 0.576434, -0.458996, -0.451937
0.571167, 0.978812, -0.533103, -0.024506
0.572583, 0.649297, -0.483989, -0.386035
0.572820, 0.754275, -0.508677, -0.277648
0.573445, 0.447111, -0.405901, -0.562736
0.573559, 0.846934, -0.522203, -0.175661
0.575279, 0.348631, 0.599653, 0.314144
0.575498, 0.234946, 0.657528, 0.233639
0.576842, 0.473882, -0.395293, -0.526197
0.576906, 0.291101, 0.639479, 0.281539
0.579125, 0.554298, -0.442478, -0.474157
0.579845, 0.261122, 0.652465, 0.254775
0.580706, 0.728253, -0.495709, -0.307244
0.580760, 0.502728, -0.413014, -0.512520
0.580808, 0.090770, 0.689836, 0.093056
0.581500, 0.318895, 0.629518, 0.300109
0.582126, 0.671044, -0.480923, -0.367270
0.582181, 0.045095, 0.694546, 0.046346
0.582444, 0.601598, -0.458867, -0.434351
0.583116, 0.870148, -0.514345, -0.150364
0.583519, 0.913429, -0.517058, -0.100538
0.584488, 0.957377, -0.517845, -0.049635
0.584542, 1.000000, -0.518548, 0.000000
0.585216, 0.144735, 0.686837, 0.146268
0.585934, 0.385724, 0.770257, 0.516691
0.586542, 0.170900, 0.683717, 0.171473
0.586920, 0.000000, 0.701151, 0.000000
0.587402, 0.798408, -0.501053, -0.231961
0.589762, 0.116787, 0.695676, 0.118189
0.589982, 0.699428, -0.479871, -0.339929
0.590021, 0.824804, -0.501493, -0.202561
0.590441, 0.628287, -0.460266, -0.411847
0.590489, 0.196152, 0.681649, 0.194404
0.591626, 0.406912, -0.106739, -0.330245
0.592312, 0.529422, -0.419940, -0.500184
0.592768, 0.773279, -0.490813, -0.260440
0.593449, 0.365837, 0.571326, 0.285369
0.593853, 0.431438, -0.497015, -0.702700
0.594337, 0.067951, 0.705335, 0.068853
0.595289, 0.579612, -0.439255, -0.459282
0.595401, 0.221323, 0.679230, 0.215968
0.596211, 0.022269, 0.708643, 0.022590
0.596258, 0.748168, -0.482810, -0.288573
0.596455, 0.891672, -0.500935, -0.126503
0.596669, 0.457263, -0.383759, -0.560450
0.597207, 0.935726, -0.502976, -0.075355
0.598001, 0.341325, 0.654195, 0.331821
0.598182, 0.978589, -0.503085, -0.025166
0.598395, 0.483636, -0.390743, -0.536615
0.598865, 0.651292, -0.458704, -0.391577
0.599101, 0.849684, -0.494242, -0.175212
0.599316, 0.273960, 0.662823, 0.257541
0.599431, 0.246787, 0.674371, 0.236452
0.600352, 0.554814, -0.424939, -0.483037
0.600428, 0.297908, 0.656214, 0.278589
0.602343, 0.721248, -0.471694, -0.319351
0.604550, 0.091539, 0.712774, 0.091463
0.604786, 0.510097, -0.400799, -0.521353
0.605306, 0.607834, -0.439583, -0.436325
0.605416, 0.677278, -0.458720, -0.366642
0.605682, 0.319872, 0.633270, 0.276286
0.607028, 0.135608, 0.708876, 0.134037
0.607446, 0.045824, 0.719359, 0.045881
0.608104, 0.160820, 0.705510, 0.157697
0.609657, 0.914401, -0.487923, -0.100932
0.609882, 0.869654, -0.484604, -0.153296
0.611189, 0.809097, -0.476605, -0.223182
0.611352, 0.956924, -0.487820, -0.050950
0.611441, 1.000000, -0.488522, 0.000000
0.611488, 0.185268, 0.703311, 0.179566
0.612333, 0.386513, 0.084084, -0.189657
0.613669, 0.786663, -0.470171, -0.248680
0.613933, 0.832889, -0.475729, -0.196027
0.614432, 0.000000, 0.728391, 0.000000
0.614921, 0.413327, -0.308438, -0.563199
0.615896, 0.111005, 0.721084, 0.109212
0.615934, 0.209662, 0.700423, 0.199968
0.615951, 0.699441, -0.452611, -0.345542
0.616073, 0.630719, -0.435784, -0.416992
0.616850, 0.439389, -0.351502, -0.576299
0.617031, 0.537665, -0.403458, -0.504640
0.617298, 0.359910, 0.831695, 0.508029
0.617701, 0.589126, -0.421755, -0.458286
0.617824, 0.763745, -0.462063, -0.274955
0.619352, 0.740887, -0.456887, -0.300896
0.619790, 0.464928, -0.365836, -0.562216
0.619947, 0.069944, 0.730053, 0.068856
0.620321, 0.234344, 0.696128, 0.219287
0.620345, 0.022632, 0.732115, 0.022385
0.620364, 0.565682, -0.411203, -0.480986
0.620906, 0.489472, -0.378677, -0.545552
0.621521, 0.260260, 0.686306, 0.238701
0.622077, 0.893355, -0.472325, -0.126391
0.622390, 0.657392, -0.436256, -0.391361
0.623276, 0.285240, 0.673629, 0.253695
0.624151, 0.935155, -0.472682, -0.077187
0.624439, 0.335966, 0.579197, 0.220982
0.624995, 0.978270, -0.472972, -0.025939
0.626661, 0.309379, 0.681009, 0.285562
0.627537, 0.515337, -0.385603, -0.528272
0.627969, 0.721016, -0.444031, -0.324513
0.629835, 0.849559, -0.459328, -0.178209
0.630038, 0.151565, 0.726998, 0.144838
0.630795, 0.128902, 0.732088, 0.123926
0.631783, 0.048435, 0.742327, 0.047148
0.632164, 0.091079, 0.739063, 0.088081
0.632191, 0.680227, -0.431107, -0.369442
0.632630, 0.610049, -0.413554, -0.442481
0.633150, 0.175457, 0.724956, 0.165624
0.633609, 0.872314, -0.457705, -0.152082
0.634998, 0.821878, -0.451583, -0.211407
0.635526, 0.398545, -0.346533, -0.644203
0.636557, 0.797640, -0.446136, -0.239257
0.636765, 0.913109, -0.457179, -0.103967
0.636941, 0.373003, -0.215271, -0.535133
0.637123, 0.199217, 0.721351, 0.184820
0.638075, 1.000000, -0.458492, 0.000000
0.638112, 0.956248, -0.457603, -0.052531
0.638306, 0.424754, -0.333402, -0.602661
0.638445, 0.638978, -0.415161, -0.414442
0.639811, 0.773752, -0.439314, -0.267013
0.640154, 0.555824, -0.389440, -0.496991
0.640804, 0.448812, -0.343017, -0.585833
0.641122, 0.584080, -0.397495, -0.470389
0.641632, 0.025280, 0.752504, 0.024420
0.641748, 0.222844, 0.717778, 0.203217
0.642132, 0.534212, -0.380247, -0.517563
0.642140, 0.748689, -0.433016, -0.295906
0.642292, 0.000000, 0.754688, 0.000000
0.643092, 0.701589, -0.423567, -0.348408
0.643406, 0.498018, -0.365048, -0.549472
0.643635, 0.474453, -0.354089, -0.568525
0.643942, 0.247998, 0.707774, 0.219692
0.644084, 0.349481, 0.518386, 0.163479
0.645155, 0.110977, 0.748295, 0.105193
0.645577, 0.272487, 0.697347, 0.236498
0.647604, 0.071203, 0.756036, 0.067684
0.647733, 0.323820, 0.696403, 0.293071
0.647881, 0.297301, 0.689567, 0.255713
0.648971, 0.663131, -0.409679, -0.391446
0.649349, 0.890390, -0.441148, -0.131795
0.649868, 0.726236, -0.420700, -0.322451
0.650754, 0.933655, -0.442471, -0.080132
0.651488, 0.977968, -0.442911, -0.026694
0.653104, 0.621451, -0.395498, -0.436073
0.653307, 0.837765, -0.432797, -0.194873
0.653651, 0.160831, 0.745560, 0.148034
0.653794, 0.136963, 0.751480, 0.127196
0.655265, 0.863834, -0.432304, -0.163921
0.656204, 0.049434, 0.764880, 0.046630
0.656837, 0.516582, -0.360775, -0.538840
0.657507, 0.384188, -0.286245, -0.627371
0.658157, 0.186630, 0.742962, 0.168636
0.658338, 0.411552, -0.308842, -0.618818
0.658655, 0.811731, -0.423095, -0.225711
0.659495, 0.568174, -0.374791, -0.491378
0.659955, 0.598956, -0.383019, -0.461138
0.660475, 0.685846, -0.401838, -0.369149
0.660614, 0.092449, 0.765116, 0.085995
0.661824, 0.787081, -0.416506, -0.254754
0.662592, 0.022956, 0.772668, 0.021559
0.662927, 0.909845, -0.427113, -0.109358
0.662975, 0.460935, -0.332886, -0.588121
0.663368, 0.210017, 0.737836, 0.184061
0.664015, 0.762080, -0.411232, -0.284377
0.664269, 0.955450, -0.427786, -0.054267
0.664350, 0.435714, -0.319239, -0.607140
0.664392, 0.645136, -0.389167, -0.413873
0.664445, 1.000000, -0.428472, 0.000000
0.664890, 0.360780, -0.367086, -0.746835
0.665713, 0.235436, 0.733486, 0.206678
0.666021, 0.541891, -0.360742, -0.518663
0.666204, 0.490628, -0.342777, -0.565457
0.668571, 0.710290, -0.397211, -0.343429
0.668717, 0.260332, 0.708603, 0.205971
0.668887, 0.738261, -0.401493, -0.311996
0.669149, 0.337062, -0.090011, -0.490986
0.669508, 0.118708, 0.768714, 0.108284
0.669649, 0.284337, 0.731490, 0.258375
0.669794, 0.310428, 0.747177, 0.307924
0.670197, 0.000000, 0.779516, 0.000000
0.673256, 0.883033, -0.413590, -0.142463
0.674570, 0.851470, -0.409499, -0.180569
0.675673, 0.170391, 0.761295, 0.150569
0.675723, 0.072259, 0.781330, 0.065959
0.676086, 0.668609, -0.381503, -0.391088
0.676101, 0.932051, -0.413405, -0.083204
0.676513, 0.622291, -0.371459, -0.441094
0.676790, 0.396875, -0.290074, -0.640319
0.676935, 0.583405, -0.361170, -0.480523
0.677119, 0.145862, 0.769194, 0.130097
0.677587, 0.977628, -0.413020, -0.027502
0.677603, 0.045830, 0.784401, 0.041903
0.678404, 0.826583, -0.402363, -0.210486
0.678831, 0.516183, -0.340454, -0.547308
0.681790, 0.472509, -0.322404, -0.586378
0.683335, 0.801357, -0.393864, -0.240816
0.683957, 0.559940, -0.348556, -0.506696
0.684249, 0.373192, -0.285982, -0.673940
0.684815, 0.195070, 0.759860, 0.166132
0.684826, 0.099337, 0.785254, 0.088814
0.685205, 0.419843, -0.297323, -0.630307
0.685876, 0.775219, -0.388311, -0.272270
0.686519, 0.907344, -0.399996, -0.113852
0.686576, 0.019419, 0.794262, 0.017558
0.686668, 0.221463, 0.749328, 0.182639
0.686694, 0.693939, -0.374641, -0.365225
0.687540, 0.448328, -0.308133, -0.609477
0.688849, 0.603351, -0.353583, -0.462857
0.688910, 0.645329, -0.363115, -0.419238
0.689243, 0.723382, -0.376338, -0.332179
0.689510, 0.750460, -0.380091, -0.301193
0.689789, 0.954669, -0.398448, -0.055999
0.690066, 0.247318, 0.756545, 0.217082
0.690553, 1.000000, -0.398511, 0.000000
0.690884, 0.323487, -0.212225, -0.654010
0.691278, 0.865503, -0.391151, -0.165016
0.691822, 0.296144, 0.944264, 0.471314
0.691969, 0.494885, -0.321310, -0.570350
0.692088, 0.537074, -0.334138, -0.531604
0.692538, 0.349000, -0.230844, -0.655193
0.693107, 0.125764, 0.787137, 0.109975
0.693957, 0.272702, 0.683395, 0.164467
0.697108, 0.170554, 0.777973, 0.144427
0.699210, 0.061468, 0.802392, 0.054023
0.699438, 0.395494, -0.276891, -0.656163
0.699594, 0.000000, 0.805404, 0.000000
0.699596, 0.841149, -0.379306, -0.195198
0.699883, 0.037794, 0.804586, 0.033371
0.699951, 0.668027, -0.355247, -0.396467
0.700112, 0.886403, -0.382719, -0.140308
0.700650, 0.931100, -0.385067, -0.085506
0.701489, 0.149854, 0.787566, 0.127073
0.701872, 0.580640, -0.335516, -0.490440
0.702350, 0.085425, 0.802383, 0.074246
0.702899, 0.624917, -0.343294, -0.443264
0.703325, 0.977333, -0.383300, -0.028273
0.703850, 0.817398, -0.372104, -0.224176
0.704625, 0.432437, -0.288009, -0.629332
0.704633, 0.470911, -0.301971, -0.596851
0.705249, 0.515305, -0.314971, -0.555495
0.706196, 0.789868, -0.366703, -0.257606
0.707906, 0.208656, 0.761718, 0.158055
0.708451, 0.711918, -0.352984, -0.348412
0.708637, 0.371081, -0.252291, -0.671109
0.708886, 0.558413, -0.322754, -0.514605
0.710218, 0.688054, -0.346938, -0.375594
0.710458, 0.111101, 0.804210, 0.094268
0.710673, 0.233471, 0.776536, 0.197367
0.711058, 0.764167, -0.357344, -0.288299
0.711196, 0.306651, -0.516309, -1.012932
0.711501, 0.186888, 0.785704, 0.154742
0.711947, 0.738872, -0.352905, -0.317909
0.712157, 0.908850, -0.370101, -0.113465
0.714421, 0.259585, 0.841654, 0.292842
0.714627, 0.412138, -0.272087, -0.649902
0.714780, 0.601743, -0.326460, -0.471288
0.714948, 0.330274, -0.296139, -0.771113
0.714959, 0.647525, -0.334507, -0.421254
0.715012, 0.954358, -0.369224, -0.057179
0.715555, 0.018916, 0.819586, 0.016257
0.715575, 0.861492, -0.362584, -0.172015
0.716467, 1.000000, -0.368550, 0.000000
0.716902, 0.452084, -0.284973, -0.617628
0.717675, 0.492175, -0.296630, -0.581723
0.718377, 0.536261, -0.307470, -0.538582
0.719293, 0.137114, 0.805532, 0.113487
0.719814, 0.351021, -0.259155, -0.715197
0.719884, 0.284934, -0.007976, -0.526917
0.722268, 0.043302, 0.823456, 0.036639
0.722745, 0.069595, 0.821069, 0.058325
0.724238, 0.884696, -0.354598, -0.144293
0.724550, 0.806352, -0.347012, -0.239962
0.724602, 0.165087, 0.796995, 0.128226
0.724803, 0.836634, -0.349702, -0.203244
0.724878, 0.388688, -0.253062, -0.670950
0.726087, 0.931777, -0.355380, -0.085827
0.727532, 0.670092, -0.324461, -0.398634
0.727672, 0.622350, -0.316371, -0.451620
0.727825, 0.095165, 0.821284, 0.078347
0.727830, 0.580101, -0.307633, -0.496220
0.728855, 0.000000, 0.831067, 0.000000
0.728964, 0.977534, -0.353472, -0.028447
0.730285, 0.779364, -0.336953, -0.272873
0.730663, 0.724034, -0.329260, -0.337839
0.730692, 0.513115, -0.289626, -0.565179
0.731112, 0.215565, 0.772617, 0.151145
0.731336, 0.432057, -0.265617, -0.639581
0.731472, 0.698105, -0.324295, -0.367578
0.731974, 0.471789, -0.277426, -0.604854
0.733413, 0.558392, -0.297025, -0.519671
0.733477, 0.242631, 0.926108, 0.338011
0.733978, 0.192498, 0.804602, 0.155614
0.734176, 0.310939, -0.143778, -0.662421
0.735611, 0.752529, -0.327606, -0.305479
0.735684, 0.121318, 0.821341, 0.096843
0.736625, 0.908222, -0.341466, -0.115783
0.737444, 0.365707, -0.238244, -0.697959
0.738468, 0.642886, -0.307829, -0.430832
0.739583, 0.267431, -0.083750, -0.641606
0.739947, 0.860809, -0.334112, -0.175094
0.740497, 0.955391, -0.339467, -0.056708
0.741010, 0.410615, -0.250067, -0.661303
0.741772, 0.600697, -0.296576, -0.477143
0.741868, 0.336001, -0.195986, -0.695348
0.742077, 0.023392, 0.841169, 0.018995
0.742176, 0.821279, -0.327378, -0.223522
0.742229, 0.052284, 0.838712, 0.042363
0.742496, 1.000000, -0.338168, 0.000000
0.742617, 0.148596, 0.818406, 0.114663
0.743239, 0.534385, -0.281895, -0.546904
0.745046, 0.492509, -0.270403, -0.588845
0.745193, 0.451181, -0.259164, -0.627119
0.746451, 0.078637, 0.838231, 0.062090
0.747653, 0.290544, -0.192129, -0.747452
0.748010, 0.884154, -0.326611, -0.146828
0.748648, 0.796489, -0.317281, -0.254489
0.748988, 0.389399, -0.236712, -0.682306
0.749732, 0.175354, 0.803631, 0.119856
0.750143, 0.661017, -0.297290, -0.412176
0.750689, 0.933003, -0.326545, -0.085482
0.751250, 0.684252, -0.299597, -0.386281
0.751639, 0.224893, 0.968477, 0.338743
0.751937, 0.732965, -0.305255, -0.329966
0.752309, 0.104883, 0.838191, 0.081569
0.753681, 0.842262, -0.315886, -0.199035
0.754004, 0.709136, -0.299959, -0.358327
0.754271, 0.622057, -0.286414, -0.456066
0.754580, 0.771324, -0.307778, -0.285781
0.754973, 0.579329, -0.278176, -0.502093
0.755194, 0.977830, -0.322748, -0.028525
0.755697, 0.000000, 0.852008, 0.000000
0.755958, 0.556294, -0.272998, -0.526832
0.757272, 0.513632, -0.263019, -0.570896
0.758332, 0.428684, -0.240936, -0.651877
0.758534, 0.248775, -0.180951, -0.778195
0.758588, 0.202113, 0.865752, 0.200260
0.758603, 0.354008, -0.212859, -0.710664
0.759084, 0.314622, -0.206168, -0.748706
0.759085, 0.472084, -0.251573, -0.611372
0.759921, 0.131180, 0.834223, 0.096072
0.760070, 0.910575, -0.313850, -0.114314
0.761920, 0.038615, 0.855395, 0.029798
0.764546, 0.375702, -0.217892, -0.697773
0.765264, 0.749166, -0.291475, -0.312523
0.765332, 0.062113, 0.854946, 0.047233
0.765711, 0.817664, -0.299206, -0.230634
0.766333, 0.271473, -0.195140, -0.792786
0.766354, 0.641882, -0.275905, -0.436077
0.766409, 0.955588, -0.309005, -0.057348
0.766694, 0.158237, 0.827058, 0.109274
0.768320, 0.863950, -0.300799, -0.173755
0.768729, 1.000000, -0.307343, 0.000000
0.768758, 0.405732, -0.225072, -0.675143
0.768782, 0.602016, -0.267038, -0.480408
0.769259, 0.535947, -0.255087, -0.550596
0.769926, 0.888519, -0.300446, -0.142871
0.769964, 0.088424, 0.853208, 0.064802
0.770969, 0.335883, -0.204582, -0.737366
0.771407, 0.450021, -0.234604, -0.636172
0.771547, 0.019615, 0.863938, 0.014949
0.772428, 0.493486, -0.243245, -0.593654
0.772549, 0.792660, -0.288551, -0.262031
0.772640, 0.668062, -0.272430, -0.407492
0.774656, 0.226560, 0.376907, -0.262247
0.774834, 0.694323, -0.273632, -0.378095
0.774972, 0.293726, -0.184123, -0.767973
0.775349, 0.183764, 0.840607, 0.138545
0.776020, 0.721525, -0.275990, -0.347162
0.776098, 0.932906, -0.296421, -0.086884
0.776977, 0.113100, 0.855042, 0.083478
0.778369, 0.561498, -0.249872, -0.525482
0.779164, 0.839364, -0.285481, -0.205460
0.780894, 0.769386, -0.275374, -0.290502
0.781744, 0.977602, -0.291541, -0.029339
0.781818, 0.584246, -0.249885, -0.501975
0.782501, 0.620985, -0.254623, -0.461990
0.783280, 0.516228, -0.236595, -0.572983
0.783366, 0.140892, 0.835953, 0.085088
0.783798, 0.386449, -0.206415, -0.696599
0.783940, 0.250477, -0.116944, -0.758830
0.784293, 0.000000, 0.873667, 0.000000
0.784435, 0.427425, -0.216744, -0.660711
0.785285, 0.471823, -0.226163, -0.618812
0.785286, 0.909519, -0.283745, -0.117341
0.785788, 0.360582, -0.197590, -0.719678
0.786368, 0.314986, -0.179855, -0.753325
0.786377, 0.069861, 0.868426, 0.049550
0.786728, 0.206525, 0.687417, 0.015018
0.787230, 0.043977, 0.873548, 0.031463
0.789204, 0.744677, -0.263253, -0.321761
0.789341, 0.647085, -0.250374, -0.433710
0.789432, 0.813778, -0.270378, -0.238081
0.791344, 0.882962, -0.274585, -0.151811
0.792201, 0.166019, 0.867715, 0.131718
0.792443, 0.954790, -0.278222, -0.059392
0.792969, 0.273350, -0.145933, -0.772293
0.793283, 0.542201, -0.230483, -0.547719
0.794120, 0.673918, -0.248223, -0.403795
0.794868, 1.000000, -0.276548, 0.000000
0.795028, 0.858972, -0.268318, -0.182630
0.795044, 0.093668, 0.868282, 0.062667
0.795756, 0.338010, -0.180477, -0.739020
0.796853, 0.406941, -0.200247, -0.682283
0.796964, 0.449151, -0.209750, -0.643413
0.797261, 0.700008, -0.247771, -0.374201
0.797768, 0.789005, -0.257346, -0.268955
0.798409, 0.122467, 0.866709, 0.084730
0.798500, 0.021641, 0.883000, 0.015152
0.798757, 0.494442, -0.217001, -0.599291
0.799598, 0.600352, -0.232346, -0.486892
0.800081, 0.722225, -0.246830, -0.348328
0.800257, 0.230229, -0.256719, -0.932893
0.801292, 0.930704, -0.266318, -0.091194
0.802492, 0.570103, -0.224775, -0.519718
0.802824, 0.294751, -0.156502, -0.770403
0.803621, 0.188766, 0.724832, 0.016334
0.804625, 0.834107, -0.254084, -0.214654
0.806001, 0.763821, -0.245175, -0.300955
0.806114, 0.627376, -0.228568, -0.458073
0.806522, 0.382500, -0.185372, -0.706294
0.806523, 0.518344, -0.212907, -0.576167
0.806692, 0.065448, 0.883086, 0.043171
0.808314, 0.976842, -0.260221, -0.030963
0.808395, 0.904492, -0.255972, -0.125755
0.808771, 0.147832, 0.837995, 0.068884
0.810404, 0.253959, -0.161636, -0.825443
0.810661, 0.472656, -0.200701, -0.623015
0.811434, 0.360165, -0.175070, -0.726529
0.811617, 0.000000, 0.892438, 0.000000
0.811660, 0.654938, -0.225421, -0.427575
0.812235, 0.426234, -0.190180, -0.668065
0.812809, 0.316305, -0.160101, -0.761538
0.814012, 0.042388, 0.890992, 0.026984
0.814182, 0.809037, -0.239505, -0.246382
0.814849, 0.878621, -0.245892, -0.159582
0.814862, 0.210602, -0.255511, -0.963727
0.815284, 0.544680, -0.207438, -0.549645
0.815553, 0.739126, -0.230038, -0.330148
0.815685, 0.682838, -0.223850, -0.396132
0.816284, 0.107283, 0.870705, 0.059103
0.817741, 0.952171, -0.248069, -0.064010
0.819498, 0.170617, 0.898393, 0.155358
0.819554, 0.085343, 0.886445, 0.053499
0.820168, 0.338002, -0.161731, -0.747461
0.820552, 1.000000, -0.246212, 0.000000
0.820790, 0.853549, -0.236267, -0.192056
0.820876, 0.448037, -0.185905, -0.648799
0.820976, 0.276914, -0.146363, -0.798003
0.822297, 0.587125, -0.205143, -0.504424
0.822362, 0.710672, -0.219062, -0.364840
0.822416, 0.783953, -0.227160, -0.278362
0.822992, 0.402583, -0.175052, -0.692549
0.823765, 0.129627, 0.902028, 0.102343
0.824830, 0.497307, -0.190106, -0.600445
0.824903, 0.925755, -0.237776, -0.099389
0.825024, 0.611160, -0.204962, -0.478335
0.826094, 0.021510, 0.900563, 0.013724
0.826749, 0.563482, -0.197260, -0.530917
0.826854, 0.233912, -0.116156, -0.818196
0.828261, 0.524378, -0.190332, -0.572492
0.829817, 0.636622, -0.202261, -0.450351
0.830232, 0.828357, -0.221766, -0.224315
0.831052, 0.299649, -0.143577, -0.782423
0.831112, 0.759357, -0.213302, -0.307907
0.831745, 0.377481, -0.161672, -0.717265
0.831922, 0.899185, -0.227004, -0.134767
0.831929, 0.061999, 0.900229, 0.038000
0.832692, 0.192125, -0.301338, -1.044652
0.834045, 0.662559, -0.200014, -0.421341
0.834124, 0.472176, -0.176537, -0.626929
0.834131, 0.973478, -0.229711, -0.036260
0.836412, 0.152052, 0.836440, 0.060081
0.837026, 0.687978, -0.198944, -0.392291
0.837238, 0.256905, -0.118476, -0.808286
0.837990, 0.352971, -0.150715, -0.740150
0.838329, 0.733668, -0.202115, -0.339550
0.838776, 0.872818, -0.215928, -0.169459
0.838828, 0.423140, -0.163857, -0.676532
0.838863, 0.000000, 0.909972, 0.000000
0.839207, 0.803338, -0.208321, -0.256448
0.840048, 0.324684, -0.142550, -0.764793
0.840848, 0.107202, 0.874669, 0.041608
0.841743, 0.946293, -0.218937, -0.073310
0.842078, 0.214317, -0.115784, -0.852633
0.842231, 0.447800, -0.164473, -0.652377
0.842256, 0.042529, 0.906733, 0.022028
0.842882, 0.083867, 0.895183, 0.042337
0.843777, 0.544029, -0.175875, -0.553555
0.844523, 1.000000, -0.218117, 0.000000
0.846086, 0.847162, -0.203961, -0.202563
0.847048, 0.514414, -0.168757, -0.585559
0.847055, 0.595756, -0.178087, -0.498113
0.847125, 0.172256, -0.330407, -1.105867
0.847506, 0.571506, -0.174873, -0.524520
0.847539, 0.711411, -0.188564, -0.366077
0.847553, 0.130549, 1.023069, 0.207128
0.847597, 0.778734, -0.194954, -0.286452
0.848020, 0.396769, -0.150330, -0.702890
0.848417, 0.919385, -0.208731, -0.109852
0.848623, 0.278202, -0.120947, -0.801069
0.850118, 0.619993, -0.177009, -0.471399
0.850690, 0.489351, -0.161638, -0.611953
0.853215, 0.020362, 0.914204, 0.010698
0.854060, 0.238619, -0.105235, -0.830227
0.854091, 0.644077, -0.174611, -0.444470
0.855494, 0.892330, -0.197169, -0.146135
0.855631, 0.753461, -0.182717, -0.317730
0.856078, 0.821706, -0.189018, -0.235571
0.856156, 0.300571, -0.122424, -0.787363
0.856990, 0.371001, -0.137302, -0.728279
0.857528, 0.667487, -0.172577, -0.417848
0.857565, 0.980656, -0.200664, -0.027068
0.859114, 0.066227, 0.919501, 0.041690
0.859874, 0.689804, -0.171571, -0.391959
0.859968, 0.464971, -0.148749, -0.638110
0.860689, 0.346178, -0.129279, -0.750656
0.861504, 0.195317, -0.049237, -0.824148
0.861896, 0.959903, -0.195503, -0.056094
0.862806, 0.438413, -0.142350, -0.665288
0.862916, 0.322249, -0.122252, -0.771420
0.862966, 0.865872, -0.184615, -0.180704
0.864377, 0.147441, -0.054817, -0.861763
0.864471, 0.729696, -0.169508, -0.346152
0.864509, 0.413805, -0.137097, -0.689579
0.864580, 0.093832, 0.862344, -0.001316
0.864968, 0.797434, -0.175034, -0.265545
0.865229, 0.531824, -0.150811, -0.569082
0.865914, 0.259125, -0.105006, -0.822036
0.866600, 0.000000, 0.928782, 0.000000
0.866834, 0.118591, 1.061630, 0.225963
0.866874, 0.219613, -0.082366, -0.838250
0.867324, 0.936365, -0.187219, -0.088866
0.867474, 0.041358, 0.920450, 0.018047
0.867733, 0.556622, -0.150545, -0.542808
0.869653, 0.171183, -0.005444, -0.807786
0.869847, 0.505383, -0.143017, -0.597594
0.870388, 0.582466, -0.149933, -0.514706
0.871115, 0.840075, -0.171761, -0.214321
0.871867, 1.000000, -0.184516, 0.000000
0.872011, 0.607045, -0.150255, -0.487616
0.872275, 0.910855, -0.178281, -0.123777
0.872382, 0.772510, -0.163513, -0.296423
0.873394, 0.387131, -0.124526, -0.716518
0.874619, 0.706767, -0.155114, -0.373590
0.875570, 0.631487, -0.148099, -0.460314
0.876260, 0.283885, -0.103567, -0.806527
0.877332, 0.481704, -0.132446, -0.623256
0.879282, 0.655818, -0.145581, -0.432829
0.879548, 0.884337, -0.165539, -0.158958
0.880910, 0.021089, 0.919359, 0.003697
0.881398, 0.747255, -0.150028, -0.326847
0.881892, 0.680464, -0.144286, -0.404635
0.882469, 0.060230, 0.934056, 0.036980
0.882967, 0.815058, -0.153822, -0.245736
0.882987, 0.360944, -0.111568, -0.742213
0.883180, 0.307216, -0.102518, -0.789076
0.883539, 0.333932, -0.106792, -0.766249
0.883993, 0.238088, -0.088104, -0.842786
0.884034, 0.977782, -0.169208, -0.032325
0.884157, 0.456123, -0.122508, -0.650418
0.885001, 0.082100, 0.939000, 0.052268
0.885247, 0.431919, -0.118717, -0.674660
0.887079, 0.209330, -0.085696, -0.869294
0.887473, 0.132363, -0.204941, -1.047239
0.887603, 0.858522, -0.152426, -0.192843
0.888133, 0.954370, -0.163285, -0.066013
0.888175, 0.521636, -0.124561, -0.582094
0.888351, 0.184911, -0.083028, -0.888840
0.888418, 0.405685, -0.112408, -0.700806
0.889039, 0.106301, 0.734621, -0.121661
0.889714, 0.157158, -0.083396, -0.914522
0.890326, 0.543765, -0.123998, -0.558367
0.890488, 0.264572, -0.088210, -0.824384
0.890648, 0.790837, -0.141984, -0.275897
0.890935, 0.723035, -0.136397, -0.356055
0.891632, 0.929136, -0.156177, -0.101642
0.891726, 0.568251, -0.124390, -0.532026
0.893826, 0.000000, 0.948849, 0.000000
0.894111, 0.593780, -0.123584, -0.504203
0.895467, 0.499512, -0.114661, -0.606716
0.895565, 0.903227, -0.147190, -0.136440
0.896084, 0.041746, 0.946621, 0.025596
0.896337, 0.834098, -0.138367, -0.223695
0.896757, 0.765312, -0.132167, -0.306601
0.896793, 0.619074, -0.122262, -0.476218
0.897790, 1.000000, -0.154436, 0.000000
0.898903, 0.381166, -0.099199, -0.725529
0.899014, 0.698146, -0.124739, -0.385595
0.900454, 0.644516, -0.119607, -0.447623
0.902063, 0.473917, -0.105345, -0.634049
0.902909, 0.670370, -0.118274, -0.418098
0.903950, 0.341863, -0.089546, -0.762013
0.904060, 0.291744, -0.082136, -0.805288
0.904074, 0.876980, -0.132858, -0.171196
0.906065, 0.423823, -0.096677, -0.684771
0.906076, 0.317278, -0.084263, -0.784238
0.907194, 0.739174, -0.117309, -0.338291
0.907446, 0.066320, 1.014256, 0.107384
0.908009, 0.221724, -0.063787, -0.857073
0.908303, 0.021864, 0.904443, -0.017334
0.909223, 0.245729, -0.069142, -0.841574
0.909335, 0.973592, -0.139310, -0.040398
0.909413, 0.447981, -0.095384, -0.660737
0.910210, 0.807475, -0.118327, -0.257515
0.910561, 0.090366, 0.339129, -0.544966
0.910840, 0.195801, -0.054072, -0.872576
0.910909, 0.169632, -0.046099, -0.886419
0.910921, 0.116991, -0.186020, -1.065652
0.911351, 0.142672, -0.045994, -0.908761
0.911796, 0.360885, -0.084577, -0.745488
0.912046, 0.946278, -0.132774, -0.080899
0.912115, 0.523603, -0.098178, -0.582376
0.913175, 0.551014, -0.098857, -0.553270
0.913241, 0.270300, -0.071053, -0.823896
0.913877, 0.855342, -0.117451, -0.198984
0.914007, 0.400595, -0.086453, -0.708415
0.914859, 0.577971, -0.098594, -0.523670
0.915080, 0.919639, -0.123971, -0.117475
0.915313, 0.781829, -0.109759, -0.288124
0.917032, 0.715786, -0.103645, -0.366427
0.917211, 0.496031, -0.090682, -0.611550
0.917496, 0.604723, -0.097059, -0.493880
0.918514, 0.830382, -0.109050, -0.229761
0.918611, 0.893746, -0.115329, -0.151321
0.920265, 0.756363, -0.101837, -0.318619
0.920448, 0.000000, 0.953716, 0.000000
0.920546, 0.631409, -0.094897, -0.463875
0.920907, 0.687902, -0.097349, -0.398992
0.921940, 0.046361, 1.108019, 0.170650
0.922011, 1.000000, -0.126302, 0.000000
0.923236, 0.658908, -0.093067, -0.432563
0.925736, 0.468729, -0.079728, -0.640815
0.927830, 0.379135, -0.070982, -0.730107
0.927843, 0.334684, -0.066988, -0.771536
0.927921, 0.425028, -0.074410, -0.685007
0.928945, 0.309093, -0.063412, -0.794446
0.932005, 0.285569, -0.058190, -0.814488
0.932291, 0.233166, -0.051711, -0.855906
0.932341, 0.208019, -0.047881, -0.873470
0.932477, 0.072390, 0.223021, -0.685070
0.932700, 0.100562, -0.077612, -0.983534
0.933226, 0.873172, -0.093615, -0.179180
0.933246, 0.154824, -0.031960, -0.899944
0.933281, 0.181426, -0.041879, -0.889712
0.933411, 0.022728, 0.951618, 0.052293
0.933481, 0.127808, -0.010650, -0.898763
0.933553, 0.956619, -0.106817, -0.069557
0.933604, 0.980178, -0.109346, -0.032802
0.934123, 0.258339, -0.053504, -0.836974
0.934556, 0.537186, -0.073898, -0.568607
0.935090, 0.734472, -0.082102, -0.345855
0.935468, 0.930351, -0.098419, -0.106513
0.935548, 0.791774, -0.084352, -0.277756
0.935701, 0.563524, -0.073842, -0.539972
0.935912, 0.512082, -0.071114, -0.595413
0.936293, 0.447862, -0.067214, -0.662702
0.936688, 0.816512, -0.084500, -0.248512
0.936868, 0.356155, -0.060380, -0.752795
0.937369, 0.845737, -0.085400, -0.212740
0.937685, 0.590212, -0.072738, -0.510600
0.937850, 0.902968, -0.090442, -0.142043
0.938551, 0.400596, -0.061961, -0.710195
0.938848, 0.705363, -0.076070, -0.379635
0.939062, 0.764726, -0.078348, -0.309903
0.939508, 0.486467, -0.065892, -0.622777
0.940187, 0.617352, -0.070923, -0.480337
0.941165, 0.675767, -0.072000, -0.413716
0.942137, 0.645520, -0.069691, -0.448483
0.946293, 0.045905, 0.796595, -0.139024
0.946582, 0.000000, 1.059887, 0.000000
0.949551, 1.000000, -0.091739, 0.000000
0.951394, 0.423620, -0.050244, -0.688295
0.951973, 0.325992, -0.044098, -0.782196
0.953980, 0.300131, -0.040461, -0.804856
0.954741, 0.377736, -0.044554, -0.733817
0.954906, 0.088508, -0.067705, -0.987990
0.955130, 0.273578, -0.037419, -0.827083
0.955227, 0.467551, -0.048083, -0.643575
0.955228, 0.194200, -0.030003, -0.886054
0.955300, 0.220408, -0.032514, -0.867927
0.955341, 0.114396, -0.018104, -0.925528
0.955571, 0.167527, -0.027690, -0.903473
0.955571, 0.140972, -0.026090, -0.919041
0.955658, 0.886034, -0.064087, -0.165761
0.955943, 0.246452, -0.034484, -0.848663
0.956012, 0.943411, -0.071659, -0.092708
0.956452, 0.971737, -0.078918, -0.051763
0.956623, 0.859363, -0.060508, -0.198126
0.956934, 0.747424, -0.055013, -0.331553
0.956988, 0.548911, -0.049013, -0.557198
0.957176, 0.064713, -0.076512, -1.008189
0.957292, 0.915272, -0.064815, -0.129253
0.957315, 0.830790, -0.057909, -0.232646
0.957618, 0.720106, -0.053246, -0.363365
0.957643, 0.522564, -0.047421, -0.585703
0.957940, 0.350625, -0.039974, -0.759428
0.958128, 0.575806, -0.048520, -0.527632
0.958361, 0.803122, -0.055239, -0.265738
0.958502, 0.776498, -0.053950, -0.297121
0.958607, 0.024143, 0.979674, 0.150953
0.959266, 0.496220, -0.044731, -0.613784
0.959511, 0.691224, -0.050042, -0.396781
0.959886, 0.603261, -0.047242, -0.497043
0.960225, 0.661484, -0.048358, -0.430885
0.960819, 0.443322, -0.041231, -0.668779
0.961131, 0.631646, -0.046508, -0.465003
0.962125, 0.402653, -0.038326, -0.709689
0.972154, 0.000000, 1.523060, 0.000000
0.974027, 1.000000, -0.060792, 0.000000
0.975577, 0.045739, -0.215705, -1.186828
0.976275, 0.313130, -0.021362, -0.794402
0.977286, 0.951897, -0.040265, -0.085640
0.977296, 0.287025, -0.019539, -0.817012
0.977382, 0.898160, -0.034007, -0.153097
0.977668, 0.099873, 0.002244, -0.933709
0.977678, 0.260395, -0.018176, -0.838922
0.977704, 0.180316, -0.013539, -0.895909
0.977706, 0.206890, -0.015472, -0.878778
0.977799, 0.126689, -0.007922, -0.924982
0.977847, 0.925588, -0.035620, -0.119446
0.977862, 0.153530, -0.010937, -0.911197
0.977899, 0.479043, -0.023998, -0.632896
0.977944, 0.366137, -0.021428, -0.745767
0.977950, 0.338238, -0.020670, -0.771837
0.977998, 0.233469, -0.016731, -0.859784
0.978068, 0.844097, -0.030357, -0.217901
0.978072, 0.871316, -0.031449, -0.185388
0.978409, 0.977288, -0.044317, -0.049052
0.978412, 0.760515, -0.027857, -0.316801
0.978698, 0.422802, -0.022001, -0.690391
0.978774, 0.732986, -0.026919, -0.349039
0.978863, 0.534687, -0.023874, -0.573165
0.978881, 0.561714, -0.024275, -0.543621
0.978882, 0.816544, -0.028430, -0.250580
0.979077, 0.073189, -0.017110, -0.975915
0.979162, 0.705106, -0.025985, -0.381414
0.979586, 0.676259, -0.025046, -0.414643
0.979630, 0.788570, -0.026804, -0.283656
0.979705, 0.589304, -0.023720, -0.513023
0.979773, 0.507321, -0.022411, -0.602655
0.979952, 0.647194, -0.024199, -0.447783
0.980192, 0.452276, -0.021001, -0.660402
0.980223, 0.392586, -0.019875, -0.720480
0.980489, 0.617849, -0.023180, -0.480996
0.982486, 0.020013, 0.133015, -0.821506
1.000000, 0.000000, 0.000000, 0.000000
1.000000, 0.030936, 0.000000, -0.917823
1.000000, 0.057655, 0.000000, -0.855705
1.000000, 0.085657, 0.000000, -0.919014
1.000000, 0.112697, 0.000000, -0.930702
1.000000, 0.139670, 0.000000, -0.920640
1.000000, 0.166581, 0.000000, -0.906282
1.000000, 0.193337, 0.000000, -0.889417
1.000000, 0.220045, 0.000000, -0.870725
1.000000, 0.246890, 0.000000, -0.850406
1.000000, 0.273566, 0.000000, -0.829004
1.000000, 0.300022, 0.000000, -0.806649
1.000000, 0.325974, 0.000000, -0.783856
1.000000, 0.352860, 0.000000, -0.758905
1.000000, 0.379982, 0.000000, -0.733156
1.000000, 0.408530, 0.000000, -0.704638
1.000000, 0.436563, 0.000000, -0.676803
1.000000, 0.465138, 0.000000, -0.647038
1.000000, 0.492364, 0.000000, -0.618850
1.000000, 0.520472, 0.000000, -0.588558
1.000000, 0.548014, 0.000000, -0.558867
1.000000, 0.575635, 0.000000, -0.528545
1.000000, 0.603888, 0.000000, -0.496965
1.000000, 0.632815, 0.000000, -0.464256
1.000000, 0.661550, 0.000000, -0.431717
1.000000, 0.690101, 0.000000, -0.399011
1.000000, 0.718336, 0.000000, -0.366392
1.000000, 0.746211, 0.000000, -0.333951
1.000000, 0.773780, 0.000000, -0.301707
1.000000, 0.801847, 0.000000, -0.268372
1.000000, 0.829313, 0.000000, -0.236072
1.000000, 0.856088, 0.000000, -0.204524
1.000000, 0.882475, 0.000000, -0.173169
1.000000, 0.907977, 0.000000, -0.142821
1.000000, 0.932670, 0.000000, -0.112702
1.000000, 0.955843, 0.000000, -0.083283
1.000000, 0.978099, 0.000000, -0.050043
1.000000, 1.000000, 0.000000, 0.000000
