0.000000, 0.000000, 0.000000, 0.000000
0.000000, 0.029021, 0.000000, 0.055002
0.000000, 0.056003, 0.000000, 0.085045
0.000000, 0.082472, 0.000000, 0.111448
0.000000, 0.109014, 0.000000, 0.136913
0.000000, 0.136105, 0.000000, 0.162385
0.000000, 0.164611, 0.000000, 0.189245
0.000000, 0.194376, 0.000000, 0.218461
0.000000, 0.222208, 0.000000, 0.244406
0.000000, 0.251923, 0.000000, 0.272594
0.000000, 0.281839, 0.000000, 0.301192
0.000000, 0.310797, 0.000000, 0.329237
0.000000, 0.337786, 0.000000, 0.354528
0.000000, 0.365748, 0.000000, 0.381095
0.000000, 0.393541, 0.000000, 0.406605
0.000000, 0.422563, 0.000000, 0.434067
0.000000, 0.450038, 0.000000, 0.459537
0.000000, 0.477148, 0.000000, 0.484456
0.000000, 0.504111, 0.000000, 0.508925
0.000000, 0.531347, 0.000000, 0.533532
0.000000, 0.558609, 0.000000, 0.558205
0.000000, 0.584626, 0.000000, 0.581201
0.000000, 0.610989, 0.000000, 0.604478
0.000000, 0.636910, 0.000000, 0.627192
0.000000, 0.662307, 0.000000, 0.648797
0.000000, 0.688824, 0.000000, 0.671212
0.000000, 0.715827, 0.000000, 0.693731
0.000000, 0.742847, 0.000000, 0.716014
0.000000, 0.769486, 0.000000, 0.737620
0.000000, 0.795477, 0.000000, 0.758269
0.000000, 0.820995, 0.000000, 0.778094
0.000000, 0.846479, 0.000000, 0.797666
0.000000, 0.872229, 0.000000, 0.818371
0.000000, 0.898064, 0.000000, 0.839812
0.000000, 0.923541, 0.000000, 0.861909
0.000000, 0.948427, 0.000000, 1.048664
0.000000, 0.973004, 0.000000, 1.499152
0.000000, 1.000000, 0.000000, 0.000000
0.018189, 0.178444, 0.020528, 0.202949
0.018281, 0.267328, 0.019308, 0.287331
0.018734, 0.236793, 0.020163, 0.258398
0.018896, 0.409359, 0.018743, 0.421219
0.019293, 0.984915, -0.855448, -0.031995
0.019452, 0.297296, 0.020262, 0.316106
0.019654, 0.019337, 0.037170, 0.036483
0.019874, 0.149502, 0.023234, 0.175343
0.020665, 0.544990, 0.019353, 0.545309
0.020922, 0.517765, 0.019831, 0.520773
0.021053, 0.350280, 0.021366, 0.366240
0.021135, 0.436918, 0.020719, 0.446817
0.021183, 0.729813, 0.017818, 0.704809
0.021238, 0.702259, 0.018233, 0.682008
0.021523, 0.463839, 0.020869, 0.471649
0.021614, 0.490545, 0.020721, 0.496062
0.021764, 0.379852, 0.021814, 0.393797
0.021802, 0.756596, 0.017884, 0.726447
0.021824, 0.597310, 0.019934, 0.591853
0.021913, 0.674763, 0.019159, 0.658935
0.022110, 0.121583, 0.026956, 0.148586
0.022149, 0.208174, 0.024375, 0.231645
0.022371, 0.885957, 0.013320, 0.817093
0.022583, 0.624419, 0.020357, 0.615706
0.022661, 0.912242, 0.015092, 0.827159
0.022725, 0.572255, 0.021033, 0.569829
0.022739, 0.044448, 0.035560, 0.069812
0.022768, 0.859830, 0.015945, 0.803187
0.022816, 0.783577, 0.018116, 0.747690
0.022823, 0.324628, 0.023485, 0.342325
0.023006, 0.095475, 0.029676, 0.123187
0.023281, 0.069970, 0.032459, 0.097556
0.023377, 0.937588, 0.152445, 0.936004
0.023454, 0.834113, 0.017027, 0.785357
0.023533, 0.808963, 0.017931, 0.766997
0.023741, 0.648317, 0.021087, 0.636336
0.023811, 0.961293, 0.037914, 0.787248
0.027795, 0.000000, 0.053862, 0.000000
0.032728, 1.000000, -0.824272, 0.000000
0.036759, 0.253549, 0.039099, 0.274099
0.037405, 0.282760, 0.039207, 0.302188
0.038200, 0.186654, 0.042553, 0.209704
0.038341, 0.400010, 0.038142, 0.412580
0.039483, 0.361481, 0.039906, 0.376539
0.040004, 0.161515, 0.045676, 0.185507
0.041235, 0.227539, 0.044598, 0.249356
0.041866, 0.557627, 0.038994, 0.557008
0.041888, 0.135269, 0.049415, 0.160286
0.041922, 0.716834, 0.035644, 0.694084
0.041932, 0.610503, 0.038027, 0.603450
0.042067, 0.531238, 0.039672, 0.533448
0.042143, 0.425026, 0.041531, 0.436173
0.042220, 0.688823, 0.036577, 0.670650
0.042281, 0.504629, 0.040338, 0.509377
0.042649, 0.309370, 0.044109, 0.327446
0.043108, 0.026966, 0.067625, 0.042067
0.043299, 0.451109, 0.042234, 0.460409
0.043413, 0.770163, 0.035481, 0.737325
0.043564, 0.743133, 0.036310, 0.715529
0.043582, 0.477199, 0.042048, 0.484330
0.044124, 0.660426, 0.038910, 0.646706
0.044142, 0.900916, 0.042094, 0.850029
0.044823, 0.874262, 0.033269, 0.817421
0.045194, 0.928399, 0.182792, 1.012368
0.045648, 0.978298, -1.051879, -0.179125
0.045654, 0.054995, 0.063817, 0.077254
0.045720, 0.107484, 0.056197, 0.132706
0.045957, 0.848114, 0.037707, 0.800120
0.046430, 0.585445, 0.042658, 0.581488
0.046816, 0.081883, 0.060637, 0.106498
0.046856, 0.797383, 0.037777, 0.759126
0.047154, 0.335929, 0.048148, 0.352203
0.047368, 0.954749, -0.495850, 0.336810
0.047404, 0.822351, 0.038297, 0.779247
0.049148, 0.633976, 0.044017, 0.624169
0.049440, 0.204381, 0.054232, 0.226541
0.050685, 0.382642, 0.050786, 0.396108
0.051706, 0.000000, 0.079605, 0.000000
0.056084, 0.268467, 0.059019, 0.287493
0.059642, 1.000000, -0.787735, 0.000000
0.061108, 0.176389, 0.068195, 0.198637
0.061181, 0.245439, 0.065131, 0.265183
0.062059, 0.291743, 0.064605, 0.309930
0.062131, 0.409234, 0.061576, 0.420810
0.062153, 0.704678, 0.053205, 0.683316
0.062621, 0.676033, 0.054634, 0.659070
0.062828, 0.357928, 0.063480, 0.372282
0.063155, 0.566832, 0.058498, 0.564101
0.063188, 0.150920, 0.072272, 0.173953
0.063369, 0.491674, 0.060717, 0.496611
0.063456, 0.124141, 0.074764, 0.147220
0.063850, 0.607850, 0.057957, 0.600610
0.064253, 0.517996, 0.060871, 0.520399
0.064449, 0.542662, 0.060376, 0.542441
0.064835, 0.436996, 0.063546, 0.446539
0.065005, 0.916045, 0.111626, 0.903808
0.065082, 0.756590, 0.053377, 0.725545
0.065652, 0.729700, 0.055104, 0.703741
0.065684, 0.782337, 0.052405, 0.745573
0.065933, 0.463256, 0.063896, 0.470513
0.066168, 0.020295, 0.092777, 0.028568
0.066303, 0.889203, 0.059135, 0.837382
0.066808, 0.316489, 0.068794, 0.333631
0.066952, 0.221048, 0.072252, 0.241570
0.067097, 0.945212, -0.850715, -0.047771
0.067411, 0.043396, 0.092050, 0.058659
0.067822, 0.863042, 0.031715, 0.788436
0.068497, 0.650547, 0.060706, 0.637269
0.069047, 0.069167, 0.089046, 0.089241
0.069561, 0.837080, 0.045830, 0.780299
0.070399, 0.974915, -0.931590, -0.075430
0.070706, 0.095641, 0.086390, 0.117164
0.071761, 0.811158, 0.054532, 0.766401
0.072791, 0.195719, 0.079762, 0.216742
0.073150, 0.382082, 0.073110, 0.394408
0.074854, 0.585490, 0.068721, 0.580537
0.075997, 0.338155, 0.077464, 0.353717
0.077068, 0.627354, 0.069194, 0.616867
0.078350, 0.000000, 0.107118, 0.000000
0.079247, 0.268443, 0.083179, 0.286710
0.080655, 0.692213, 0.069549, 0.671465
0.083434, 0.480335, 0.080228, 0.485313
0.084089, 0.240144, 0.089459, 0.259207
0.084248, 0.402840, 0.083493, 0.413520
0.084316, 0.116180, 0.099085, 0.136956
0.085003, 0.929408, -0.912420, -0.125582
0.085197, 0.167845, 0.094996, 0.188694
0.085231, 0.141670, 0.097512, 0.163029
0.085237, 0.295351, 0.088288, 0.312164
0.085256, 1.000000, -0.800304, 0.000000
0.085453, 0.507308, 0.081246, 0.509845
0.085658, 0.426167, 0.084187, 0.435623
0.086042, 0.791631, 0.068200, 0.750932
0.086299, 0.558616, 0.080177, 0.555861
0.086780, 0.743334, 0.072034, 0.713205
0.087220, 0.668316, 0.076384, 0.651073
0.087519, 0.533456, 0.082277, 0.533477
0.087707, 0.903879, -0.053292, 0.707091
0.087801, 0.958216, -0.814545, -0.003767
0.088073, 0.715702, 0.074672, 0.690758
0.088291, 0.361273, 0.089033, 0.375009
0.089060, 0.451182, 0.086619, 0.458442
0.089299, 0.766739, 0.072578, 0.731403
0.089659, 0.878833, 0.210351, 0.961316
0.090262, 0.026085, 0.116873, 0.033740
0.090291, 0.603964, 0.082064, 0.596112
0.091002, 0.052791, 0.115373, 0.066557
0.091324, 0.215954, 0.098474, 0.235631
0.091484, 0.853920, 0.089651, 0.820620
0.092624, 0.079184, 0.113168, 0.096737
0.093492, 0.318899, 0.095763, 0.334147
0.093687, 0.829323, 0.069203, 0.777287
0.094440, 0.190778, 0.103334, 0.210687
0.095224, 0.645736, 0.084524, 0.631676
0.098998, 0.979956, -0.857275, -0.026673
0.099553, 0.577985, 0.091623, 0.572790
0.099717, 0.383591, 0.099566, 0.395378
0.100205, 0.254105, 0.105599, 0.271896
0.100937, 0.101106, 0.118947, 0.119189
0.101784, 0.807777, 0.078976, 0.761983
0.102186, 0.000000, 0.129398, 0.000000
0.102939, 0.690997, 0.088717, 0.669466
0.103137, 0.470945, 0.099479, 0.476263
0.103346, 0.341842, 0.104783, 0.355452
0.103482, 0.278518, 0.107873, 0.295507
0.104642, 0.942015, -0.815909, -0.028248
0.104760, 0.623694, 0.094125, 0.612476
0.105945, 0.496374, 0.101168, 0.499735
0.106334, 0.733476, 0.088687, 0.703750
0.107110, 0.127287, 0.122686, 0.146103
0.107576, 0.408672, 0.106305, 0.418472
0.107918, 0.152880, 0.121037, 0.172284
0.108476, 0.522705, 0.102447, 0.523727
0.109381, 0.918435, -0.952721, -0.186117
0.109556, 0.781986, 0.087405, 0.741855
0.109949, 0.432631, 0.107659, 0.440781
0.110044, 0.550254, 0.102614, 0.548242
0.111218, 0.231120, 0.118333, 0.248871
0.111936, 0.301134, 0.115476, 0.316920
0.111937, 0.894895, -0.628439, 0.103976
0.112044, 0.667361, 0.098020, 0.649268
0.112213, 0.176882, 0.123362, 0.195706
0.113718, 0.870985, 0.078078, 0.793125
0.113750, 1.000000, -0.809976, 0.000000
0.114168, 0.041166, 0.139417, 0.049834
0.114243, 0.756364, 0.093404, 0.721863
0.114591, 0.066130, 0.137841, 0.078997
0.114752, 0.019568, 0.140673, 0.024110
0.114869, 0.205076, 0.124170, 0.223693
0.115000, 0.599703, 0.104582, 0.591181
0.115051, 0.364628, 0.115519, 0.376465
0.115169, 0.711023, 0.097785, 0.685107
0.115887, 0.847067, 0.159267, 0.863173
0.116363, 0.961905, -0.818911, -0.025626
0.118244, 0.454013, 0.114731, 0.459937
0.120696, 0.323939, 0.123265, 0.338310
0.121138, 0.824318, 0.097118, 0.777876
0.121320, 0.644923, 0.107526, 0.629840
0.121363, 0.088597, 0.142292, 0.103591
0.121810, 0.258654, 0.127789, 0.275259
0.122916, 0.575286, 0.113117, 0.569453
0.124460, 0.389249, 0.123720, 0.399220
0.126015, 0.479781, 0.120946, 0.483210
0.126935, 0.112600, 0.145275, 0.128699
0.127419, 0.800214, 0.099207, 0.753751
0.127969, 0.688095, 0.110162, 0.665394
0.128623, 0.937858, -0.800150, -0.033398
0.128893, 0.505329, 0.122392, 0.506381
0.129048, 0.980522, -0.818551, -0.015308
0.129259, 0.000000, 0.156135, 0.000000
0.129632, 0.281273, 0.134515, 0.296696
0.130009, 0.732648, 0.108608, 0.701748
0.130339, 0.622313, 0.116942, 0.609902
0.130460, 0.138032, 0.146334, 0.154932
0.130920, 0.346487, 0.132422, 0.359263
0.131275, 0.530757, 0.123283, 0.529296
0.131453, 0.414123, 0.129382, 0.422194
0.132835, 0.162678, 0.146460, 0.179955
0.133330, 0.775470, 0.107203, 0.735054
0.133821, 0.913635, -0.816794, -0.071403
0.134123, 0.238932, 0.141801, 0.255289
0.134215, 0.189175, 0.145448, 0.206151
0.135111, 0.553930, 0.125499, 0.549629
0.135848, 0.889483, -0.966936, -0.248200
0.136232, 0.216628, 0.145541, 0.233328
0.136239, 0.051190, 0.159978, 0.059651
0.136873, 0.436869, 0.133479, 0.442951
0.137908, 0.865374, -0.410668, 0.276574
0.138029, 0.304760, 0.141728, 0.318835
0.138058, 0.665693, 0.120525, 0.646053
0.139276, 0.599672, 0.126409, 0.589681
0.139360, 0.023814, 0.164669, 0.028080
0.140847, 0.370509, 0.141055, 0.381495
0.141233, 0.709119, 0.119099, 0.681046
0.141711, 0.841753, 0.183749, 0.852641
0.141833, 0.752422, 0.116294, 0.716176
0.142091, 0.074626, 0.164340, 0.085728
0.142478, 1.000000, -0.800547, 0.000000
0.143226, 0.461362, 0.138269, 0.465118
0.143248, 0.957777, -0.802740, -0.032017
0.146795, 0.817700, 0.149154, 0.801749
0.147203, 0.259793, 0.153964, 0.275034
0.147362, 0.578257, 0.135109, 0.570096
0.147385, 0.643264, 0.130401, 0.626368
0.147559, 0.327733, 0.150012, 0.340264
0.147866, 0.098596, 0.168308, 0.111757
0.149061, 0.487043, 0.142327, 0.488161
0.149406, 0.395309, 0.148130, 0.404339
0.152054, 0.123487, 0.170174, 0.137832
0.152146, 0.512346, 0.143673, 0.510735
0.153058, 0.794155, 0.123600, 0.749910
0.153157, 0.933408, -0.792003, -0.048009
0.153806, 0.686809, 0.132004, 0.662040
0.154374, 0.000000, 0.179962, 0.000000
0.154565, 0.284341, 0.159922, 0.298454
0.154592, 0.148773, 0.170381, 0.163871
0.154916, 0.203442, 0.165657, 0.218699
0.155045, 0.175062, 0.168451, 0.190655
0.155486, 0.728855, 0.126369, 0.692929
0.156231, 0.620802, 0.139907, 0.606358
0.156663, 0.977459, -0.794865, -0.016912
0.156822, 0.535408, 0.146503, 0.530924
0.156903, 0.040269, 0.180810, 0.046008
0.157089, 0.351505, 0.158128, 0.362324
0.157297, 0.419433, 0.154437, 0.426399
0.157862, 0.907760, -0.781263, -0.061090
0.158213, 0.234305, 0.166840, 0.249152
0.158701, 0.771257, 0.123404, 0.724625
0.159409, 0.557252, 0.147410, 0.550256
0.159795, 0.883527, -0.815456, -0.116645
0.161802, 0.443399, 0.157303, 0.448198
0.162704, 0.859238, -0.947977, -0.279050
0.163799, 0.062289, 0.186640, 0.070267
0.164030, 0.307781, 0.167982, 0.320475
0.164039, 0.664131, 0.143081, 0.642403
0.165368, 0.598345, 0.149780, 0.586052
0.166162, 0.376264, 0.165593, 0.385193
0.166794, 0.834148, -0.325164, 0.311405
0.167355, 0.469039, 0.160976, 0.471354
0.168037, 0.020230, 0.192229, 0.023130
0.168453, 0.707116, 0.142698, 0.677501
0.168707, 0.747832, 0.128643, 0.700283
0.169114, 0.084688, 0.190408, 0.094526
0.169357, 1.000000, -0.783546, 0.000000
0.169743, 0.262462, 0.176677, 0.276053
0.169941, 0.953452, -0.782906, -0.035713
0.171976, 0.496101, 0.163536, 0.495720
0.173134, 0.810865, 0.253786, 0.869958
0.173351, 0.331656, 0.175750, 0.342743
0.173410, 0.575564, 0.158795, 0.565509
0.173457, 0.108841, 0.193269, 0.120527
0.173461, 0.641540, 0.153054, 0.622242
0.173762, 0.215554, 0.183987, 0.229309
0.174938, 0.401037, 0.172613, 0.407902
0.175051, 0.187624, 0.187889, 0.201702
0.176626, 0.134592, 0.194201, 0.147370
0.176642, 0.926067, -0.776280, -0.056872
0.177243, 0.160210, 0.192574, 0.173731
0.177436, 0.521517, 0.166777, 0.518126
0.179718, 0.286545, 0.185055, 0.298763
0.179840, 0.788246, 0.132167, 0.730460
0.180105, 0.684417, 0.155471, 0.658090
0.181667, 0.000000, 0.206509, 0.000000
0.181678, 0.243509, 0.189978, 0.256414
0.182138, 0.618750, 0.162800, 0.602100
0.182157, 0.043438, 0.205509, 0.048508
0.182172, 0.979942, -0.775012, -0.015512
0.182258, 0.356618, 0.182915, 0.365902
0.182281, 0.548326, 0.169020, 0.540956
0.182675, 0.900313, -0.767124, -0.073940
0.182893, 0.727404, 0.159287, 0.698870
0.183020, 0.425690, 0.178821, 0.430378
0.183489, 0.766221, 0.138510, 0.713621
0.183900, 0.876784, -0.774759, -0.103170
0.185307, 0.449808, 0.179238, 0.452251
0.186121, 0.849728, -0.747861, -0.101654
0.189310, 0.310611, 0.192967, 0.321328
0.189687, 0.477985, 0.181414, 0.477867
0.190365, 0.661570, 0.164786, 0.636431
0.190562, 0.067297, 0.212715, 0.074252
0.191208, 0.595562, 0.172951, 0.581452
0.191307, 0.381890, 0.190068, 0.389184
0.193470, 0.825474, -0.951622, -0.338829
0.193547, 0.962368, -0.764972, -0.029515
0.194325, 0.091229, 0.214806, 0.099777
0.194703, 0.225487, 0.204483, 0.237675
0.194936, 0.022423, 0.218176, 0.024952
0.195258, 0.704732, 0.168434, 0.675027
0.195313, 0.200241, 0.207198, 0.212574
0.195507, 0.940119, -0.762743, -0.046982
0.195605, 0.571597, 0.179074, 0.560258
0.195925, 0.266223, 0.202782, 0.277850
0.196113, 0.502994, 0.185464, 0.499964
0.196920, 0.118756, 0.215889, 0.129215
0.196959, 0.173813, 0.211185, 0.185901
0.197499, 0.747958, 0.205502, 0.749080
0.197581, 1.000000, -0.762499, 0.000000
0.197957, 0.336002, 0.199756, 0.345054
0.199565, 0.637914, 0.176055, 0.616667
0.199983, 0.801083, -0.274859, 0.303039
0.200053, 0.530875, 0.186849, 0.524773
0.200299, 0.407200, 0.196969, 0.412249
0.200491, 0.146052, 0.216851, 0.157095
0.202061, 0.915417, -0.756201, -0.066466
0.204291, 0.866341, -0.748510, -0.103793
0.205201, 0.289189, 0.210238, 0.299389
0.205207, 0.459213, 0.197436, 0.459297
0.205883, 0.774188, 0.426889, 0.981270
0.206548, 0.682484, 0.171092, 0.646932
0.206908, 0.361353, 0.206730, 0.368531
0.207343, 0.046642, 0.229986, 0.051113
0.207681, 0.613008, 0.185694, 0.594933
0.207790, 0.000000, 0.231693, 0.000000
0.208785, 0.433013, 0.202978, 0.435158
0.208991, 0.555754, 0.192697, 0.545728
0.209016, 0.725261, 0.171415, 0.683307
0.209391, 0.246164, 0.217964, 0.257378
0.209501, 0.891465, -0.748796, -0.085850
0.212096, 0.981279, -0.751426, -0.014978
0.212152, 0.843172, -0.746692, -0.129371
0.213462, 0.315322, 0.216473, 0.323979
0.214727, 0.483350, 0.204400, 0.480489
0.215630, 0.219354, 0.226081, 0.230123
0.215723, 0.099156, 0.234956, 0.106743
0.215910, 0.659060, 0.188907, 0.633870
0.216037, 0.585932, 0.195969, 0.571333
0.216175, 0.385836, 0.213889, 0.390911
0.216777, 0.071238, 0.237768, 0.077064
0.216952, 0.512787, 0.203825, 0.506652
0.217278, 0.958919, -0.746382, -0.033020
0.217573, 0.193445, 0.230294, 0.204160
0.218870, 0.168444, 0.233062, 0.178374
0.219663, 0.819353, -0.712239, -0.120892
0.219994, 0.934028, -0.743528, -0.053041
0.220359, 0.023394, 0.242649, 0.025504
0.220545, 0.124631, 0.238402, 0.133418
0.221596, 0.748163, 0.146704, 0.666940
0.222433, 0.341017, 0.223362, 0.347918
0.222503, 0.703501, 0.153799, 0.634973
0.223147, 0.267641, 0.229996, 0.277403
0.223405, 0.793395, -0.997981, -0.442447
0.224190, 0.634357, 0.197184, 0.610701
0.224808, 0.410388, 0.220274, 0.413241
0.224975, 0.537782, 0.208692, 0.527914
0.225772, 0.146415, 0.242070, 0.155696
0.225978, 0.456164, 0.217339, 0.455011
0.226045, 0.870393, -0.731936, -0.102533
0.226790, 1.000000, -0.739751, 0.000000
0.228086, 0.294529, 0.232490, 0.302781
0.228298, 0.910968, -0.735739, -0.071862
0.229843, 0.768465, -0.225115, 0.294257
0.230519, 0.609641, 0.205617, 0.589241
0.231256, 0.564219, 0.211393, 0.550046
0.232056, 0.047193, 0.253801, 0.050876
0.232339, 0.680522, 0.212528, 0.662197
0.232350, 0.364513, 0.231129, 0.369376
0.232532, 0.239141, 0.241480, 0.248552
0.233459, 0.000000, 0.256220, 0.000000
0.234183, 0.498030, 0.221074, 0.491829
0.234376, 0.726215, 0.111861, 0.604666
0.234525, 0.848218, -0.727575, -0.125869
0.235359, 0.432799, 0.228352, 0.432905
0.236636, 0.086685, 0.256165, 0.092441
0.236893, 0.212658, 0.247958, 0.221951
0.237502, 0.321455, 0.239641, 0.328000
0.238464, 0.953503, -0.729195, -0.038111
0.239029, 0.890673, -0.726070, -0.089167
0.240356, 0.185926, 0.252727, 0.194281
0.240367, 0.977639, -0.729397, -0.018360
0.240414, 0.655339, 0.204871, 0.622440
0.240606, 0.109986, 0.258518, 0.116572
0.240872, 0.476434, 0.229228, 0.471579
0.241151, 0.388418, 0.237612, 0.391080
0.241409, 0.587240, 0.217460, 0.568206
0.242639, 0.521114, 0.226607, 0.511757
0.242664, 0.827510, -0.699633, -0.122572
0.244314, 0.804762, -0.783365, -0.230968
0.244469, 0.163612, 0.259265, 0.172014
0.245599, 0.023221, 0.266851, 0.024878
0.246031, 0.931077, -0.722843, -0.056718
0.246459, 0.066664, 0.266722, 0.071001
0.247191, 0.255856, 0.254451, 0.263671
0.247460, 0.278862, 0.252674, 0.285941
0.247665, 0.135763, 0.263808, 0.142925
0.248323, 0.780111, -0.659940, -0.134245
0.248851, 0.343579, 0.248829, 0.348140
0.248873, 0.701754, 0.329685, 0.783386
0.248980, 0.631843, 0.217116, 0.603829
0.249165, 0.750157, -0.296794, 0.190861
0.249365, 0.545226, 0.230196, 0.532399
0.250722, 0.454288, 0.240723, 0.450969
0.250845, 0.411037, 0.244857, 0.411261
0.251293, 0.303718, 0.254422, 0.309693
0.251725, 0.868498, -0.712739, -0.107316
0.254036, 1.000000, -0.718442, 0.000000
0.254643, 0.609994, 0.226051, 0.585706
0.256243, 0.674153, 0.202215, 0.621811
0.256551, 0.910112, -0.713259, -0.074416
0.257238, 0.725989, 0.645161, 1.109319
0.257253, 0.228241, 0.266405, 0.235515
0.257346, 0.568316, 0.234837, 0.551685
0.257748, 0.367277, 0.255343, 0.369743
0.257962, 0.202572, 0.268804, 0.209724
0.258168, 0.500090, 0.242678, 0.491013
0.259056, 0.044574, 0.279669, 0.047338
0.259307, 0.000000, 0.280730, 0.000000
0.260415, 0.955847, -0.711578, -0.036852
0.261058, 0.845569, -0.704036, -0.127941
0.262083, 0.090180, 0.280684, 0.094895
0.262290, 0.432673, 0.253565, 0.429998
0.262893, 0.116893, 0.279566, 0.122418
0.264495, 0.154956, 0.279052, 0.161546
0.265756, 0.478457, 0.252131, 0.471109
0.265812, 0.323386, 0.267145, 0.327675
0.266409, 0.649085, 0.230462, 0.616633
0.266890, 0.767218, -0.574704, -0.075297
0.266944, 0.888754, -0.703492, -0.092820
0.266955, 0.524321, 0.247701, 0.511208
0.267202, 0.820378, -0.695531, -0.147663
0.267245, 0.389905, 0.262336, 0.390028
0.267511, 0.180911, 0.280593, 0.187867
0.267542, 0.592616, 0.241358, 0.571658
0.268199, 0.796131, -0.707956, -0.185262
0.268251, 0.978363, -0.707090, -0.018169
0.268970, 0.248564, 0.276293, 0.254645
0.271093, 0.293725, 0.274456, 0.298305
0.271633, 0.932642, -0.702441, -0.056606
0.272014, 0.022053, 0.292076, 0.023274
0.272062, 0.692038, 0.165819, 0.585830
0.272066, 0.271676, 0.277749, 0.277317
0.272927, 0.066737, 0.292049, 0.070084
0.274413, 0.456410, 0.262324, 0.450183
0.274576, 0.547593, 0.251155, 0.530000
0.274587, 0.347239, 0.273361, 0.349405
0.275392, 0.622454, 0.247715, 0.599478
0.276787, 0.740812, -1.061041, -0.602747
0.276850, 0.713463, 0.014818, 0.441046
0.277480, 0.136693, 0.292510, 0.141956
0.277505, 0.865587, -0.692585, -0.112593
0.277545, 0.411715, 0.269943, 0.409206
0.278587, 0.208805, 0.289056, 0.214794
0.281569, 1.000000, -0.695757, 0.000000
0.281645, 0.571977, 0.252700, 0.548457
0.282219, 0.670004, 0.238527, 0.628706
0.282575, 0.503016, 0.264780, 0.491274
0.282837, 0.107162, 0.299461, 0.111338
0.283509, 0.910221, -0.691651, -0.075977
0.284252, 0.369850, 0.280380, 0.369645
0.284989, 0.955516, -0.691784, -0.037825
0.285054, 0.231719, 0.293203, 0.236731
0.285054, 0.839298, -0.683830, -0.134805
0.285439, 0.043929, 0.304750, 0.046003
0.285876, 0.000000, 0.305918, 0.000000
0.286379, 0.308116, 0.288072, 0.310906
0.286740, 0.163907, 0.300229, 0.169254
0.287421, 0.786447, -0.673403, -0.176822
0.288043, 0.434002, 0.277391, 0.428442
0.288871, 0.762497, -0.654629, -0.180857
0.289041, 0.598976, 0.248820, 0.563782
0.289865, 0.481418, 0.273653, 0.470901
0.290073, 0.085487, 0.307528, 0.088803
0.290418, 0.644708, 0.261868, 0.620560
0.291515, 0.813647, -0.676880, -0.157783
0.292012, 0.526249, 0.270459, 0.510519
0.292615, 0.189367, 0.304088, 0.194382
0.292776, 0.330239, 0.292410, 0.331685
0.292842, 0.257824, 0.298817, 0.261855
0.292989, 0.887326, -0.682104, -0.095865
0.294213, 0.391619, 0.287547, 0.388790
0.295490, 0.978149, -0.684499, -0.018733
0.296874, 0.457529, 0.282747, 0.448473
0.297090, 0.283838, 0.300939, 0.286976
0.297617, 0.125429, 0.312719, 0.129305
0.297626, 0.693809, 0.207987, 0.597761
0.297738, 0.932217, -0.681005, -0.058073
0.298259, 0.721911, -0.609277, -0.190631
0.298611, 0.021448, 0.317310, 0.022313
0.298750, 0.550787, 0.273807, 0.531393
0.300603, 0.860108, -0.673576, -0.119258
0.300675, 0.063938, 0.318627, 0.066308
0.300970, 0.621485, 0.240393, 0.565346
0.302113, 0.352127, 0.299271, 0.351550
0.303875, 0.147904, 0.317325, 0.151740
0.303994, 0.213993, 0.313513, 0.218184
0.304024, 0.575830, 0.278055, 0.555049
0.304125, 0.413151, 0.294440, 0.407418
0.304271, 0.745447, -0.708974, -0.267237
0.305316, 0.666707, 0.291018, 0.657532
0.308522, 0.504957, 0.287213, 0.489117
0.308881, 1.000000, -0.673043, 0.000000
0.309144, 0.794786, -0.658504, -0.173979
0.309279, 0.835188, -0.663976, -0.140864
0.309376, 0.238680, 0.316147, 0.241632
0.309697, 0.104971, 0.325343, 0.107879
0.309794, 0.308409, 0.310802, 0.309340
0.310349, 0.955749, -0.670966, -0.038306
0.310394, 0.909002, -0.669588, -0.078536
0.311251, 0.771441, -0.643846, -0.183285
0.311336, 0.172571, 0.323339, 0.176306
0.312089, 0.374032, 0.306460, 0.371012
0.312578, 0.041585, 0.330430, 0.042980
0.312902, 0.000000, 0.331355, 0.000000
0.312991, 0.480008, 0.294671, 0.466630
0.313525, 0.599034, 0.293496, 0.583742
0.313550, 0.434674, 0.300588, 0.425734
0.315339, 0.879893, -0.662978, -0.103729
0.315768, 0.641776, 0.214729, 0.543534
0.315896, 0.264645, 0.320354, 0.266477
0.316220, 0.530481, 0.289470, 0.509039
0.317572, 0.084346, 0.334029, 0.086672
0.318834, 0.331856, 0.317083, 0.330691
0.319123, 0.456344, 0.302977, 0.444424
0.319176, 0.196078, 0.329014, 0.199054
0.319313, 0.813869, -0.653899, -0.160397
0.319415, 0.709494, -0.785621, -0.392618
0.322094, 0.395993, 0.313378, 0.390169
0.322208, 0.684443, -0.327195, 0.028084
0.322436, 0.128827, 0.336578, 0.131538
0.322517, 0.978261, -0.661658, -0.018983
0.322703, 0.555069, 0.288590, 0.526066
0.323263, 0.933398, -0.659683, -0.058071
0.323589, 0.288739, 0.325645, 0.289106
0.324182, 0.734267, -0.594701, -0.182999
0.325578, 0.855542, -0.652633, -0.125253
0.326201, 0.020270, 0.343377, 0.020808
0.327357, 0.061448, 0.343942, 0.062980
0.327531, 0.618471, 0.339876, 0.634987
0.328045, 0.577966, 0.284629, 0.539568
0.328797, 0.154123, 0.340745, 0.156465
0.328872, 0.354788, 0.324194, 0.351220
0.329563, 0.221301, 0.337633, 0.223490
0.329610, 0.759076, -0.650057, -0.218835
0.330568, 0.660488, 0.199830, 0.524473
0.330960, 0.895508, -0.650796, -0.091293
0.331782, 0.418375, 0.319642, 0.409378
0.332554, 0.491868, 0.310467, 0.474296
0.333030, 0.787343, -0.635417, -0.180331
0.333260, 0.244976, 0.338492, 0.245812
0.334591, 0.515633, 0.309249, 0.495105
0.335389, 0.108056, 0.349379, 0.109790
0.335467, 0.311864, 0.334833, 0.310154
0.336197, 1.000000, -0.649957, 0.000000
0.336529, 0.956482, -0.648987, -0.038309
0.336655, 0.833828, -0.641367, -0.144899
0.337058, 0.177592, 0.347498, 0.179546
0.338176, 0.466563, 0.318766, 0.450967
0.339348, 0.377651, 0.331484, 0.371332
0.339432, 0.916104, -0.645227, -0.073812
0.340205, 0.039851, 0.356460, 0.040674
0.340243, 0.596660, 0.281013, 0.542665
0.340434, 0.270165, 0.343158, 0.269583
0.340473, 0.441724, 0.324541, 0.429184
0.340735, 0.000000, 0.357595, 0.000000
0.341799, 0.540753, 0.313946, 0.517786
0.342147, 0.082467, 0.357182, 0.083838
0.342293, 0.872772, -0.639793, -0.111719
0.342309, 0.636401, 0.484307, 0.780953
0.342832, 0.811122, -0.633818, -0.164872
0.342893, 0.698479, -0.529120, -0.171878
0.343883, 0.202711, 0.351841, 0.203665
0.344250, 0.722484, -0.660729, -0.278802
0.345212, 0.334978, 0.341639, 0.330957
0.345859, 0.136032, 0.358474, 0.137568
0.348217, 0.566793, 0.325520, 0.548529
0.349192, 0.400769, 0.337828, 0.391365
0.349260, 0.676530, -0.764933, -0.430463
0.349703, 0.978586, -0.638362, -0.019016
0.350115, 0.745691, -0.604046, -0.205642
0.350917, 0.292080, 0.351089, 0.289637
0.351546, 0.937075, -0.635588, -0.055828
0.352056, 0.771292, -0.626453, -0.204469
0.353505, 0.850094, -0.628863, -0.132253
0.354031, 0.059622, 0.368881, 0.060378
0.354601, 0.020082, 0.370165, 0.020362
0.355371, 0.358204, 0.348541, 0.351479
0.355383, 0.158701, 0.365749, 0.159428
0.355711, 0.616636, 0.266155, 0.532462
0.355885, 0.653221, -0.563460, -0.271089
0.355928, 0.475919, 0.333128, 0.456586
0.356075, 0.894388, -0.629469, -0.093705
0.356086, 0.498873, 0.329389, 0.476127
0.356248, 0.250889, 0.359901, 0.249665
0.356298, 0.228089, 0.362252, 0.227822
0.358026, 0.425025, 0.342733, 0.412119
0.359081, 0.796622, -0.617154, -0.177549
0.359294, 0.099523, 0.372102, 0.100197
0.359982, 0.522029, 0.325895, 0.492130
0.360120, 0.121538, 0.372157, 0.122181
0.361282, 0.183633, 0.369944, 0.183820
0.361597, 0.590189, 0.351765, 0.583543
0.361677, 0.314728, 0.359034, 0.310116
0.363688, 1.000000, -0.626350, 0.000000
0.363761, 0.451915, 0.343921, 0.434912
0.364139, 0.825531, -0.617681, -0.154845
0.364343, 0.958328, -0.625173, -0.037285
0.365369, 0.709599, -0.577980, -0.230146
0.366056, 0.381912, 0.355605, 0.372056
0.366379, 0.545537, 0.311743, 0.495278
0.366613, 0.916265, -0.622000, -0.074885
0.367148, 0.271372, 0.368436, 0.268428
0.367542, 0.208605, 0.373609, 0.207581
0.368239, 0.871720, -0.617804, -0.114418
0.368651, 0.040118, 0.383146, 0.040444
0.368780, 0.000000, 0.383961, 0.000000
0.369231, 0.076857, 0.382715, 0.077293
0.370599, 0.688870, -0.637218, -0.313564
0.371222, 0.730868, -0.607941, -0.244127
0.371306, 0.337778, 0.365554, 0.330695
0.372537, 0.567208, 0.280652, 0.479921
0.372549, 0.635932, -0.500950, -0.240420
0.373845, 0.755313, -0.595943, -0.210767
0.374970, 0.664781, -0.550967, -0.258641
0.374995, 0.406129, 0.360588, 0.392840
0.375176, 0.142974, 0.385947, 0.142935
0.376124, 0.779243, -0.604084, -0.197384
0.376685, 0.477892, 0.351347, 0.455601
0.377363, 0.293131, 0.375845, 0.288086
0.377614, 0.979346, -0.614118, -0.018631
0.378337, 0.848312, -0.607797, -0.135854
0.379011, 0.937657, -0.611914, -0.056185
0.379329, 0.245881, 0.382410, 0.243084
0.379478, 0.609508, 0.405652, 0.632501
0.379714, 0.503390, 0.350937, 0.478068
0.380317, 0.168284, 0.388662, 0.167353
0.381052, 0.361856, 0.371718, 0.351807
0.381352, 0.805876, -0.600375, -0.172719
0.381461, 0.894252, -0.607839, -0.095204
0.381568, 0.432431, 0.362764, 0.415375
0.382844, 0.020233, 0.396638, 0.020269
0.383175, 0.117831, 0.394103, 0.117437
0.383488, 0.096217, 0.395084, 0.096017
0.383692, 0.058841, 0.396794, 0.058889
0.385116, 0.528834, 0.362511, 0.509945
0.385401, 0.194365, 0.392008, 0.192700
0.386191, 0.223490, 0.390122, 0.220656
0.386231, 0.584648, 0.195401, 0.398821
0.387285, 0.314751, 0.382726, 0.307325
0.389156, 0.457127, 0.365377, 0.435486
0.390392, 0.709828, -0.578963, -0.254761
0.391409, 0.269875, 0.391355, 0.264803
0.391591, 1.000000, -0.601985, 0.000000
0.391961, 0.827147, -0.594128, -0.155748
0.392033, 0.958756, -0.601117, -0.037463
0.392115, 0.386842, 0.378398, 0.372957
0.392873, 0.554526, 0.456312, 0.621997
0.393360, 0.916389, -0.598800, -0.075881
0.393565, 0.871718, -0.596053, -0.116057
0.393637, 0.682449, -0.569252, -0.276187
0.393793, 0.653018, -0.534338, -0.270854
0.394154, 0.737283, -0.584518, -0.236478
0.395696, 0.337219, 0.387847, 0.327183
0.396570, 0.627385, -0.730942, -0.496295
0.396750, 0.000000, 0.410058, 0.000000
0.397559, 0.039791, 0.410192, 0.039643
0.398079, 0.762784, -0.580144, -0.210905
0.398150, 0.078802, 0.410009, 0.078399
0.398587, 0.786426, -0.584630, -0.192480
0.398646, 0.483613, 0.368351, 0.455855
0.398939, 0.413466, 0.380735, 0.395768
0.400391, 0.131087, 0.409526, 0.129696
0.400638, 0.154365, 0.408872, 0.152605
0.403099, 0.509149, 0.362799, 0.471753
0.403290, 0.291794, 0.400099, 0.284246
0.403685, 0.849858, -0.585930, -0.136383
0.404135, 0.359687, 0.392675, 0.346659
0.404294, 0.248611, 0.405632, 0.243585
0.404633, 0.601435, -0.097105, 0.098281
0.404716, 0.178907, 0.410830, 0.176164
0.405592, 0.979487, -0.589582, -0.018778
0.406279, 0.937824, -0.588105, -0.056847
0.406695, 0.438554, 0.383668, 0.416589
0.406736, 0.204823, 0.410991, 0.201159
0.406881, 0.575968, 0.774731, 0.946900
0.407157, 0.894621, -0.585610, -0.096186
0.407704, 0.103470, 0.417588, 0.102270
0.408625, 0.806147, -0.577514, -0.175649
0.409167, 0.534553, 0.331933, 0.459961
0.410522, 0.227953, 0.412472, 0.222971
0.411212, 0.020164, 0.423095, 0.019970
0.412107, 0.060089, 0.423467, 0.059489
0.412373, 0.314872, 0.405868, 0.304726
0.413063, 0.723445, -0.563165, -0.247327
0.413091, 0.697372, -0.561131, -0.271982
0.413363, 0.669127, -0.537892, -0.277129
0.413882, 0.463622, 0.385542, 0.436808
0.414439, 0.379464, 0.399344, 0.363184
0.416851, 0.643221, -0.612544, -0.381684
0.417679, 0.750760, -0.564397, -0.225981
0.417962, 0.269418, 0.416092, 0.261881
0.418575, 0.828036, -0.571066, -0.157091
0.418627, 0.401067, 0.399971, 0.381826
0.419545, 1.000000, -0.577357, 0.000000
0.419624, 0.873308, -0.573400, -0.116191
0.419693, 0.958879, -0.576785, -0.037880
0.419695, 0.558476, 0.296475, 0.434872
0.420174, 0.617057, -0.324287, -0.123639
0.420175, 0.916550, -0.575249, -0.076779
0.420730, 0.338639, 0.410538, 0.325520
0.421539, 0.778901, -0.563406, -0.200845
0.421580, 0.489463, 0.388540, 0.458436
0.422462, 0.120582, 0.430582, 0.118393
0.423813, 0.083415, 0.433674, 0.082100
0.424497, 0.143360, 0.431323, 0.140424
0.424668, 0.000000, 0.436055, 0.000000
0.425702, 0.040764, 0.436459, 0.040167
0.425819, 0.423446, 0.402673, 0.400222
0.425876, 0.166133, 0.431632, 0.162508
0.426602, 0.514790, 0.401300, 0.492120
0.427800, 0.851461, -0.564775, -0.136607
0.428126, 0.190974, 0.431727, 0.186186
0.428153, 0.587694, -0.919332, -0.758462
0.429152, 0.293717, 0.423348, 0.283146
0.430982, 0.360878, 0.416701, 0.344225
0.431577, 0.216037, 0.433185, 0.209992
0.431652, 0.242943, 0.430912, 0.235482
0.432227, 0.802884, -0.557022, -0.180822
0.432702, 0.446688, 0.404393, 0.418828
0.433550, 0.979458, -0.564815, -0.019064
0.433556, 0.938072, -0.564019, -0.057388
0.433657, 0.683302, -0.532317, -0.277471
0.433725, 0.895194, -0.562265, -0.096932
0.433996, 0.539788, 0.505956, 0.615385
0.435092, 0.710533, -0.544777, -0.263988
0.436186, 0.734697, -0.545532, -0.241155
0.437268, 0.658885, -0.557839, -0.331459
0.437322, 0.319035, 0.427727, 0.305470
0.437507, 0.102819, 0.445536, 0.100533
0.438655, 0.063350, 0.448017, 0.062037
0.438950, 0.470643, 0.404813, 0.437444
0.439008, 0.020725, 0.448926, 0.020304
0.439481, 0.384640, 0.420809, 0.364179
0.439514, 0.632871, -0.461390, -0.263574
0.440008, 0.761659, -0.546211, -0.218648
0.440731, 0.265616, 0.436991, 0.255874
0.440765, 0.606329, -0.621621, -0.452610
0.441582, 0.567788, -0.055688, 0.069687
0.442878, 0.825394, -0.549692, -0.161406
0.445284, 0.495495, 0.408976, 0.460585
0.445542, 0.407403, 0.422378, 0.383030
0.446328, 0.873502, -0.549890, -0.117535
0.446946, 0.126384, 0.453222, 0.122931
0.447114, 0.342634, 0.433437, 0.325601
0.447139, 0.917247, -0.551331, -0.077130
0.447442, 1.000000, -0.552545, 0.000000
0.447472, 0.958818, -0.552069, -0.038438
0.448419, 0.846593, -0.545773, -0.142369
0.448616, 0.784714, -0.540944, -0.198667
0.448726, 0.149697, 0.453323, 0.145199
0.449473, 0.173867, 0.452881, 0.168408
0.450455, 0.520011, 0.476207, 0.547247
0.450920, 0.285709, 0.444150, 0.273464
0.451938, 0.198658, 0.453074, 0.191760
0.452131, 0.000000, 0.461514, 0.000000
0.452217, 0.084526, 0.459964, 0.082277
0.452472, 0.430068, 0.424220, 0.401121
0.452491, 0.042744, 0.461219, 0.041658
0.453738, 0.696010, -0.521506, -0.273988
0.453797, 0.224158, 0.452797, 0.215774
0.456359, 0.545865, -0.379793, -0.291412
0.456580, 0.307258, 0.446538, 0.292409
0.456628, 0.366730, 0.438404, 0.345709
0.458169, 0.744230, -0.527903, -0.235727
0.458219, 0.590570, -0.438276, -0.302682
0.458564, 0.246783, 0.454959, 0.236501
0.458570, 0.453223, 0.424561, 0.419056
0.459319, 0.646504, -0.487816, -0.296002
0.459334, 0.672509, -0.526484, -0.308274
0.459429, 0.808224, -0.533442, -0.178336
0.460133, 0.896278, -0.538831, -0.097133
0.460217, 0.721177, -0.523957, -0.257179
0.460669, 0.618871, -0.547449, -0.385452
0.461212, 0.938129, -0.539311, -0.058073
0.461451, 0.979337, -0.539865, -0.019425
0.463791, 0.477226, 0.430252, 0.444082
0.464431, 0.107739, 0.470229, 0.104209
0.465147, 0.390484, 0.442011, 0.365078
0.465455, 0.328922, 0.451664, 0.310881
0.465654, 0.569522, -0.496873, -0.390081
0.465822, 0.021336, 0.473634, 0.020671
0.465934, 0.064714, 0.473182, 0.062689
0.466409, 0.857546, -0.530558, -0.133401
0.466828, 0.765825, -0.523028, -0.217596
0.468408, 0.268625, 0.461660, 0.255767
0.469548, 0.501732, 0.492159, 0.525371
0.470764, 0.831745, -0.525330, -0.157637
0.471495, 0.131629, 0.475776, 0.126802
0.471750, 0.155829, 0.474034, 0.149701
0.472319, 0.413284, 0.444037, 0.383247
0.472748, 0.180660, 0.473700, 0.173270
0.473540, 0.526621, -0.179829, -0.126783
0.474218, 0.351407, 0.455975, 0.329506
0.474609, 0.917343, -0.526681, -0.077999
0.474923, 0.788440, -0.518209, -0.197820
0.474940, 0.878391, -0.524420, -0.114469
0.475044, 0.205910, 0.473516, 0.196764
0.475218, 1.000000, -0.527613, 0.000000
0.475346, 0.958593, -0.527032, -0.039136
0.475384, 0.698689, -0.505363, -0.276837
0.476837, 0.291992, 0.466734, 0.276293
0.478590, 0.088368, 0.484201, 0.085118
0.478801, 0.436016, 0.447042, 0.403010
0.479001, 0.042978, 0.485558, 0.041432
0.479179, 0.000000, 0.486388, 0.000000
0.479363, 0.229091, 0.475530, 0.218103
0.479869, 0.603800, -0.465392, -0.338062
0.480166, 0.631953, -0.508441, -0.352722
0.480982, 0.551604, -0.482955, -0.410586
0.481618, 0.656525, -0.486764, -0.307188
0.481937, 0.742267, -0.507012, -0.240381
0.483381, 0.374542, 0.460449, 0.348458
0.483477, 0.679199, -0.499091, -0.298417
0.483741, 0.459888, 0.446834, 0.422280
0.484205, 0.314411, 0.470093, 0.295347
0.485437, 0.719022, -0.500616, -0.261273
0.485764, 0.810593, -0.510317, -0.178310
0.485933, 0.251645, 0.479072, 0.238268
0.486933, 0.579153, -0.489943, -0.395205
0.488332, 0.854322, -0.510792, -0.137744
0.488459, 0.483910, 0.531554, 0.526904
0.488887, 0.898045, -0.512890, -0.096676
0.489045, 0.937779, -0.514216, -0.059123
0.489233, 0.979082, -0.514801, -0.019907
0.491153, 0.113124, 0.494025, 0.108128
0.491441, 0.065395, 0.496452, 0.062670
0.491729, 0.767242, -0.501318, -0.218871
0.492078, 0.397239, 0.462938, 0.365407
0.492573, 0.021652, 0.498123, 0.020749
0.493070, 0.336711, 0.474954, 0.314121
0.493515, 0.508638, -0.289909, -0.274901
0.494316, 0.163233, 0.493927, 0.155259
0.494567, 0.275235, 0.484200, 0.258858
0.495127, 0.138780, 0.496958, 0.132357
0.495711, 0.188696, 0.493746, 0.179095
0.496890, 0.532865, -0.444608, -0.407701
0.497483, 0.832811, -0.501604, -0.158544
0.499466, 0.419246, 0.458210, 0.375746
0.499693, 0.621689, -0.467611, -0.342144
0.500567, 0.211647, 0.496049, 0.199964
0.500829, 0.788578, -0.495104, -0.200012
0.501232, 0.359036, 0.476996, 0.330902
0.501391, 0.876186, -0.500613, -0.117926
0.502380, 0.697784, -0.483862, -0.283155
0.502774, 1.000000, -0.502677, 0.000000
0.502924, 0.087909, 0.506175, 0.083774
0.503140, 0.917715, -0.500804, -0.078596
0.503155, 0.559464, -0.456517, -0.398701
0.503174, 0.298734, 0.489175, 0.279138
0.503180, 0.958013, -0.501811, -0.040161
0.503810, 0.646907, -0.479071, -0.331977
0.504011, 0.443323, 0.482162, 0.419838
0.504024, 0.595787, -0.471583, -0.377261
0.505316, 0.044017, 0.509559, 0.041966
0.505475, 0.234701, 0.498333, 0.220774
0.505703, 0.671300, -0.475253, -0.304912
0.506045, 0.000000, 0.510940, 0.000000
0.506140, 0.748970, -0.486330, -0.236897
0.506873, 0.725887, -0.482604, -0.257689
0.508855, 0.467399, 0.507887, 0.465303
0.510901, 0.381955, 0.485486, 0.353049
0.511274, 0.321385, 0.492225, 0.297341
0.511661, 0.812739, -0.487155, -0.178314
0.511905, 0.258216, 0.501361, 0.241471
0.512695, 0.491667, -0.262132, -0.283109
0.513181, 0.853991, -0.488514, -0.139552
0.515643, 0.107662, 0.516602, 0.101903
0.516265, 0.896514, -0.488093, -0.099284
0.516640, 0.174040, 0.513178, 0.163802
0.516696, 0.978970, -0.489819, -0.020251
0.517344, 0.576906, -0.448002, -0.386776
0.517354, 0.937073, -0.488432, -0.060505
0.517628, 0.066943, 0.520216, 0.063440
0.517696, 0.128821, 0.517702, 0.121693
0.517958, 0.516451, -0.432200, -0.433746
0.518850, 0.021846, 0.521953, 0.020700
0.519018, 0.539974, -0.440220, -0.418662
0.519357, 0.152168, 0.518023, 0.143481
0.520438, 0.402503, 0.503381, 0.382370
0.520538, 0.768109, -0.475599, -0.220791
0.520573, 0.282410, 0.506056, 0.262094
0.520682, 0.343768, 0.500250, 0.318717
0.520828, 0.612745, -0.456162, -0.361605
0.522242, 0.194726, 0.517020, 0.182568
0.523212, 0.710316, -0.466817, -0.274154
0.524295, 0.793404, -0.474198, -0.197458
0.524398, 0.427312, 0.448462, 0.348978
0.524548, 0.636019, -0.454122, -0.339297
0.525067, 0.832349, -0.476436, -0.160780
0.526061, 0.217570, 0.518368, 0.203143
0.526387, 0.684120, -0.460280, -0.297635
0.527564, 0.366341, 0.490131, 0.324842
0.528355, 0.875476, -0.475849, -0.119906
0.528811, 0.659953, -0.456123, -0.320922
0.529122, 0.451888, 0.668073, 0.589162
0.529234, 0.740402, -0.464365, -0.246953
0.529972, 0.305954, 0.511701, 0.282130
0.530172, 1.000000, -0.477658, 0.000000
0.530444, 0.089582, 0.531083, 0.084381
0.530663, 0.957938, -0.476714, -0.040698
0.530966, 0.240928, 0.520234, 0.223793
0.531025, 0.044225, 0.532783, 0.041688
0.531138, 0.915136, -0.475228, -0.082000
0.531803, 0.557072, -0.434673, -0.408661
0.532864, 0.000000, 0.535311, 0.000000
0.533407, 0.594211, -0.439040, -0.376478
0.533546, 0.477032, -0.126252, -0.182905
0.536373, 0.502298, -0.423278, -0.458302
0.536981, 0.264781, 0.522437, 0.244431
0.538230, 0.854778, -0.465794, -0.140253
0.538303, 0.328356, 0.510416, 0.295457
0.540596, 0.812735, -0.460635, -0.180387
0.540983, 0.171192, 0.535967, 0.159596
0.541217, 0.115604, 0.539232, 0.108145
0.541218, 0.384591, 0.466126, 0.305357
0.541692, 0.142733, 0.538523, 0.133300
0.541775, 0.529978, -0.420237, -0.432360
0.542970, 0.719541, -0.449848, -0.267710
0.543223, 0.066545, 0.543265, 0.062349
0.543728, 0.783684, -0.455895, -0.208267
0.544058, 0.978916, -0.464717, -0.020533
0.544319, 0.936346, -0.463767, -0.061896
0.544386, 0.618937, -0.435459, -0.358637
0.544405, 0.410914, 0.562888, 0.426417
0.544478, 0.892248, -0.462062, -0.104532
0.545017, 0.022048, 0.545444, 0.020649
0.545762, 0.694540, -0.444581, -0.290898
0.545839, 0.760093, -0.451945, -0.230590
0.545875, 0.197843, 0.537719, 0.183436
0.546600, 0.288838, 0.527459, 0.264220
0.546711, 0.575193, -0.426110, -0.396741
0.547346, 0.354449, 0.543021, 0.345548
0.549131, 0.643531, -0.434853, -0.337400
0.549332, 0.435896, 0.288899, 0.175127
0.550642, 0.223315, 0.539386, 0.205986
0.551303, 0.837249, -0.452567, -0.157767
0.552587, 0.668790, -0.435961, -0.315816
0.553357, 0.461337, -0.439184, -0.530674
0.554055, 0.089925, 0.552043, 0.083756
0.555678, 0.551427, -0.413813, -0.418185
0.555760, 0.248068, 0.540822, 0.227287
0.556518, 0.737666, -0.439384, -0.252254
0.556976, 0.044611, 0.556070, 0.041560
0.557066, 0.868024, -0.448944, -0.128471
0.557425, 0.914124, -0.451098, -0.083875
0.557435, 1.000000, -0.452573, 0.000000
0.557731, 0.957538, -0.451805, -0.041540
0.557736, 0.486851, -0.390826, -0.463640
0.557838, 0.308530, 0.536439, 0.281798
0.558102, 0.510995, -0.404078, -0.452489
0.558563, 0.598652, -0.419757, -0.378391
0.559743, 0.000000, 0.559561, 0.000000
0.560899, 0.332652, 0.522786, 0.289558
0.561542, 0.272798, 0.542385, 0.248326
0.561956, 0.799543, -0.440514, -0.194691
0.562817, 0.158400, 0.556103, 0.146255
0.564514, 0.132351, 0.559197, 0.122326
0.564544, 0.397143, 0.385165, 0.213404
0.564586, 0.371444, 0.610210, 0.412867
0.565526, 0.183873, 0.556421, 0.169184
0.565863, 0.110205, 0.561415, 0.101951
0.566332, 0.711527, -0.428055, -0.277737
0.567765, 0.623703, -0.415614, -0.357840
0.567923, 0.820497, -0.436206, -0.174915
0.568450, 0.687607, -0.423561, -0.300238
0.568473, 0.776947, -0.432501, -0.216616
0.568764, 0.068015, 0.566055, 0.062967
0.569613, 0.530004, -0.398229, -0.438965
0.569851, 0.891336, -0.438682, -0.106506
0.569856, 0.421279, 0.795123, 0.647635
0.570513, 0.209477, 0.558022, 0.191507
0.570903, 0.022036, 0.568404, 0.020389
0.570917, 0.935701, -0.439215, -0.063197
0.570931, 0.576434, -0.405485, -0.399781
0.571167, 0.978812, -0.439691, -0.020865
0.572583, 0.649297, -0.414902, -0.335560
0.572820, 0.754275, -0.426087, -0.238228
0.573445, 0.447111, -0.321861, -0.448924
0.573559, 0.846934, -0.432904, -0.149831
0.575279, 0.348631, 0.518447, 0.286830
0.575498, 0.234946, 0.559871, 0.213891
0.576842, 0.473882, -0.381928, -0.487499
0.576906, 0.291101, 0.553477, 0.262247
0.579125, 0.554298, -0.394625, -0.420208
0.579845, 0.261122, 0.559263, 0.235195
0.580706, 0.728253, -0.416751, -0.263678
0.580760, 0.502728, -0.382406, -0.462669
0.580808, 0.090770, 0.575788, 0.083483
0.581500, 0.318895, 0.556273, 0.288786
0.582126, 0.671044, -0.409233, -0.317096
0.582181, 0.045095, 0.578423, 0.041500
0.582444, 0.601598, -0.399511, -0.379687
0.583116, 0.870148, -0.425517, -0.127867
0.583519, 0.913429, -0.426906, -0.085430
0.584488, 0.957377, -0.427028, -0.042152
0.584542, 1.000000, -0.427476, 0.000000
0.585216, 0.144735, 0.576319, 0.132250
0.585934, 0.385724, 0.871087, 0.666639
0.586542, 0.170900, 0.575715, 0.155700
0.586920, 0.000000, 0.583941, 0.000000
0.587402, 0.798408, -0.416938, -0.197706
0.589762, 0.116787, 0.582370, 0.106762
0.589982, 0.699428, -0.405278, -0.291715
0.590021, 0.824804, -0.416147, -0.172298
0.590441, 0.628287, -0.396223, -0.357029
0.590489, 0.196152, 0.576907, 0.177998
0.591626, 0.406912, -0.458302, -0.641233
0.592312, 0.529422, -0.378876, -0.443677
0.592768, 0.773279, -0.409485, -0.222013
0.593449, 0.365837, 0.475001, 0.242900
0.593853, 0.431438, -0.521655, -0.687666
0.594337, 0.067951, 0.588725, 0.062124
0.595289, 0.579612, -0.384891, -0.401082
0.595401, 0.221323, 0.577712, 0.198950
0.596211, 0.022269, 0.590561, 0.020347
0.596258, 0.748168, -0.404109, -0.246223
0.596455, 0.891672, -0.413776, -0.107242
0.596669, 0.457263, -0.366992, -0.509702
0.597207, 0.935726, -0.414797, -0.063844
0.598001, 0.341325, 0.588271, 0.326639
0.598182, 0.978589, -0.414596, -0.021316
0.598395, 0.483636, -0.365320, -0.483123
0.598865, 0.651292, -0.391665, -0.337280
0.599101, 0.849684, -0.409171, -0.148597
0.599316, 0.273960, 0.571978, 0.241763
0.599431, 0.246787, 0.579735, 0.222230
0.600352, 0.554814, -0.376328, -0.423291
0.600428, 0.297908, 0.573914, 0.266434
0.602343, 0.721248, -0.396331, -0.272614
0.604550, 0.091539, 0.596417, 0.083135
0.604786, 0.510097, -0.364825, -0.462225
0.605306, 0.607834, -0.380074, -0.377440
0.605416, 0.677278, -0.388789, -0.314119
0.605682, 0.319872, 0.563556, 0.273447
0.607028, 0.135608, 0.595732, 0.122583
0.607446, 0.045824, 0.600540, 0.041632
0.608104, 0.160820, 0.594979, 0.144977
0.609657, 0.914401, -0.402509, -0.085339
0.609882, 0.869654, -0.400536, -0.129681
0.611189, 0.809097, -0.395705, -0.189153
0.611352, 0.956924, -0.401981, -0.043061
0.611441, 1.000000, -0.402449, 0.000000
0.611488, 0.185268, 0.595680, 0.166117
0.612333, 0.386513, 0.067855, -0.155018
0.613669, 0.786663, -0.391209, -0.210864
0.613933, 0.832889, -0.394105, -0.165863
0.614432, 0.000000, 0.608264, 0.000000
0.614921, 0.413327, -0.273398, -0.479169
0.615896, 0.111005, 0.605099, 0.100101
0.615934, 0.209662, 0.597533, 0.187686
0.615951, 0.699441, -0.381422, -0.294519
0.616073, 0.630719, -0.373435, -0.358219
0.616850, 0.439389, -0.342550, -0.524335
0.617031, 0.537665, -0.359090, -0.440907
0.617298, 0.359910, 0.727943, 0.465150
0.617701, 0.589126, -0.366383, -0.395949
0.617824, 0.763745, -0.385420, -0.233226
0.619352, 0.740887, -0.382225, -0.255448
0.619790, 0.464928, -0.344002, -0.502814
0.619947, 0.069944, 0.611099, 0.063081
0.620321, 0.234344, 0.595523, 0.205500
0.620345, 0.022632, 0.611580, 0.020424
0.620364, 0.565682, -0.360431, -0.416891
0.620906, 0.489472, -0.347534, -0.482494
0.621521, 0.260260, 0.599690, 0.234217
0.622077, 0.893355, -0.389817, -0.106646
0.622390, 0.657392, -0.370876, -0.334488
0.623276, 0.285240, 0.583027, 0.240895
0.624151, 0.935155, -0.389566, -0.065100
0.624439, 0.335966, 0.537612, 0.246762
0.624995, 0.978270, -0.389559, -0.021875
0.626661, 0.309379, 0.605858, 0.283359
0.627537, 0.515337, -0.346425, -0.461849
0.627969, 0.721016, -0.372413, -0.275328
0.629835, 0.849559, -0.379868, -0.150279
0.630038, 0.151565, 0.614199, 0.135014
0.630795, 0.128902, 0.616706, 0.115067
0.631783, 0.048435, 0.621373, 0.043419
0.632164, 0.091079, 0.620397, 0.081480
0.632191, 0.680227, -0.364245, -0.314219
0.632630, 0.610049, -0.355791, -0.379221
0.633150, 0.175457, 0.615325, 0.155727
0.633609, 0.872314, -0.378003, -0.128117
0.634998, 0.821878, -0.374171, -0.178287
0.635526, 0.398545, -0.345357, -0.586850
0.636557, 0.797640, -0.370429, -0.201885
0.636765, 0.913109, -0.376940, -0.087525
0.636941, 0.373003, -0.217043, -0.477614
0.637123, 0.199217, 0.615367, 0.175069
0.638075, 1.000000, -0.377550, 0.000000
0.638112, 0.956248, -0.376905, -0.044217
0.638306, 0.424754, -0.321503, -0.539619
0.638445, 0.638978, -0.353939, -0.353364
0.639811, 0.773752, -0.365622, -0.225401
0.640154, 0.555824, -0.341500, -0.428570
0.640804, 0.448812, -0.323283, -0.519885
0.641122, 0.584080, -0.344467, -0.403501
0.641632, 0.025280, 0.630152, 0.022574
0.641748, 0.222844, 0.619599, 0.198091
0.642132, 0.534212, -0.336596, -0.447770
0.642140, 0.748689, -0.361378, -0.249893
0.642292, 0.000000, 0.632088, 0.000000
0.643092, 0.701589, -0.356083, -0.295057
0.643406, 0.498018, -0.329797, -0.479123
0.643635, 0.474453, -0.325697, -0.499310
0.643942, 0.247998, 0.606389, 0.206878
0.644084, 0.349481, 0.513232, 0.223882
0.645155, 0.110977, 0.630362, 0.098463
0.645577, 0.272487, 0.633406, 0.256976
0.647604, 0.071203, 0.635030, 0.063222
0.647733, 0.323820, 0.627909, 0.298182
0.647881, 0.297301, 0.585341, 0.232018
0.648971, 0.663131, -0.346910, -0.332128
0.649349, 0.890390, -0.363927, -0.110747
0.649868, 0.726236, -0.352087, -0.272242
0.650754, 0.933655, -0.364536, -0.067329
0.651488, 0.977968, -0.364688, -0.022431
0.653104, 0.621451, -0.338202, -0.371095
0.653307, 0.837765, -0.358015, -0.163801
0.653651, 0.160831, 0.633316, 0.141115
0.653794, 0.136963, 0.635890, 0.120496
0.655265, 0.863834, -0.357035, -0.137668
0.656204, 0.049434, 0.642143, 0.043695
0.656837, 0.516582, -0.320989, -0.465245
0.657507, 0.384188, -0.284093, -0.561174
0.658157, 0.186630, 0.635059, 0.162789
0.658338, 0.411552, -0.301428, -0.553036
0.658655, 0.811731, -0.350622, -0.189687
0.659495, 0.568174, -0.325857, -0.420320
0.659955, 0.598956, -0.329441, -0.392749
0.660475, 0.685846, -0.338408, -0.311879
0.660614, 0.092449, 0.644814, 0.081322
0.661824, 0.787081, -0.345886, -0.214147
0.662592, 0.022956, 0.648716, 0.020253
0.662927, 0.909845, -0.352075, -0.091740
0.662975, 0.460935, -0.306861, -0.513760
0.663368, 0.210017, 0.634884, 0.179984
0.664015, 0.762080, -0.342358, -0.239143
0.664269, 0.955450, -0.352276, -0.045528
0.664350, 0.435714, -0.301298, -0.534879
0.664392, 0.645136, -0.330387, -0.350433
0.664445, 1.000000, -0.352774, 0.000000
0.664890, 0.360780, -0.384430, -0.693746
0.665713, 0.235436, 0.643381, 0.211773
0.666021, 0.541891, -0.316437, -0.444417
0.666204, 0.490628, -0.309082, -0.489529
0.668571, 0.710290, -0.332944, -0.289253
0.668717, 0.260332, 0.598913, 0.186851
0.668887, 0.738261, -0.335144, -0.262364
0.669149, 0.337062, -0.082609, -0.410673
0.669508, 0.118708, 0.650582, 0.103706
0.669649, 0.284337, 0.726181, 0.339422
0.669794, 0.310428, 0.578899, 0.221269
0.670197, 0.000000, 0.655091, 0.000000
0.673256, 0.883033, -0.341206, -0.119356
0.674570, 0.851470, -0.338345, -0.151296
0.675673, 0.170391, 0.650752, 0.147300
0.675723, 0.072259, 0.658838, 0.063066
0.676086, 0.668609, -0.321976, -0.329765
0.676101, 0.932051, -0.340559, -0.069699
0.676513, 0.622291, -0.316822, -0.373300
0.676790, 0.396875, -0.281885, -0.566563
0.676935, 0.583405, -0.311441, -0.408229
0.677119, 0.145862, 0.654300, 0.126178
0.677587, 0.977628, -0.340066, -0.023045
0.677603, 0.045830, 0.660292, 0.039971
0.678404, 0.826583, -0.332944, -0.176354
0.678831, 0.516183, -0.301775, -0.469458
0.681790, 0.472509, -0.292363, -0.506573
0.683335, 0.801357, -0.326497, -0.201733
0.683957, 0.559940, -0.302713, -0.430953
0.684249, 0.373192, -0.292694, -0.608567
0.684815, 0.195070, 0.654858, 0.165989
0.684826, 0.099337, 0.664685, 0.085967
0.685205, 0.419843, -0.280453, -0.551039
0.685876, 0.775219, -0.322615, -0.228119
0.686519, 0.907344, -0.329727, -0.095257
0.686576, 0.019419, 0.668955, 0.016856
0.686668, 0.221463, 0.652726, 0.186879
0.686694, 0.693939, -0.314562, -0.306926
0.687540, 0.448328, -0.284041, -0.528781
0.688849, 0.603351, -0.302622, -0.391286
0.688910, 0.645329, -0.307688, -0.353242
0.689243, 0.723382, -0.314541, -0.278647
0.689510, 0.750460, -0.316576, -0.252368
0.689789, 0.954669, -0.328140, -0.046859
0.690066, 0.247318, 0.675700, 0.233556
0.690553, 1.000000, -0.328153, 0.000000
0.690884, 0.323487, -0.222826, -0.584616
0.691278, 0.865503, -0.322929, -0.137981
0.691822, 0.296144, 1.025023, 0.636219
0.691969, 0.494885, -0.286631, -0.488751
0.692088, 0.537074, -0.292608, -0.452762
0.692538, 0.349000, -0.230417, -0.576456
0.693107, 0.125764, 0.669595, 0.108118
0.693957, 0.272702, 0.539792, 0.113530
0.697108, 0.170554, 0.668380, 0.145260
0.699210, 0.061468, 0.678373, 0.052789
0.699438, 0.395494, -0.268331, -0.577012
0.699594, 0.000000, 0.679642, 0.000000
0.699596, 0.841149, -0.313525, -0.163108
0.699883, 0.037794, 0.679289, 0.032499
0.699951, 0.668027, -0.299407, -0.332892
0.700112, 0.886403, -0.315700, -0.117216
0.700650, 0.931100, -0.317265, -0.071460
0.701489, 0.149854, 0.673896, 0.127172
0.701872, 0.580640, -0.288710, -0.414425
0.702350, 0.085425, 0.680315, 0.073166
0.702899, 0.624917, -0.291855, -0.373021
0.703325, 0.977333, -0.315684, -0.023639
0.703850, 0.817398, -0.308009, -0.187285
0.704625, 0.432437, -0.266805, -0.544326
0.704633, 0.470911, -0.272572, -0.512144
0.705249, 0.515305, -0.277441, -0.472715
0.706196, 0.789868, -0.304137, -0.215206
0.707906, 0.208656, 0.667701, 0.170169
0.708451, 0.711918, -0.295257, -0.291555
0.708637, 0.371081, -0.245371, -0.586755
0.708886, 0.558413, -0.279554, -0.435269
0.710218, 0.688054, -0.291212, -0.314511
0.710458, 0.111101, 0.684772, 0.094129
0.710673, 0.233471, 0.690323, 0.214228
0.711058, 0.764167, -0.297040, -0.240802
0.711196, 0.306651, -0.585490, -0.991858
0.711501, 0.186888, 0.680147, 0.159159
0.711947, 0.738872, -0.294145, -0.265677
0.712157, 0.908850, -0.305137, -0.094713
0.714421, 0.259585, 0.732895, 0.282221
0.714627, 0.412138, -0.256233, -0.563757
0.714780, 0.601743, -0.278917, -0.396505
0.714948, 0.330274, -0.319563, -0.707495
0.714959, 0.647525, -0.282768, -0.353242
0.715012, 0.954358, -0.304187, -0.047754
0.715555, 0.018916, 0.693372, 0.016105
0.715575, 0.861492, -0.299422, -0.143504
0.716467, 1.000000, -0.303629, 0.000000
0.716902, 0.452084, -0.259142, -0.529637
0.717675, 0.492175, -0.263809, -0.495473
0.718377, 0.536261, -0.267967, -0.455669
0.719293, 0.137114, 0.690750, 0.116183
0.719814, 0.351021, -0.265787, -0.638102
0.719884, 0.284934, -0.024338, -0.451539
0.722268, 0.043302, 0.697982, 0.036648
0.722745, 0.069595, 0.697461, 0.058699
0.724238, 0.884696, -0.292603, -0.120304
0.724550, 0.806352, -0.287401, -0.200036
0.724602, 0.165087, 0.687989, 0.134174
0.724803, 0.836634, -0.289129, -0.169432
0.724878, 0.388688, -0.240907, -0.581612
0.726087, 0.931777, -0.292939, -0.071597
0.727532, 0.670092, -0.272944, -0.333246
0.727672, 0.622350, -0.268670, -0.378548
0.727825, 0.095165, 0.700466, 0.079959
0.727830, 0.580101, -0.264020, -0.417208
0.728855, 0.000000, 0.704788, 0.000000
0.728964, 0.977534, -0.291303, -0.023750
0.730285, 0.779364, -0.279627, -0.227382
0.730663, 0.724034, -0.274762, -0.281762
0.730692, 0.513115, -0.254466, -0.478436
0.731112, 0.215565, 0.699785, 0.187192
0.731336, 0.432057, -0.243952, -0.548451
0.731472, 0.698105, -0.271541, -0.306758
0.731974, 0.471789, -0.248433, -0.514741
0.733413, 0.558392, -0.256438, -0.437350
0.733477, 0.242631, 0.821679, 0.338123
0.733978, 0.192498, 0.703155, 0.166231
0.734176, 0.310939, -0.150145, -0.575596
0.735611, 0.752529, -0.272506, -0.254497
0.735684, 0.121318, 0.704167, 0.100487
0.736625, 0.908222, -0.281679, -0.096490
0.737444, 0.365707, -0.234653, -0.610251
0.738468, 0.642886, -0.260102, -0.360094
0.739583, 0.267431, -0.055288, -0.514955
0.739947, 0.860809, -0.276009, -0.145811
0.740497, 0.955391, -0.279879, -0.047299
0.741010, 0.410615, -0.232402, -0.567770
0.741772, 0.600697, -0.252858, -0.399613
0.741868, 0.336001, -0.196007, -0.605051
0.742077, 0.023392, 0.714939, 0.019501
0.742176, 0.821279, -0.270911, -0.186040
0.742229, 0.052284, 0.713904, 0.043582
0.742496, 1.000000, -0.278854, 0.000000
0.742617, 0.148596, 0.708839, 0.123938
0.743239, 0.534385, -0.245163, -0.460625
0.745046, 0.492509, -0.239073, -0.498125
0.745193, 0.451181, -0.234125, -0.533794
0.746451, 0.078637, 0.716088, 0.064896
0.747653, 0.290544, -0.195526, -0.651483
0.748010, 0.884154, -0.269665, -0.122241
0.748648, 0.796489, -0.262942, -0.211684
0.748988, 0.389399, -0.224273, -0.588202
0.749732, 0.175354, 0.698753, 0.131620
0.750143, 0.661017, -0.250207, -0.343664
0.750689, 0.933003, -0.269387, -0.071229
0.751250, 0.684252, -0.251209, -0.321756
0.751639, 0.224893, 0.899137, 0.380162
0.751937, 0.732965, -0.254324, -0.274475
0.752309, 0.104883, 0.719724, 0.086710
0.753681, 0.842262, -0.261194, -0.165564
0.754004, 0.709136, -0.250631, -0.298163
0.754271, 0.622057, -0.242798, -0.380761
0.754580, 0.771324, -0.255531, -0.237607
0.754973, 0.579329, -0.238235, -0.420319
0.755194, 0.977830, -0.266279, -0.023797
0.755697, 0.000000, 0.726092, 0.000000
0.755958, 0.556294, -0.235346, -0.441795
0.757272, 0.513632, -0.230073, -0.480585
0.758332, 0.428684, -0.220026, -0.555280
0.758534, 0.248775, -0.346087, -0.841757
0.758588, 0.202113, 0.774963, 0.223395
0.758603, 0.354008, -0.206337, -0.613918
0.759084, 0.314622, -0.209712, -0.654749
0.759085, 0.472084, -0.224023, -0.517123
0.759921, 0.131180, 0.721419, 0.105340
0.760070, 0.910575, -0.259105, -0.095173
0.761920, 0.038615, 0.730391, 0.031610
0.764546, 0.375702, -0.206352, -0.598919
0.765264, 0.749166, -0.242389, -0.259574
0.765332, 0.062113, 0.731909, 0.050742
0.765711, 0.817664, -0.247694, -0.191628
0.766333, 0.271473, -0.264294, -0.756698
0.766354, 0.641882, -0.232828, -0.363156
0.766409, 0.955588, -0.255079, -0.047802
0.766694, 0.158237, 0.724688, 0.127194
0.768320, 0.863950, -0.248653, -0.144491
0.768729, 1.000000, -0.253807, 0.000000
0.768758, 0.405732, -0.208253, -0.575995
0.768782, 0.602016, -0.227210, -0.400801
0.769259, 0.535947, -0.221036, -0.461547
0.769926, 0.888519, -0.248244, -0.118854
0.769964, 0.088424, 0.733785, 0.071070
0.770969, 0.335883, -0.202557, -0.639365
0.771407, 0.450021, -0.210902, -0.538510
0.771547, 0.019615, 0.738531, 0.016066
0.772428, 0.493486, -0.214033, -0.499551
0.772549, 0.792660, -0.239198, -0.217553
0.772640, 0.668062, -0.228806, -0.338768
0.774656, 0.226560, 0.282304, -0.247963
0.774834, 0.694323, -0.228945, -0.314042
0.774972, 0.293726, -0.211391, -0.691777
0.775349, 0.183764, 0.738701, 0.155391
0.776020, 0.721525, -0.230170, -0.288183
0.776098, 0.932906, -0.244860, -0.072362
0.776977, 0.113100, 0.740012, 0.093094
0.778369, 0.561498, -0.214662, -0.439013
0.779164, 0.839364, -0.236207, -0.170664
0.780894, 0.769386, -0.228597, -0.240976
0.781744, 0.977602, -0.240943, -0.024478
0.781818, 0.584246, -0.213359, -0.418564
0.782501, 0.620985, -0.215627, -0.384423
0.783280, 0.516228, -0.206076, -0.480195
0.783366, 0.140892, 0.731262, 0.103460
0.783798, 0.386449, -0.193167, -0.594328
0.783940, 0.250477, -0.089226, -0.620013
0.784293, 0.000000, 0.749294, 0.000000
0.784435, 0.427425, -0.196980, -0.559703
0.785285, 0.471823, -0.200596, -0.520943
0.785286, 0.909519, -0.234572, -0.097651
0.785788, 0.360582, -0.189533, -0.617404
0.786368, 0.314986, -0.187138, -0.658632
0.786377, 0.069861, 0.748011, 0.055948
0.786728, 0.206525, 0.612313, 0.052971
0.787230, 0.043977, 0.750385, 0.035025
0.789204, 0.744677, -0.219009, -0.266755
0.789341, 0.647085, -0.210921, -0.360223
0.789432, 0.813778, -0.223943, -0.197534
0.791344, 0.882962, -0.227139, -0.126228
0.792201, 0.166019, 0.769422, 0.155684
0.792443, 0.954790, -0.230091, -0.049513
0.792969, 0.273350, -0.138618, -0.655954
0.793283, 0.542201, -0.198820, -0.457346
0.794120, 0.673918, -0.208181, -0.334943
0.794868, 1.000000, -0.228864, 0.000000
0.795028, 0.858972, -0.222043, -0.151714
0.795044, 0.093668, 0.752370, 0.073194
0.795756, 0.338010, -0.177779, -0.636586
0.796853, 0.406941, -0.183841, -0.578270
0.796964, 0.449151, -0.187863, -0.542121
0.797261, 0.700008, -0.207062, -0.310150
0.797768, 0.789005, -0.213388, -0.222912
0.798409, 0.122467, 0.756246, 0.099374
0.798500, 0.021641, 0.759420, 0.017329
0.798757, 0.494442, -0.190280, -0.502192
0.799598, 0.600352, -0.197413, -0.404770
0.800081, 0.722225, -0.205746, -0.288568
0.800257, 0.230229, -0.258454, -0.818809
0.801292, 0.930704, -0.220405, -0.075965
0.802492, 0.570103, -0.192276, -0.432643
0.802824, 0.294751, -0.153700, -0.660082
0.803621, 0.188766, 0.647641, 0.056626
0.804625, 0.834107, -0.210406, -0.178097
0.806001, 0.763821, -0.203654, -0.249237
0.806114, 0.627376, -0.193120, -0.380127
0.806522, 0.382500, -0.172779, -0.599878
0.806523, 0.518344, -0.184930, -0.481260
0.806692, 0.065448, 0.764737, 0.051800
0.808314, 0.976842, -0.215587, -0.025859
0.808395, 0.904492, -0.211965, -0.104659
0.808771, 0.147832, 0.745312, 0.100980
0.810404, 0.253959, -0.183144, -0.732450
0.810661, 0.472656, -0.177343, -0.522329
0.811434, 0.360165, -0.166030, -0.618951
0.811617, 0.000000, 0.770914, 0.000000
0.811660, 0.654938, -0.189528, -0.354313
0.812235, 0.426234, -0.171930, -0.563027
0.812809, 0.316305, -0.156419, -0.651998
0.814012, 0.042388, 0.770611, 0.032287
0.814182, 0.809037, -0.198480, -0.204149
0.814849, 0.878621, -0.203696, -0.132663
0.814862, 0.210602, -0.267355, -0.856432
0.815284, 0.544680, -0.178546, -0.457696
0.815553, 0.739126, -0.191428, -0.273209
0.815685, 0.682838, -0.187439, -0.327944
0.816284, 0.107283, 0.766535, 0.081372
0.817741, 0.952171, -0.205662, -0.053412
0.819498, 0.170617, 0.815843, 0.193655
0.819554, 0.085343, 0.769896, 0.063579
0.820168, 0.338002, -0.155424, -0.637566
0.820552, 1.000000, -0.204359, 0.000000
0.820790, 0.853549, -0.195751, -0.159439
0.820876, 0.448037, -0.165906, -0.544613
0.820976, 0.276914, -0.159340, -0.698120
0.822297, 0.587125, -0.174604, -0.418692
0.822362, 0.710672, -0.182808, -0.301797
0.822416, 0.783953, -0.188485, -0.230400
0.822992, 0.402583, -0.160270, -0.584629
0.823765, 0.129627, 0.788409, 0.114906
0.824830, 0.497307, -0.166058, -0.501292
0.824903, 0.925755, -0.197234, -0.082856
0.825024, 0.611160, -0.173551, -0.396509
0.826094, 0.021510, 0.779698, 0.016793
0.826749, 0.563482, -0.168811, -0.441068
0.826854, 0.233912, -0.142472, -0.726032
0.828261, 0.524378, -0.164651, -0.476727
0.829817, 0.636622, -0.170452, -0.372834
0.830232, 0.828357, -0.183793, -0.185925
0.831052, 0.299649, -0.147759, -0.675528
0.831112, 0.759357, -0.177250, -0.254640
0.831745, 0.377481, -0.150396, -0.606965
0.831922, 0.899185, -0.188362, -0.112218
0.831929, 0.061999, 0.785951, 0.049964
0.832692, 0.192125, -0.304952, -0.925972
0.834045, 0.662559, -0.167875, -0.348487
0.834124, 0.472176, -0.155533, -0.524030
0.834131, 0.973478, -0.190932, -0.030337
0.836412, 0.152052, 0.785708, 0.132834
0.837026, 0.687978, -0.166424, -0.324276
0.837238, 0.256905, -0.130202, -0.703055
0.837990, 0.352971, -0.142885, -0.628270
0.838329, 0.733668, -0.168303, -0.280632
0.838776, 0.872818, -0.179145, -0.140869
0.838828, 0.423140, -0.147788, -0.568276
0.838863, 0.000000, 0.793043, 0.000000
0.839207, 0.803338, -0.172782, -0.212257
0.840048, 0.324684, -0.140000, -0.653511
0.840848, 0.107202, 0.786864, 0.080765
0.841743, 0.946293, -0.182062, -0.061266
0.842078, 0.214317, -0.140937, -0.755968
0.842231, 0.447800, -0.146346, -0.546172
0.842256, 0.042529, 0.791693, 0.030278
0.842882, 0.083867, 0.782247, 0.055451
0.843777, 0.544029, -0.151099, -0.459648
0.844523, 1.000000, -0.181703, 0.000000
0.846086, 0.847162, -0.169166, -0.168060
0.847048, 0.514414, -0.146258, -0.487092
0.847055, 0.595756, -0.151131, -0.412433
0.847125, 0.172256, -0.343212, -0.994156
0.847506, 0.571506, -0.149187, -0.434760
0.847539, 0.711411, -0.157334, -0.302395
0.847553, 0.130549, 0.894430, 0.204056
0.847597, 0.778734, -0.161880, -0.236850
0.848020, 0.396769, -0.137528, -0.591702
0.848417, 0.919385, -0.173622, -0.091700
0.848623, 0.278202, -0.124306, -0.688558
0.850118, 0.619993, -0.149502, -0.389879
0.850690, 0.489351, -0.141265, -0.509888
0.853215, 0.020362, 0.796820, 0.014428
0.854060, 0.238619, -0.116869, -0.721282
0.854091, 0.644077, -0.146875, -0.367271
0.855494, 0.892330, -0.163943, -0.121761
0.855631, 0.753461, -0.151959, -0.262475
0.856078, 0.821706, -0.156819, -0.195089
0.856156, 0.300571, -0.121323, -0.672182
0.856990, 0.371001, -0.127625, -0.614513
0.857528, 0.667487, -0.144675, -0.345059
0.857565, 0.980656, -0.167556, -0.022728
0.859114, 0.066227, 0.811697, 0.058730
0.859874, 0.689804, -0.143443, -0.323578
0.859968, 0.464971, -0.131143, -0.532362
0.860689, 0.346178, -0.122308, -0.635313
0.861504, 0.195317, -0.084402, -0.734589
0.861896, 0.959903, -0.163206, -0.047033
0.862806, 0.438413, -0.126971, -0.556338
0.862916, 0.322249, -0.118139, -0.655224
0.862966, 0.865872, -0.153370, -0.150192
0.864377, 0.147441, -0.055032, -0.736271
0.864471, 0.729696, -0.141219, -0.285758
0.864509, 0.413805, -0.123869, -0.578121
0.864580, 0.093832, 0.759866, 0.021972
0.864968, 0.797434, -0.145326, -0.219631
0.865229, 0.531824, -0.129908, -0.472174
0.865914, 0.259125, -0.110471, -0.707520
0.866600, 0.000000, 0.819394, 0.000000
0.866834, 0.118591, 0.977527, 0.266953
0.866874, 0.219613, -0.098030, -0.730611
0.867324, 0.936365, -0.156294, -0.074435
0.867474, 0.041358, 0.812343, 0.029593
0.867733, 0.556622, -0.128815, -0.449660
0.869653, 0.171183, -0.038065, -0.714337
0.869847, 0.505383, -0.124147, -0.496536
0.870388, 0.582466, -0.127508, -0.425783
0.871115, 0.840075, -0.142635, -0.177719
0.871867, 1.000000, -0.154630, 0.000000
0.872011, 0.607045, -0.127145, -0.402957
0.872275, 0.910855, -0.148711, -0.103473
0.872382, 0.772510, -0.135905, -0.244887
0.873394, 0.387131, -0.114214, -0.602062
0.874619, 0.706767, -0.129464, -0.308220
0.875570, 0.631487, -0.124777, -0.380053
0.876260, 0.283885, -0.104814, -0.689190
0.877332, 0.481704, -0.115881, -0.518496
0.879282, 0.655818, -0.122207, -0.357127
0.879548, 0.884337, -0.137880, -0.132481
0.880910, 0.021089, 0.805755, 0.008199
0.881398, 0.747255, -0.124874, -0.269769
0.881892, 0.680464, -0.120746, -0.333746
0.882469, 0.060230, 0.833536, 0.058296
0.882967, 0.815058, -0.127800, -0.203429
0.882987, 0.360944, -0.104120, -0.625173
0.883180, 0.307216, -0.100709, -0.670540
0.883539, 0.333932, -0.101999, -0.648041
0.883993, 0.238088, -0.095218, -0.726353
0.884034, 0.977782, -0.142125, -0.027265
0.884157, 0.456123, -0.108243, -0.541968
0.885001, 0.082100, 0.821851, 0.058704
0.885247, 0.431919, -0.106011, -0.563364
0.887079, 0.209330, -0.094988, -0.753273
0.887473, 0.132363, -0.212620, -0.928140
0.887603, 0.858522, -0.126821, -0.160248
0.888133, 0.954370, -0.137058, -0.055582
0.888175, 0.521636, -0.107475, -0.482537
0.888351, 0.184911, -0.097275, -0.776853
0.888418, 0.405685, -0.101748, -0.586651
0.889039, 0.106301, 0.709802, -0.022048
0.889714, 0.157158, -0.111342, -0.815596
0.890326, 0.543765, -0.106335, -0.462222
0.890488, 0.264572, -0.091526, -0.705724
0.890648, 0.790837, -0.118025, -0.228059
0.890935, 0.723035, -0.113713, -0.293660
0.891632, 0.929136, -0.130899, -0.085384
0.891726, 0.568251, -0.106052, -0.439872
0.893826, 0.000000, 0.850767, 0.000000
0.894111, 0.593780, -0.104805, -0.416407
0.895467, 0.499512, -0.099621, -0.503461
0.895565, 0.903227, -0.123053, -0.114166
0.896084, 0.041746, 0.854502, 0.046820
0.896337, 0.834098, -0.115092, -0.185491
0.896757, 0.765312, -0.109959, -0.253137
0.896793, 0.619074, -0.103209, -0.392953
0.897790, 1.000000, -0.130322, 0.000000
0.898903, 0.381166, -0.091052, -0.608522
0.899014, 0.698146, -0.104221, -0.317885
0.900454, 0.644516, -0.100569, -0.369113
0.902063, 0.473917, -0.092335, -0.526902
0.902909, 0.670370, -0.099115, -0.344646
0.903950, 0.341863, -0.084522, -0.642095
0.904060, 0.291744, -0.081615, -0.684116
0.904074, 0.876980, -0.110876, -0.142714
0.906065, 0.423823, -0.086513, -0.571335
0.906076, 0.317278, -0.081341, -0.663166
0.907194, 0.739174, -0.097734, -0.279025
0.907446, 0.066320, 0.909400, 0.122556
0.908009, 0.221724, -0.072606, -0.739874
0.908303, 0.021864, 0.796818, -0.008565
0.909223, 0.245729, -0.074031, -0.721679
0.909335, 0.973592, -0.117810, -0.034254
0.909413, 0.447981, -0.084388, -0.549936
0.910210, 0.807475, -0.098455, -0.213101
0.910561, 0.090366, 0.283738, -0.478262
0.910840, 0.195801, -0.067101, -0.758795
0.910909, 0.169632, -0.064729, -0.778372
0.910921, 0.116991, -0.218687, -0.974014
0.911351, 0.142672, -0.077326, -0.814306
0.911796, 0.360885, -0.078546, -0.626081
0.912046, 0.946278, -0.111996, -0.068403
0.912115, 0.523603, -0.084640, -0.482121
0.913175, 0.551014, -0.084631, -0.457383
0.913241, 0.270300, -0.072542, -0.702103
0.913877, 0.855342, -0.097951, -0.165475
0.914007, 0.400595, -0.078304, -0.592161
0.914859, 0.577971, -0.083886, -0.432396
0.915080, 0.919639, -0.104196, -0.098813
0.915313, 0.781829, -0.091346, -0.238053
0.917032, 0.715786, -0.086506, -0.302043
0.917211, 0.496031, -0.078797, -0.506988
0.917496, 0.604723, -0.082145, -0.407405
0.918514, 0.830382, -0.090851, -0.190563
0.918611, 0.893746, -0.096617, -0.126654
0.920265, 0.756363, -0.084814, -0.262931
0.920448, 0.000000, 0.880073, 0.000000
0.920546, 0.631409, -0.079958, -0.382387
0.920907, 0.687902, -0.081453, -0.328771
0.921940, 0.046361, 1.021502, 0.192882
0.922011, 1.000000, -0.107406, 0.000000
0.923236, 0.658908, -0.078120, -0.356430
0.925736, 0.468729, -0.069901, -0.532065
0.927830, 0.379135, -0.065009, -0.611147
0.927843, 0.334684, -0.063378, -0.649462
0.927921, 0.425028, -0.066449, -0.570725
0.928945, 0.309093, -0.061420, -0.671255
0.932005, 0.285569, -0.057815, -0.690679
0.932291, 0.233166, -0.055423, -0.733357
0.932341, 0.208019, -0.054097, -0.752979
0.932477, 0.072390, 0.151424, -0.638086
0.932700, 0.100562, -0.095961, -0.882111
0.933226, 0.873172, -0.078384, -0.149555
0.933246, 0.154824, -0.044655, -0.787628
0.933281, 0.181426, -0.051025, -0.772502
0.933411, 0.022728, 0.839137, 0.055523
0.933481, 0.127808, -0.030882, -0.796393
0.933553, 0.956619, -0.090746, -0.059196
0.933604, 0.980178, -0.093283, -0.028030
0.934123, 0.258339, -0.054996, -0.713180
0.934556, 0.537186, -0.063415, -0.469996
0.935090, 0.734472, -0.068489, -0.285170
0.935468, 0.930351, -0.083206, -0.090069
0.935548, 0.791774, -0.070278, -0.229677
0.935701, 0.563524, -0.062972, -0.445800
0.935912, 0.512082, -0.061441, -0.492773
0.936293, 0.447862, -0.059405, -0.550871
0.936688, 0.816512, -0.070450, -0.205915
0.936868, 0.356155, -0.056165, -0.631558
0.937369, 0.845737, -0.071337, -0.176883
0.937685, 0.590212, -0.061695, -0.421141
0.937850, 0.902968, -0.076113, -0.119342
0.938551, 0.400596, -0.056001, -0.592807
0.938848, 0.705363, -0.063576, -0.312813
0.939062, 0.764726, -0.065294, -0.255849
0.939508, 0.486467, -0.057381, -0.516176
0.940187, 0.617352, -0.059875, -0.395889
0.941165, 0.675767, -0.060331, -0.340796
0.942137, 0.645520, -0.058598, -0.369469
0.946293, 0.045905, 0.726581, -0.097527
0.946582, 0.000000, 1.024144, 0.000000
0.949551, 1.000000, -0.078834, 0.000000
0.951394, 0.423620, -0.044856, -0.573003
0.951973, 0.325992, -0.042006, -0.658431
0.953980, 0.300131, -0.039542, -0.680046
0.954741, 0.377736, -0.040796, -0.613628
0.954906, 0.088508, -0.070744, -0.876998
0.955130, 0.273578, -0.037781, -0.701909
0.955227, 0.467551, -0.042153, -0.533838
0.955228, 0.194200, -0.035489, -0.765148
0.955300, 0.220408, -0.036014, -0.744614
0.955341, 0.114396, -0.030689, -0.818985
0.955571, 0.167527, -0.035389, -0.786079
0.955571, 0.140972, -0.035867, -0.806016
0.955658, 0.886034, -0.053913, -0.138945
0.955943, 0.246452, -0.036284, -0.723934
0.956012, 0.943411, -0.061020, -0.078944
0.956452, 0.971737, -0.067628, -0.044446
0.956623, 0.859363, -0.050711, -0.165239
0.956934, 0.747424, -0.045897, -0.273523
0.956988, 0.548911, -0.041937, -0.460074
0.957176, 0.064713, -0.082627, -0.907746
0.957292, 0.915272, -0.054859, -0.109173
0.957315, 0.830790, -0.048398, -0.193216
0.957618, 0.720106, -0.044475, -0.299483
0.957643, 0.522564, -0.040848, -0.484198
0.957940, 0.350625, -0.037315, -0.637009
0.958128, 0.575806, -0.041271, -0.435209
0.958361, 0.803122, -0.046096, -0.220042
0.958502, 0.776498, -0.044996, -0.245516
0.958607, 0.024143, 0.861335, 0.140726
0.959266, 0.496220, -0.038833, -0.508134
0.959511, 0.691224, -0.041883, -0.326836
0.959886, 0.603261, -0.039977, -0.409649
0.960225, 0.661484, -0.040590, -0.354866
0.960819, 0.443322, -0.036489, -0.555696
0.961131, 0.631646, -0.039183, -0.383040
0.962125, 0.402653, -0.034588, -0.591800
0.972154, 0.000000, 1.520620, 0.000000
0.974027, 1.000000, -0.052472, 0.000000
0.975577, 0.045739, -0.221434, -1.112576
0.976275, 0.313130, -0.020576, -0.669322
0.977286, 0.951897, -0.034486, -0.073337
0.977296, 0.287025, -0.019343, -0.691113
0.977382, 0.898160, -0.028761, -0.128961
0.977668, 0.099873, -0.011207, -0.841280
0.977678, 0.260395, -0.018629, -0.712924
0.977704, 0.180316, -0.016742, -0.775826
0.977706, 0.206890, -0.017561, -0.755430
0.977799, 0.126689, -0.015226, -0.818477
0.977847, 0.925588, -0.030319, -0.101438
0.977862, 0.153530, -0.015692, -0.796413
0.977899, 0.479043, -0.020944, -0.524405
0.977944, 0.366137, -0.019760, -0.624059
0.977950, 0.338238, -0.019449, -0.648061
0.977998, 0.233469, -0.017914, -0.734566
0.978068, 0.844097, -0.025449, -0.181470
0.978072, 0.871316, -0.026466, -0.155173
0.978409, 0.977288, -0.038156, -0.042285
0.978412, 0.760515, -0.023254, -0.261572
0.978698, 0.422802, -0.019646, -0.574458
0.978774, 0.732986, -0.022484, -0.287807
0.978863, 0.534687, -0.020493, -0.473426
0.978881, 0.561714, -0.020705, -0.448517
0.978882, 0.816544, -0.023775, -0.207898
0.979077, 0.073189, -0.033942, -0.898254
0.979162, 0.705106, -0.021735, -0.314241
0.979586, 0.676259, -0.020997, -0.341475
0.979630, 0.788570, -0.022384, -0.234680
0.979705, 0.589304, -0.020120, -0.422892
0.979773, 0.507321, -0.019384, -0.498474
0.979952, 0.647194, -0.020350, -0.368757
0.980192, 0.452276, -0.018519, -0.548197
0.980223, 0.392586, -0.018008, -0.601185
0.980489, 0.617849, -0.019569, -0.396238
0.982486, 0.020013, -0.006810, -0.834158
1.000000, 0.000000, 0.000000, 0.000000
1.000000, 0.030936, 0.000000, -0.767227
1.000000, 0.057655, 0.000000, -0.751689
1.000000, 0.085657, 0.000000, -0.811365
1.000000, 0.112697, 0.000000, -0.817527
1.000000, 0.139670, 0.000000, -0.803972
1.000000, 0.166581, 0.000000, -0.786145
1.000000, 0.193337, 0.000000, -0.766440
1.000000, 0.220045, 0.000000, -0.745753
1.000000, 0.246890, 0.000000, -0.724330
1.000000, 0.273566, 0.000000, -0.702676
1.000000, 0.300022, 0.000000, -0.680813
1.000000, 0.325974, 0.000000, -0.659128
1.000000, 0.352860, 0.000000, -0.635941
1.000000, 0.379982, 0.000000, -0.612494
1.000000, 0.408530, 0.000000, -0.586975
1.000000, 0.436563, 0.000000, -0.562442
1.000000, 0.465138, 0.000000, -0.536529
1.000000, 0.492364, 0.000000, -0.512256
1.000000, 0.520472, 0.000000, -0.486417
1.000000, 0.548014, 0.000000, -0.461300
1.000000, 0.575635, 0.000000, -0.435835
1.000000, 0.603888, 0.000000, -0.409485
1.000000, 0.632815, 0.000000, -0.382356
1.000000, 0.661550, 0.000000, -0.355510
1.000000, 0.690101, 0.000000, -0.328654
1.000000, 0.718336, 0.000000, -0.301978
1.000000, 0.746211, 0.000000, -0.275546
1.000000, 0.773780, 0.000000, -0.249360
1.000000, 0.801847, 0.000000, -0.222367
1.000000, 0.829313, 0.000000, -0.196268
1.000000, 0.856088, 0.000000, -0.170803
1.000000, 0.882475, 0.000000, -0.145469
1.000000, 0.907977, 0.000000, -0.120832
1.000000, 0.932670, 0.000000, -0.096117
1.000000, 0.955843, 0.000000, -0.071522
1.000000, 0.978099, 0.000000, -0.043090
1.000000, 1.000000, 0.000000, 0.000000
