0.000000, 0.000000, 0.000000, 0.000000
0.000000, 0.029021, 0.000000, 0.074982
0.000000, 0.056003, 0.000000, 0.119295
0.000000, 0.082472, 0.000000, 0.160732
0.000000, 0.109014, 0.000000, 0.201891
0.000000, 0.136105, 0.000000, 0.243473
0.000000, 0.164611, 0.000000, 0.287338
0.000000, 0.194376, 0.000000, 0.334809
0.000000, 0.222208, 0.000000, 0.376548
0.000000, 0.251923, 0.000000, 0.421410
0.000000, 0.281839, 0.000000, 0.466308
0.000000, 0.310797, 0.000000, 0.509660
0.000000, 0.337786, 0.000000, 0.548137
0.000000, 0.365748, 0.000000, 0.587889
0.000000, 0.393541, 0.000000, 0.625348
0.000000, 0.422563, 0.000000, 0.664770
0.000000, 0.450038, 0.000000, 0.700376
0.000000, 0.477148, 0.000000, 0.734209
0.000000, 0.504111, 0.000000, 0.766344
0.000000, 0.531347, 0.000000, 0.797409
0.000000, 0.558609, 0.000000, 0.827095
0.000000, 0.584626, 0.000000, 0.853248
0.000000, 0.610989, 0.000000, 0.878015
0.000000, 0.636910, 0.000000, 0.900206
0.000000, 0.662307, 0.000000, 0.919240
0.000000, 0.688824, 0.000000, 0.936428
0.000000, 0.715827, 0.000000, 0.950502
0.000000, 0.742847, 0.000000, 0.960541
0.000000, 0.769486, 0.000000, 0.965701
0.000000, 0.795477, 0.000000, 0.965362
0.000000, 0.820995, 0.000000, 0.958788
0.000000, 0.846479, 0.000000, 0.944684
0.000000, 0.872229, 0.000000, 0.921873
0.000000, 0.898064, 0.000000, 0.887168
0.000000, 0.923541, 0.000000, 0.816146
0.000000, 0.948427, 0.000000, 0.803311
0.000000, 0.973004, 0.000000, 0.907024
0.000000, 1.000000, 0.000000, 0.000000
0.018189, 0.178444, 0.030635, 0.309753
0.018281, 0.267328, 0.028657, 0.444443
0.018734, 0.236793, 0.030078, 0.398780
0.018896, 0.409359, 0.026035, 0.646147
0.019293, 0.984915, -0.562299, 0.262900
0.019452, 0.297296, 0.029821, 0.489191
0.019654, 0.019337, 0.050583, 0.049812
0.019874, 0.149502, 0.034490, 0.264908
0.020665, 0.544990, 0.022751, 0.811237
0.020922, 0.517765, 0.024420, 0.780961
0.021053, 0.350280, 0.030700, 0.565438
0.021135, 0.436918, 0.028086, 0.682307
0.021183, 0.729813, 0.007740, 0.954616
0.021238, 0.702259, 0.011011, 0.942437
0.021523, 0.463839, 0.027539, 0.716498
0.021614, 0.490545, 0.026488, 0.749101
0.021764, 0.379852, 0.030854, 0.606302
0.021802, 0.756596, 0.004005, 0.961825
0.021824, 0.597310, 0.020735, 0.864158
0.021913, 0.674763, 0.014269, 0.926340
0.022110, 0.121583, 0.039645, 0.221349
0.022149, 0.208174, 0.036438, 0.356053
0.022371, 0.885957, -0.031990, 0.899869
0.022583, 0.624419, 0.019420, 0.888461
0.022661, 0.912242, -0.054830, 0.849603
0.022725, 0.572255, 0.023366, 0.839853
0.022739, 0.044448, 0.049486, 0.097272
0.022768, 0.859830, -0.020531, 0.930793
0.022816, 0.783577, -0.000581, 0.963724
0.022823, 0.324628, 0.034190, 0.529311
0.023006, 0.095475, 0.043053, 0.180251
0.023281, 0.069970, 0.046231, 0.139550
0.023377, 0.937588, -0.004935, 0.855264
0.023454, 0.834113, -0.013368, 0.948907
0.023533, 0.808963, -0.006455, 0.959487
0.023741, 0.648317, 0.018096, 0.907531
0.023811, 0.961293, -0.127402, 0.690141
0.027795, 0.000000, 0.073372, 0.000000
0.032728, 1.000000, -0.798357, 0.000000
0.036759, 0.253549, 0.058273, 0.423531
0.037405, 0.282760, 0.057998, 0.467425
0.038200, 0.186654, 0.063749, 0.320838
0.038341, 0.400010, 0.053140, 0.633077
0.039483, 0.361481, 0.057030, 0.580316
0.040004, 0.161515, 0.068266, 0.281811
0.041235, 0.227539, 0.066760, 0.384360
0.041866, 0.557627, 0.044334, 0.823716
0.041888, 0.135269, 0.073450, 0.241074
0.041922, 0.716834, 0.018313, 0.945895
0.041932, 0.610503, 0.037628, 0.874334
0.042067, 0.531238, 0.047444, 0.795507
0.042143, 0.425026, 0.056682, 0.666561
0.042220, 0.688823, 0.024607, 0.932012
0.042281, 0.504629, 0.050314, 0.765304
0.042649, 0.309370, 0.064638, 0.506253
0.043108, 0.026966, 0.094185, 0.058715
0.043299, 0.451109, 0.056223, 0.700204
0.043413, 0.770163, 0.003105, 0.957805
0.043564, 0.743133, 0.011764, 0.954006
0.043582, 0.477199, 0.054354, 0.732506
0.044124, 0.660426, 0.031296, 0.913791
0.044142, 0.900916, -0.087354, 0.850054
0.044823, 0.874262, -0.060923, 0.893779
0.045194, 0.928399, -0.069979, 0.850044
0.045648, 0.978298, -0.808168, 0.027719
0.045654, 0.054995, 0.090922, 0.110146
0.045720, 0.107484, 0.082761, 0.196808
0.045957, 0.848114, -0.035679, 0.928000
0.046430, 0.585445, 0.045419, 0.850838
0.046816, 0.081883, 0.088115, 0.155274
0.046856, 0.797383, -0.008102, 0.953816
0.047154, 0.335929, 0.069748, 0.543742
0.047368, 0.954749, -0.501783, 0.405201
0.047404, 0.822351, -0.020686, 0.944779
0.049148, 0.633976, 0.039928, 0.893388
0.049440, 0.204381, 0.081382, 0.347976
0.050685, 0.382642, 0.071644, 0.608690
0.051706, 0.000000, 0.111018, 0.000000
0.056084, 0.268467, 0.087761, 0.444264
0.059642, 1.000000, -0.773477, 0.000000
0.061108, 0.176389, 0.102466, 0.303405
0.061181, 0.245439, 0.097385, 0.409257
0.062059, 0.291743, 0.095388, 0.478924
0.062131, 0.409234, 0.085168, 0.643691
0.062153, 0.704678, 0.030581, 0.934221
0.062621, 0.676033, 0.039832, 0.918931
0.062828, 0.357928, 0.090917, 0.573167
0.063155, 0.566832, 0.065138, 0.829030
0.063188, 0.150920, 0.108346, 0.263843
0.063369, 0.491674, 0.077051, 0.746856
0.063456, 0.124141, 0.111423, 0.220971
0.063850, 0.607850, 0.057692, 0.867921
0.064253, 0.517996, 0.074377, 0.777010
0.064449, 0.542662, 0.070717, 0.803822
0.064835, 0.436996, 0.085739, 0.679546
0.065005, 0.916045, -0.132650, 0.815928
0.065082, 0.756590, 0.010013, 0.947162
0.065652, 0.729700, 0.022255, 0.941897
0.065684, 0.782337, -0.004258, 0.945694
0.065933, 0.463256, 0.083875, 0.712127
0.066168, 0.020295, 0.132106, 0.040562
0.066303, 0.889203, -0.091965, 0.866451
0.066808, 0.316489, 0.100582, 0.515021
0.066952, 0.221048, 0.108476, 0.371929
0.067097, 0.945212, -0.717937, 0.214904
0.067411, 0.043396, 0.132330, 0.084376
0.067822, 0.863042, -0.084912, 0.879115
0.068497, 0.650547, 0.051008, 0.900538
0.069047, 0.069167, 0.129937, 0.130250
0.069561, 0.837080, -0.052146, 0.911659
0.070399, 0.974915, -0.855552, 0.028894
0.070706, 0.095641, 0.127712, 0.173639
0.071761, 0.811158, -0.026100, 0.932120
0.072791, 0.195719, 0.120056, 0.332471
0.073150, 0.382082, 0.103144, 0.605077
0.074854, 0.585490, 0.072945, 0.845066
0.075997, 0.338155, 0.112119, 0.544896
0.077068, 0.627354, 0.064102, 0.880536
0.078350, 0.000000, 0.154247, 0.000000
0.079247, 0.268443, 0.123735, 0.442580
0.080655, 0.692213, 0.044095, 0.920702
0.083434, 0.480335, 0.103258, 0.730039
0.084089, 0.240144, 0.134044, 0.399543
0.084248, 0.402840, 0.115935, 0.631672
0.084316, 0.116180, 0.148185, 0.205604
0.085003, 0.929408, -0.790406, 0.162864
0.085197, 0.167845, 0.143196, 0.287872
0.085231, 0.141670, 0.146634, 0.247018
0.085237, 0.295351, 0.130172, 0.481585
0.085256, 1.000000, -0.836107, 0.000000
0.085453, 0.507308, 0.100726, 0.761125
0.085658, 0.426167, 0.114568, 0.662654
0.086042, 0.791631, -0.015457, 0.927732
0.086299, 0.558616, 0.090481, 0.815824
0.086780, 0.743334, 0.020242, 0.933645
0.087220, 0.668316, 0.057537, 0.905234
0.087519, 0.533456, 0.097618, 0.789649
0.087707, 0.903879, -0.295133, 0.664639
0.087801, 0.958216, -0.823214, 0.102284
0.088073, 0.715702, 0.036045, 0.926881
0.088291, 0.361273, 0.127136, 0.575677
0.089060, 0.451182, 0.115071, 0.693651
0.089299, 0.766739, 0.003951, 0.931443
0.089659, 0.878833, -0.086611, 0.876528
0.090262, 0.026085, 0.170711, 0.048954
0.090291, 0.603964, 0.081970, 0.857413
0.091002, 0.052791, 0.169523, 0.097497
0.091324, 0.215954, 0.148170, 0.362290
0.091484, 0.853920, -0.083388, 0.879079
0.092624, 0.079184, 0.167886, 0.143283
0.093492, 0.318899, 0.139811, 0.514545
0.093687, 0.829323, -0.067971, 0.887214
0.094440, 0.190778, 0.155897, 0.322834
0.095224, 0.645736, 0.071462, 0.887677
0.098998, 0.979956, -0.882026, 0.034303
0.099553, 0.577985, 0.098098, 0.831283
0.099717, 0.383591, 0.140023, 0.604300
0.100205, 0.254105, 0.157828, 0.418872
0.100937, 0.101106, 0.178174, 0.178482
0.101784, 0.807777, -0.041975, 0.900588
0.102186, 0.000000, 0.190211, 0.000000
0.102939, 0.690997, 0.054345, 0.909010
0.103137, 0.470945, 0.128814, 0.715246
0.103346, 0.341842, 0.151202, 0.545718
0.103482, 0.278518, 0.160071, 0.455232
0.104642, 0.942015, -0.834229, 0.116607
0.104760, 0.623694, 0.086836, 0.868132
0.105945, 0.496374, 0.126463, 0.744837
0.106334, 0.733476, 0.028183, 0.917749
0.107110, 0.127287, 0.184970, 0.220877
0.107576, 0.408672, 0.146500, 0.636197
0.107918, 0.152880, 0.182935, 0.262177
0.108476, 0.522705, 0.122635, 0.773685
0.109381, 0.918435, -0.879982, 0.082222
0.109556, 0.781986, -0.015124, 0.908178
0.109949, 0.432631, 0.145146, 0.666734
0.110044, 0.550254, 0.116460, 0.801755
0.111218, 0.231120, 0.177781, 0.382573
0.111936, 0.301134, 0.169874, 0.487387
0.111937, 0.894895, -0.609460, 0.347963
0.112044, 0.667361, 0.071408, 0.892794
0.112213, 0.176882, 0.186593, 0.299151
0.113718, 0.870985, -0.218399, 0.733782
0.113750, 1.000000, -0.902100, 0.000000
0.114168, 0.041166, 0.207744, 0.073687
0.114243, 0.756364, 0.008819, 0.910576
0.114591, 0.066130, 0.205927, 0.117431
0.114752, 0.019568, 0.209119, 0.035400
0.114869, 0.205076, 0.187379, 0.343087
0.115000, 0.599703, 0.104143, 0.844925
0.115051, 0.364628, 0.164349, 0.575467
0.115169, 0.711023, 0.045989, 0.907601
0.115887, 0.847067, -0.076938, 0.873906
0.116363, 0.961905, -0.894674, 0.051774
0.118244, 0.454013, 0.151173, 0.691218
0.120696, 0.323939, 0.179400, 0.518830
0.121138, 0.824318, -0.083363, 0.856850
0.121320, 0.644923, 0.088332, 0.874879
0.121363, 0.088597, 0.214072, 0.155171
0.121810, 0.258654, 0.190658, 0.422968
0.122916, 0.575286, 0.120422, 0.820645
0.124460, 0.389249, 0.172859, 0.606989
0.126015, 0.479781, 0.154129, 0.719881
0.126935, 0.112600, 0.219673, 0.194136
0.127419, 0.800214, -0.058259, 0.863372
0.127969, 0.688095, 0.065598, 0.891479
0.128623, 0.937858, -0.870398, 0.091381
0.128893, 0.505329, 0.150145, 0.747941
0.129048, 0.980522, -0.918999, 0.023675
0.129259, 0.000000, 0.233901, 0.000000
0.129632, 0.281273, 0.199179, 0.455254
0.130009, 0.732648, 0.029289, 0.896543
0.130339, 0.622313, 0.105733, 0.855016
0.130460, 0.138032, 0.221834, 0.235123
0.130920, 0.346487, 0.190264, 0.548717
0.131275, 0.530757, 0.144547, 0.774286
0.131453, 0.414123, 0.176920, 0.638056
0.132835, 0.162678, 0.222116, 0.274296
0.133330, 0.775470, -0.021291, 0.878250
0.133821, 0.913635, -0.883569, 0.080482
0.134123, 0.238932, 0.212810, 0.391561
0.134215, 0.189175, 0.220212, 0.315234
0.135111, 0.553930, 0.140123, 0.795685
0.135848, 0.889483, -0.842058, 0.112970
0.136232, 0.216628, 0.219454, 0.357451
0.136239, 0.051190, 0.241288, 0.089059
0.136873, 0.436869, 0.178479, 0.665298
0.137908, 0.865374, -0.525926, 0.410103
0.138029, 0.304760, 0.207795, 0.487944
0.138058, 0.665693, 0.084980, 0.875336
0.139276, 0.599672, 0.123690, 0.833525
0.139360, 0.023814, 0.248374, 0.041706
0.140847, 0.370509, 0.199376, 0.579563
0.141233, 0.709119, 0.051758, 0.884915
0.141711, 0.841753, -0.172630, 0.752102
0.141833, 0.752422, 0.004841, 0.878096
0.142091, 0.074626, 0.248628, 0.128590
0.142478, 1.000000, -0.936997, 0.000000
0.143226, 0.461362, 0.179709, 0.693133
0.143248, 0.957777, -0.924746, 0.036525
0.146795, 0.817700, -0.074911, 0.841892
0.147203, 0.259793, 0.229672, 0.421024
0.147362, 0.578257, 0.140831, 0.811876
0.147385, 0.643264, 0.104572, 0.857646
0.147559, 0.327733, 0.217350, 0.518711
0.147866, 0.098596, 0.255489, 0.168409
0.149061, 0.487043, 0.178558, 0.720719
0.149406, 0.395309, 0.205250, 0.610381
0.152054, 0.123487, 0.258815, 0.208600
0.152146, 0.512346, 0.173121, 0.746894
0.153058, 0.794155, -0.070966, 0.826037
0.153157, 0.933408, -0.904106, 0.060539
0.153806, 0.686809, 0.073727, 0.869234
0.154374, 0.000000, 0.272764, 0.000000
0.154565, 0.284341, 0.236400, 0.455857
0.154592, 0.148773, 0.259163, 0.248973
0.154916, 0.203442, 0.250581, 0.334047
0.155045, 0.175062, 0.255761, 0.290568
0.155486, 0.728855, 0.030303, 0.867689
0.156231, 0.620802, 0.124271, 0.838495
0.156663, 0.977459, -0.942669, 0.016483
0.156822, 0.535408, 0.168773, 0.768098
0.156903, 0.040269, 0.274887, 0.068901
0.157089, 0.351505, 0.225766, 0.549525
0.157297, 0.419433, 0.209159, 0.639022
0.157862, 0.907760, -0.875926, 0.083326
0.158213, 0.234305, 0.250657, 0.380685
0.158701, 0.771257, -0.035331, 0.837459
0.159409, 0.557252, 0.161328, 0.787307
0.159795, 0.883527, -0.870952, 0.078435
0.161802, 0.443399, 0.207631, 0.666851
0.162704, 0.859238, -0.817981, 0.107913
0.163799, 0.062289, 0.284430, 0.105629
0.164030, 0.307781, 0.245617, 0.487651
0.164039, 0.664131, 0.096334, 0.853665
0.165368, 0.598345, 0.144298, 0.817531
0.166162, 0.376264, 0.232163, 0.580506
0.166794, 0.834148, -0.458187, 0.436627
0.167355, 0.469039, 0.205606, 0.694812
0.168037, 0.020230, 0.293057, 0.034556
0.168453, 0.707116, 0.054132, 0.854746
0.168707, 0.747832, 0.003228, 0.844571
0.169114, 0.084688, 0.290425, 0.142427
0.169357, 1.000000, -0.954718, 0.000000
0.169743, 0.262462, 0.263062, 0.420621
0.169941, 0.953452, -0.941631, 0.024524
0.171976, 0.496101, 0.200321, 0.722733
0.173134, 0.810865, -0.133626, 0.744015
0.173351, 0.331656, 0.253536, 0.518958
0.173410, 0.575564, 0.163681, 0.795595
0.173457, 0.108841, 0.294994, 0.182013
0.173461, 0.641540, 0.118617, 0.836744
0.173762, 0.215554, 0.277744, 0.349348
0.174938, 0.401037, 0.236827, 0.610072
0.175051, 0.187624, 0.285109, 0.306865
0.176626, 0.134592, 0.296295, 0.223099
0.176642, 0.926067, -0.921995, 0.038383
0.177243, 0.160210, 0.293286, 0.263679
0.177436, 0.521517, 0.194762, 0.746038
0.179718, 0.286545, 0.272808, 0.453515
0.179840, 0.788246, -0.062187, 0.801945
0.180105, 0.684417, 0.079749, 0.841100
0.181667, 0.000000, 0.315836, 0.000000
0.181678, 0.243509, 0.284613, 0.389957
0.182138, 0.618750, 0.140598, 0.818422
0.182157, 0.043438, 0.314779, 0.072871
0.182172, 0.979942, -0.957309, 0.007269
0.182258, 0.356618, 0.259464, 0.550575
0.182281, 0.548326, 0.186076, 0.767889
0.182675, 0.900313, -0.892678, 0.055045
0.182893, 0.727404, 0.024359, 0.829659
0.183020, 0.425690, 0.239158, 0.638065
0.183489, 0.766221, -0.064841, 0.777733
0.183900, 0.876784, -0.849713, 0.084564
0.185307, 0.449808, 0.233235, 0.665496
0.186121, 0.849728, -0.836603, 0.075431
0.189310, 0.310611, 0.281019, 0.485380
0.189687, 0.477985, 0.226871, 0.695303
0.190365, 0.661570, 0.105327, 0.826650
0.190562, 0.067297, 0.326223, 0.111800
0.191208, 0.595562, 0.162851, 0.797715
0.191307, 0.381890, 0.264132, 0.581072
0.193470, 0.825474, -0.779107, 0.095719
0.193547, 0.962368, -0.955900, 0.009835
0.194325, 0.091229, 0.329216, 0.150412
0.194703, 0.225487, 0.307853, 0.360470
0.194936, 0.022423, 0.334899, 0.037379
0.195258, 0.704732, 0.052002, 0.817973
0.195313, 0.200241, 0.313813, 0.322317
0.195507, 0.940119, -0.943874, 0.015943
0.195605, 0.571597, 0.182509, 0.777988
0.195925, 0.266223, 0.301140, 0.420559
0.196113, 0.502994, 0.221924, 0.718024
0.196920, 0.118756, 0.330472, 0.195006
0.196959, 0.173813, 0.321407, 0.281513
0.197499, 0.747958, -0.043659, 0.764394
0.197581, 1.000000, -0.964372, 0.000000
0.197957, 0.336002, 0.286450, 0.518072
0.199565, 0.637914, 0.131212, 0.810826
0.199983, 0.801083, -0.443998, 0.390423
0.200053, 0.530875, 0.210712, 0.742200
0.200299, 0.407200, 0.267077, 0.609794
0.200491, 0.146052, 0.331214, 0.237344
0.202061, 0.915417, -0.926151, 0.021305
0.204291, 0.866341, -0.857223, 0.056267
0.205201, 0.289189, 0.308957, 0.451078
0.205207, 0.459213, 0.252186, 0.667734
0.205883, 0.774188, -0.035390, 0.778741
0.206548, 0.682484, 0.080304, 0.806346
0.206908, 0.361353, 0.290969, 0.549135
0.207343, 0.046642, 0.353958, 0.076771
0.207681, 0.613008, 0.157302, 0.793172
0.207790, 0.000000, 0.356322, 0.000000
0.208785, 0.433013, 0.267329, 0.636796
0.208991, 0.555754, 0.202773, 0.756819
0.209016, 0.725261, 0.000137, 0.770844
0.209391, 0.246164, 0.325838, 0.388540
0.209501, 0.891465, -0.905869, 0.023033
0.212096, 0.981279, -0.964181, 0.000814
0.212152, 0.843172, -0.821255, 0.067533
0.213462, 0.315322, 0.313589, 0.485260
0.214727, 0.483350, 0.250888, 0.688756
0.215630, 0.219354, 0.340666, 0.347083
0.215723, 0.099156, 0.360893, 0.160669
0.215910, 0.659060, 0.110136, 0.795078
0.216037, 0.585932, 0.184496, 0.771530
0.216175, 0.385836, 0.294570, 0.577194
0.216777, 0.071238, 0.366007, 0.115862
0.216952, 0.512787, 0.236938, 0.715792
0.217278, 0.958919, -0.959171, 0.000869
0.217573, 0.193445, 0.349262, 0.307855
0.218870, 0.168444, 0.355118, 0.268800
0.219663, 0.819353, -0.807611, 0.051336
0.219994, 0.934028, -0.946024, 0.002240
0.220359, 0.023394, 0.373997, 0.038170
0.220545, 0.124631, 0.365493, 0.200749
0.221596, 0.748163, -0.011621, 0.769778
0.222433, 0.341017, 0.318028, 0.517190
0.222503, 0.703501, 0.037816, 0.767738
0.223147, 0.267641, 0.340732, 0.416362
0.223405, 0.793395, -0.746985, 0.065376
0.224190, 0.634357, 0.140590, 0.782123
0.224808, 0.410388, 0.295587, 0.603746
0.224975, 0.537782, 0.227755, 0.731609
0.225772, 0.146415, 0.370205, 0.234138
0.225978, 0.456164, 0.275955, 0.654520
0.226045, 0.870393, -0.886242, 0.014986
0.226790, 1.000000, -0.965821, 0.000000
0.228086, 0.294529, 0.340075, 0.452412
0.228298, 0.910968, -0.930255, 0.000710
0.229843, 0.768465, -0.346774, 0.418147
0.230519, 0.609641, 0.169530, 0.768431
0.231256, 0.564219, 0.212288, 0.745422
0.232056, 0.047193, 0.391721, 0.076189
0.232339, 0.680522, 0.073608, 0.763349
0.232350, 0.364513, 0.322830, 0.544115
0.232532, 0.239141, 0.361267, 0.372532
0.233459, 0.000000, 0.395367, 0.000000
0.234183, 0.498030, 0.261187, 0.691301
0.234376, 0.726215, 0.002731, 0.746479
0.234525, 0.848218, -0.851086, 0.023330
0.235359, 0.432799, 0.297812, 0.624556
0.236636, 0.086685, 0.394571, 0.138627
0.236893, 0.212658, 0.374027, 0.332669
0.237502, 0.321455, 0.344753, 0.486237
0.238464, 0.953503, -0.956464, -0.007049
0.239029, 0.890673, -0.913732, -0.005039
0.240356, 0.185926, 0.383735, 0.291128
0.240367, 0.977639, -0.962249, -0.003775
0.240414, 0.655339, 0.112220, 0.758883
0.240606, 0.109986, 0.397375, 0.174719
0.240872, 0.476434, 0.280350, 0.666539
0.241151, 0.388418, 0.324357, 0.570157
0.241409, 0.587240, 0.197075, 0.748271
0.242639, 0.521114, 0.252835, 0.705377
0.242664, 0.827510, -0.830126, 0.015792
0.244314, 0.804762, -0.757598, 0.061438
0.244469, 0.163612, 0.395453, 0.257457
0.245599, 0.023221, 0.412291, 0.037098
0.246031, 0.931077, -0.944787, -0.011940
0.246459, 0.066664, 0.411665, 0.106192
0.247191, 0.255856, 0.377876, 0.392599
0.247460, 0.278862, 0.371628, 0.424830
0.247665, 0.135763, 0.404322, 0.213824
0.248323, 0.780111, -0.777423, 0.008297
0.248851, 0.343579, 0.351918, 0.511187
0.248873, 0.701754, 0.021023, 0.715995
0.248980, 0.631843, 0.145358, 0.748521
0.249165, 0.750157, -0.351178, 0.367298
0.249365, 0.545226, 0.238559, 0.717350
0.250722, 0.454288, 0.302952, 0.639037
0.250845, 0.411037, 0.325572, 0.592218
0.251293, 0.303718, 0.369156, 0.457699
0.251725, 0.868498, -0.894652, -0.015314
0.254036, 1.000000, -0.961284, 0.000000
0.254643, 0.609994, 0.175211, 0.739456
0.256243, 0.674153, 0.071855, 0.720316
0.256551, 0.910112, -0.931042, -0.019736
0.257238, 0.725989, 0.007021, 0.699363
0.257253, 0.228241, 0.399436, 0.350185
0.257346, 0.568316, 0.221480, 0.722554
0.257748, 0.367277, 0.353636, 0.537295
0.257962, 0.202572, 0.406111, 0.312214
0.258168, 0.500090, 0.280280, 0.676252
0.259056, 0.044574, 0.432372, 0.070494
0.259307, 0.000000, 0.433981, 0.000000
0.260415, 0.955847, -0.953203, -0.013529
0.261058, 0.845569, -0.865344, -0.017185
0.262083, 0.090180, 0.432670, 0.141468
0.262290, 0.432673, 0.326966, 0.609825
0.262893, 0.116893, 0.429597, 0.182449
0.264495, 0.154956, 0.426217, 0.240350
0.265756, 0.478457, 0.302238, 0.652446
0.265812, 0.323386, 0.381915, 0.479101
0.266409, 0.649085, 0.112409, 0.714194
0.266890, 0.767218, -0.732686, 0.018148
0.266944, 0.888754, -0.913554, -0.028793
0.266955, 0.524321, 0.267679, 0.687397
0.267202, 0.820378, -0.833911, -0.019237
0.267245, 0.389905, 0.354654, 0.559828
0.267511, 0.180911, 0.426101, 0.278917
0.267542, 0.592616, 0.197681, 0.718854
0.268199, 0.796131, -0.776573, 0.007952
0.268251, 0.978363, -0.955130, -0.007401
0.268970, 0.248564, 0.410650, 0.376056
0.271093, 0.293725, 0.399169, 0.437388
0.271633, 0.932642, -0.940606, -0.023307
0.272014, 0.022053, 0.451795, 0.034502
0.272062, 0.692038, 0.009928, 0.657225
0.272066, 0.271676, 0.408246, 0.407545
0.272927, 0.066737, 0.451053, 0.104082
0.274413, 0.456410, 0.324678, 0.625952
0.274576, 0.547593, 0.250377, 0.693838
0.274587, 0.347239, 0.383366, 0.505628
0.275392, 0.622454, 0.153837, 0.706499
0.276787, 0.740812, -0.705254, -0.016456
0.276850, 0.713463, -0.086424, 0.559424
0.277480, 0.136693, 0.448150, 0.210481
0.277505, 0.865587, -0.893039, -0.039690
0.277545, 0.411715, 0.354794, 0.578725
0.278587, 0.208805, 0.435172, 0.316900
0.281569, 1.000000, -0.951715, 0.000000
0.281645, 0.571977, 0.226025, 0.695290
0.282219, 0.670004, 0.052192, 0.659268
0.282575, 0.503016, 0.296304, 0.658846
0.282837, 0.107162, 0.460704, 0.164898
0.283509, 0.910221, -0.925943, -0.035584
0.284252, 0.369850, 0.384612, 0.528293
0.284989, 0.955516, -0.944464, -0.020030
0.285054, 0.231719, 0.437830, 0.347660
0.285054, 0.839298, -0.863469, -0.045731
0.285439, 0.043929, 0.471331, 0.067981
0.285876, 0.000000, 0.473222, 0.000000
0.286379, 0.308116, 0.414150, 0.450808
0.286740, 0.163907, 0.457296, 0.249642
0.287421, 0.786447, -0.780727, -0.029239
0.288043, 0.434002, 0.352226, 0.595245
0.288871, 0.762497, -0.716386, 0.004048
0.289041, 0.598976, 0.190022, 0.688199
0.289865, 0.481418, 0.319670, 0.636240
0.290073, 0.085487, 0.474162, 0.131212
0.290418, 0.644708, 0.107583, 0.668072
0.291515, 0.813647, -0.831068, -0.049624
0.292012, 0.526249, 0.280226, 0.664277
0.292615, 0.189367, 0.459984, 0.285509
0.292776, 0.330239, 0.413388, 0.476569
0.292842, 0.257824, 0.440908, 0.381716
0.292989, 0.887326, -0.908189, -0.048210
0.294213, 0.391619, 0.384497, 0.547610
0.295490, 0.978149, -0.943607, -0.011002
0.296874, 0.457529, 0.344036, 0.610668
0.297090, 0.283838, 0.437721, 0.415291
0.297617, 0.125429, 0.479605, 0.190349
0.297626, 0.693809, -0.083131, 0.505899
0.297738, 0.932217, -0.930824, -0.033719
0.298259, 0.721911, -0.698240, -0.055565
0.298611, 0.021448, 0.490860, 0.032801
0.298750, 0.550787, 0.255607, 0.667047
0.300603, 0.860108, -0.885047, -0.060253
0.300675, 0.063938, 0.492009, 0.097527
0.300970, 0.621485, 0.147723, 0.660330
0.302113, 0.352127, 0.414523, 0.498768
0.303875, 0.147904, 0.484465, 0.222442
0.303994, 0.213993, 0.469903, 0.317807
0.304024, 0.575830, 0.222859, 0.664162
0.304125, 0.413151, 0.381988, 0.564142
0.304271, 0.745447, -0.679006, -0.000866
0.305316, 0.666707, 0.086912, 0.653098
0.308522, 0.504957, 0.310486, 0.634966
0.308881, 1.000000, -0.937918, 0.000000
0.309144, 0.794786, -0.804107, -0.066559
0.309279, 0.835188, -0.859160, -0.072237
0.309376, 0.238680, 0.469226, 0.350052
0.309697, 0.104971, 0.500125, 0.158109
0.309794, 0.308409, 0.444054, 0.441681
0.310349, 0.955749, -0.932020, -0.025765
0.310394, 0.909002, -0.915142, -0.049532
0.311251, 0.771441, -0.774017, -0.070020
0.311336, 0.172571, 0.490534, 0.256988
0.312089, 0.374032, 0.414159, 0.518338
0.312578, 0.041585, 0.510781, 0.062881
0.312902, 0.000000, 0.512364, 0.000000
0.312991, 0.480008, 0.337586, 0.614595
0.313525, 0.599034, 0.181054, 0.642190
0.313550, 0.434674, 0.376103, 0.577978
0.315339, 0.879893, -0.895641, -0.065406
0.315768, 0.641776, 0.057117, 0.575782
0.315896, 0.264645, 0.469267, 0.382854
0.316220, 0.530481, 0.285801, 0.638153
0.317572, 0.084346, 0.514446, 0.126617
0.318834, 0.331856, 0.444205, 0.466120
0.319123, 0.456344, 0.363565, 0.591726
0.319176, 0.196078, 0.495346, 0.288364
0.319313, 0.813869, -0.833715, -0.083941
0.319415, 0.709494, -0.689483, -0.084482
0.322094, 0.395993, 0.411123, 0.535215
0.322208, 0.684443, -0.420333, 0.122106
0.322436, 0.128827, 0.515047, 0.191404
0.322517, 0.978261, -0.928288, -0.013924
0.322703, 0.555069, 0.254237, 0.634468
0.323263, 0.933398, -0.918099, -0.041885
0.323589, 0.288739, 0.469789, 0.411031
0.324182, 0.734267, -0.679299, -0.041731
0.325578, 0.855542, -0.874164, -0.081319
0.326201, 0.020270, 0.530695, 0.030258
0.327357, 0.061448, 0.530530, 0.091582
0.327531, 0.618471, 0.123164, 0.590680
0.328045, 0.577966, 0.215032, 0.621982
0.328797, 0.154123, 0.518385, 0.226484
0.328872, 0.354788, 0.443511, 0.487137
0.329563, 0.221301, 0.502842, 0.320439
0.329610, 0.759076, -0.757510, -0.092436
0.330568, 0.660488, -0.021895, 0.475840
0.330960, 0.895508, -0.897341, -0.066809
0.331782, 0.418375, 0.404287, 0.549459
0.332554, 0.491868, 0.337057, 0.601589
0.333030, 0.787343, -0.798488, -0.099657
0.333260, 0.244976, 0.498936, 0.350520
0.334591, 0.515633, 0.308927, 0.608737
0.335389, 0.108056, 0.535874, 0.158968
0.335467, 0.311864, 0.473878, 0.434087
0.336197, 1.000000, -0.920423, 0.000000
0.336529, 0.956482, -0.915873, -0.030535
0.336655, 0.833828, -0.851918, -0.098234
0.337058, 0.177592, 0.524960, 0.257943
0.338176, 0.466563, 0.367410, 0.581159
0.339348, 0.377651, 0.440485, 0.504933
0.339432, 0.916104, -0.901993, -0.057857
0.340205, 0.039851, 0.550220, 0.058766
0.340243, 0.596660, 0.169385, 0.585905
0.340434, 0.270165, 0.498594, 0.380453
0.340473, 0.441724, 0.391879, 0.561299
0.340735, 0.000000, 0.552175, 0.000000
0.341799, 0.540753, 0.272985, 0.601641
0.342147, 0.082467, 0.549222, 0.121006
0.342293, 0.872772, -0.878433, -0.084988
0.342309, 0.636401, 0.167213, 0.630575
0.342832, 0.811122, -0.827209, -0.109453
0.342893, 0.698479, -0.615252, -0.054680
0.343883, 0.202711, 0.526758, 0.290551
0.344250, 0.722484, -0.686563, -0.092317
0.345212, 0.334978, 0.472923, 0.455650
0.345859, 0.136032, 0.546566, 0.197594
0.348217, 0.566793, 0.225862, 0.584868
0.349192, 0.400769, 0.433141, 0.519881
0.349260, 0.676530, -0.658579, -0.141131
0.349703, 0.978586, -0.909467, -0.016260
0.350115, 0.745691, -0.736678, -0.116960
0.350917, 0.292080, 0.501839, 0.402917
0.351546, 0.937075, -0.900566, -0.047493
0.352056, 0.771292, -0.777880, -0.124367
0.353505, 0.850094, -0.857856, -0.103656
0.354031, 0.059622, 0.567930, 0.086611
0.354601, 0.020082, 0.571015, 0.029204
0.355371, 0.358204, 0.469556, 0.474288
0.355383, 0.158701, 0.554030, 0.227108
0.355711, 0.616636, 0.139555, 0.559186
0.355885, 0.653221, -0.456459, -0.005788
0.355928, 0.475919, 0.366638, 0.566703
0.356075, 0.894388, -0.881772, -0.079142
0.356086, 0.498873, 0.337523, 0.575191
0.356248, 0.250889, 0.526371, 0.349679
0.356298, 0.228089, 0.535466, 0.320436
0.358026, 0.425025, 0.419758, 0.532351
0.359081, 0.796622, -0.807530, -0.129379
0.359294, 0.099523, 0.570067, 0.143265
0.359982, 0.522029, 0.304613, 0.573542
0.360120, 0.121538, 0.568025, 0.174226
0.361282, 0.183633, 0.555890, 0.259813
0.361597, 0.590189, 0.153477, 0.526472
0.361677, 0.314728, 0.502697, 0.423751
0.363688, 1.000000, -0.899601, 0.000000
0.363761, 0.451915, 0.396682, 0.544464
0.364139, 0.825531, -0.833510, -0.123860
0.364343, 0.958328, -0.895529, -0.033874
0.365369, 0.709599, -0.673941, -0.127438
0.366056, 0.381912, 0.462821, 0.489474
0.366379, 0.545537, 0.263878, 0.560113
0.366613, 0.916265, -0.883224, -0.067211
0.367148, 0.271372, 0.531192, 0.370518
0.367542, 0.208605, 0.555779, 0.290986
0.368239, 0.871720, -0.862385, -0.099864
0.368651, 0.040118, 0.589946, 0.057523
0.368780, 0.000000, 0.591532, 0.000000
0.369231, 0.076857, 0.587273, 0.109858
0.370599, 0.688870, -0.629541, -0.122045
0.371222, 0.730868, -0.716282, -0.146191
0.371306, 0.337778, 0.499233, 0.442836
0.372537, 0.567208, 0.213617, 0.534134
0.372549, 0.635932, -0.409551, -0.008585
0.373845, 0.755313, -0.754250, -0.152696
0.374970, 0.664781, -0.561693, -0.095479
0.374995, 0.406129, 0.449627, 0.502008
0.375176, 0.142974, 0.585209, 0.201225
0.376124, 0.779243, -0.783785, -0.151455
0.376685, 0.477892, 0.369471, 0.539194
0.377363, 0.293131, 0.532356, 0.391017
0.377614, 0.979346, -0.887038, -0.017861
0.378337, 0.848312, -0.842540, -0.120716
0.379011, 0.937657, -0.879400, -0.053600
0.379329, 0.245881, 0.557347, 0.334031
0.379478, 0.609508, 0.067071, 0.420840
0.379714, 0.503390, 0.331371, 0.538380
0.380317, 0.168284, 0.584881, 0.233976
0.381052, 0.361856, 0.491793, 0.459496
0.381352, 0.805876, -0.807989, -0.146259
0.381461, 0.894252, -0.863519, -0.089540
0.381568, 0.432431, 0.427292, 0.512926
0.382844, 0.020233, 0.610162, 0.028586
0.383175, 0.117831, 0.600032, 0.164864
0.383488, 0.096217, 0.603709, 0.135150
0.383692, 0.058841, 0.609013, 0.082961
0.385116, 0.528834, 0.281632, 0.521700
0.385401, 0.194365, 0.584175, 0.266821
0.386191, 0.223490, 0.574408, 0.303725
0.386231, 0.584648, 0.172638, 0.499042
0.387285, 0.314751, 0.530702, 0.408968
0.389156, 0.457127, 0.401209, 0.515497
0.390392, 0.709828, -0.684727, -0.173073
0.391409, 0.269875, 0.560457, 0.357134
0.391591, 1.000000, -0.875533, 0.000000
0.391961, 0.827147, -0.819034, -0.142698
0.392033, 0.958756, -0.872149, -0.037564
0.392115, 0.386842, 0.480389, 0.471531
0.392873, 0.554526, 0.201395, 0.469944
0.393360, 0.916389, -0.861747, -0.075254
0.393565, 0.871718, -0.844246, -0.112216
0.393637, 0.682449, -0.633883, -0.168155
0.393793, 0.653018, -0.545262, -0.125228
0.394154, 0.737283, -0.727371, -0.179795
0.395696, 0.337219, 0.524071, 0.425880
0.396570, 0.627385, -0.559907, -0.187039
0.396750, 0.000000, 0.629771, 0.000000
0.397559, 0.039791, 0.629453, 0.055324
0.398079, 0.762784, -0.758108, -0.179458
0.398150, 0.078802, 0.626596, 0.109184
0.398587, 0.786426, -0.782077, -0.170432
0.398646, 0.483613, 0.362095, 0.505172
0.398939, 0.413466, 0.458374, 0.482870
0.400391, 0.131087, 0.620164, 0.179465
0.400638, 0.154365, 0.615465, 0.210349
0.403099, 0.509149, 0.312805, 0.491163
0.403290, 0.291794, 0.561686, 0.375118
0.403685, 0.849858, -0.825594, -0.134148
0.404135, 0.359687, 0.514138, 0.439477
0.404294, 0.248611, 0.585962, 0.326278
0.404633, 0.601435, -0.275856, 0.025622
0.404716, 0.178907, 0.613154, 0.240855
0.405592, 0.979487, -0.861810, -0.019651
0.406279, 0.937824, -0.855524, -0.059140
0.406695, 0.438554, 0.431322, 0.485139
0.406736, 0.204823, 0.606985, 0.272661
0.406881, 0.575968, 0.235664, 0.504938
0.407157, 0.894621, -0.842546, -0.098528
0.407704, 0.103470, 0.635066, 0.141225
0.408625, 0.806147, -0.792719, -0.167410
0.409167, 0.534553, 0.244814, 0.454594
0.410522, 0.227953, 0.602053, 0.299392
0.411212, 0.020164, 0.648503, 0.027608
0.412107, 0.060089, 0.647298, 0.082055
0.412373, 0.314872, 0.556200, 0.392891
0.413063, 0.723445, -0.705774, -0.206090
0.413091, 0.697372, -0.666388, -0.206571
0.413363, 0.669127, -0.612148, -0.195686
0.413882, 0.463622, 0.395722, 0.479734
0.414439, 0.379464, 0.504051, 0.445253
0.416851, 0.643221, -0.560084, -0.190062
0.417679, 0.750760, -0.737643, -0.204304
0.417962, 0.269418, 0.590299, 0.342638
0.418575, 0.828036, -0.800894, -0.158744
0.418627, 0.401067, 0.483024, 0.453425
0.419545, 1.000000, -0.848979, 0.000000
0.419624, 0.873308, -0.823417, -0.122073
0.419693, 0.958879, -0.846229, -0.041016
0.419695, 0.558476, 0.226798, 0.450867
0.420174, 0.617057, -0.456802, -0.132983
0.420175, 0.916550, -0.837638, -0.082315
0.420730, 0.338639, 0.545857, 0.408188
0.421539, 0.778901, -0.762942, -0.194102
0.421580, 0.489463, 0.344841, 0.459800
0.422462, 0.120582, 0.650886, 0.161017
0.423813, 0.083415, 0.659618, 0.111899
0.424497, 0.143360, 0.648191, 0.189832
0.424668, 0.000000, 0.667046, 0.000000
0.425702, 0.040764, 0.666910, 0.054821
0.425819, 0.423446, 0.457585, 0.453569
0.425876, 0.166133, 0.643837, 0.218270
0.426602, 0.514790, 0.281127, 0.430323
0.427800, 0.851461, -0.806609, -0.144949
0.428126, 0.190974, 0.637753, 0.247981
0.428153, 0.587694, -0.470411, -0.218518
0.429152, 0.293717, 0.586761, 0.361065
0.430982, 0.360878, 0.534005, 0.416312
0.431577, 0.216037, 0.632011, 0.276279
0.431652, 0.242943, 0.619388, 0.306816
0.432227, 0.802884, -0.774161, -0.185864
0.432702, 0.446688, 0.422692, 0.446449
0.433550, 0.979458, -0.834219, -0.021367
0.433556, 0.938072, -0.829271, -0.063942
0.433657, 0.683302, -0.644225, -0.236776
0.433725, 0.895194, -0.818371, -0.106533
0.433996, 0.539788, 0.262308, 0.439117
0.435092, 0.710533, -0.682995, -0.236024
0.436186, 0.734697, -0.712062, -0.229725
0.437268, 0.658885, -0.601002, -0.237213
0.437322, 0.319035, 0.576118, 0.378742
0.437507, 0.102819, 0.673874, 0.135142
0.438655, 0.063350, 0.681492, 0.083562
0.438950, 0.470643, 0.376067, 0.430054
0.439008, 0.020725, 0.685056, 0.027419
0.439481, 0.384640, 0.513658, 0.421391
0.439514, 0.632871, -0.547077, -0.227847
0.440008, 0.761659, -0.736451, -0.219422
0.440731, 0.265616, 0.616321, 0.325875
0.440765, 0.606329, -0.476025, -0.202310
0.441582, 0.567788, -0.271189, -0.072157
0.442878, 0.825394, -0.779699, -0.174304
0.445284, 0.495495, 0.310056, 0.396059
0.445542, 0.407403, 0.486309, 0.421946
0.446328, 0.873502, -0.798937, -0.131962
0.446946, 0.126384, 0.680611, 0.162923
0.447114, 0.342634, 0.563425, 0.388815
0.447139, 0.917247, -0.811245, -0.088049
0.447442, 1.000000, -0.820311, 0.000000
0.447472, 0.958818, -0.817935, -0.044264
0.448419, 0.846593, -0.785366, -0.158861
0.448616, 0.784714, -0.749248, -0.210499
0.448726, 0.149697, 0.676232, 0.191174
0.449473, 0.173867, 0.669565, 0.219978
0.450455, 0.520011, 0.254812, 0.373617
0.450920, 0.285709, 0.613312, 0.339021
0.451938, 0.198658, 0.662403, 0.247801
0.452131, 0.000000, 0.702641, 0.000000
0.452217, 0.084526, 0.695670, 0.109094
0.452472, 0.430068, 0.450984, 0.412975
0.452491, 0.042744, 0.701247, 0.055424
0.453738, 0.696010, -0.659276, -0.263470
0.453797, 0.224158, 0.652896, 0.275202
0.456359, 0.545865, -0.153297, -0.013444
0.456580, 0.307258, 0.601623, 0.353333
0.456628, 0.366730, 0.543820, 0.393166
0.458169, 0.744230, -0.709369, -0.245802
0.458219, 0.590570, -0.452117, -0.230069
0.458564, 0.246783, 0.645638, 0.296578
0.458570, 0.453223, 0.403089, 0.393948
0.459319, 0.646504, -0.582942, -0.273397
0.459334, 0.672509, -0.625059, -0.274133
0.459429, 0.808224, -0.755478, -0.198402
0.460133, 0.896278, -0.792327, -0.113029
0.460217, 0.721177, -0.685305, -0.260029
0.460669, 0.618871, -0.526689, -0.263858
0.461212, 0.938129, -0.800446, -0.068435
0.461451, 0.979337, -0.804603, -0.023004
0.463791, 0.477226, 0.337454, 0.360661
0.464431, 0.107739, 0.706290, 0.135930
0.465147, 0.390484, 0.516327, 0.390759
0.465455, 0.328922, 0.589303, 0.361873
0.465654, 0.569522, -0.409486, -0.234552
0.465822, 0.021336, 0.719084, 0.027159
0.465934, 0.064714, 0.715703, 0.082080
0.466409, 0.857546, -0.772681, -0.155413
0.466828, 0.765825, -0.721058, -0.237581
0.468408, 0.268625, 0.641328, 0.311504
0.469548, 0.501732, 0.276671, 0.332724
0.470764, 0.831745, -0.757433, -0.182352
0.471495, 0.131629, 0.709085, 0.163006
0.471750, 0.155829, 0.701334, 0.191374
0.472319, 0.413284, 0.480381, 0.380639
0.472748, 0.180660, 0.693482, 0.219153
0.473540, 0.526621, -0.044779, 0.038489
0.474218, 0.351407, 0.570933, 0.366025
0.474609, 0.917343, -0.782102, -0.093757
0.474923, 0.788440, -0.730202, -0.224442
0.474940, 0.878391, -0.771329, -0.136321
0.475044, 0.205910, 0.684312, 0.245588
0.475218, 1.000000, -0.789848, 0.000000
0.475346, 0.958593, -0.787554, -0.047386
0.475384, 0.698689, -0.654041, -0.287917
0.476837, 0.291992, 0.631140, 0.325184
0.478590, 0.088368, 0.727444, 0.109389
0.478801, 0.436016, 0.432206, 0.359341
0.479001, 0.042978, 0.734120, 0.053519
0.479179, 0.000000, 0.736414, 0.000000
0.479363, 0.229091, 0.676721, 0.267042
0.479869, 0.603800, -0.501448, -0.293304
0.480166, 0.631953, -0.558602, -0.306155
0.480982, 0.551604, -0.381408, -0.261053
0.481618, 0.656525, -0.597327, -0.307425
0.481937, 0.742267, -0.691206, -0.266852
0.483381, 0.374542, 0.544330, 0.362131
0.483477, 0.679199, -0.626997, -0.304119
0.483741, 0.459888, 0.364511, 0.323264
0.484205, 0.314411, 0.616191, 0.334825
0.485437, 0.719022, -0.668029, -0.285390
0.485764, 0.810593, -0.732513, -0.209979
0.485933, 0.251645, 0.668909, 0.284655
0.486933, 0.579153, -0.447246, -0.291695
0.488332, 0.854322, -0.748981, -0.166709
0.488459, 0.483910, 0.303553, 0.295358
0.488887, 0.898045, -0.761683, -0.118374
0.489045, 0.937779, -0.769484, -0.072961
0.489233, 0.979082, -0.773279, -0.024656
0.491153, 0.113124, 0.736128, 0.136224
0.491441, 0.065395, 0.746373, 0.079509
0.491729, 0.767242, -0.701651, -0.253389
0.492078, 0.397239, 0.508274, 0.348773
0.492573, 0.021652, 0.751796, 0.026401
0.493070, 0.336711, 0.597163, 0.337329
0.493515, 0.508638, -0.068565, -0.044414
0.494316, 0.163233, 0.723666, 0.191832
0.494567, 0.275235, 0.658804, 0.298147
0.495127, 0.138780, 0.734060, 0.164403
0.495711, 0.188696, 0.714331, 0.218092
0.496890, 0.532865, -0.327710, -0.265448
0.497483, 0.832811, -0.731075, -0.192657
0.499466, 0.419246, 0.460241, 0.324534
0.499693, 0.621689, -0.540468, -0.336220
0.500567, 0.211647, 0.707128, 0.238524
0.500829, 0.788578, -0.706302, -0.239089
0.501232, 0.359036, 0.571369, 0.334670
0.501391, 0.876186, -0.742131, -0.146552
0.502380, 0.697784, -0.637212, -0.314768
0.502774, 1.000000, -0.757951, 0.000000
0.502924, 0.087909, 0.755751, 0.104157
0.503140, 0.917715, -0.749876, -0.098729
0.503155, 0.559464, -0.410092, -0.314014
0.503174, 0.298734, 0.644132, 0.306898
0.503180, 0.958013, -0.755436, -0.050674
0.503810, 0.646907, -0.578418, -0.340286
0.504011, 0.443323, 0.389229, 0.285802
0.504024, 0.595787, -0.494137, -0.339848
0.505316, 0.044017, 0.765394, 0.052354
0.505475, 0.234701, 0.697757, 0.256767
0.505703, 0.671300, -0.607247, -0.332508
0.506045, 0.000000, 0.768622, 0.000000
0.506140, 0.748970, -0.676284, -0.278799
0.506873, 0.725887, -0.658135, -0.298280
0.508855, 0.467399, 0.357466, 0.286129
0.510901, 0.381955, 0.534612, 0.319097
0.511274, 0.321385, 0.624260, 0.310773
0.511661, 0.812739, -0.707372, -0.219960
0.511905, 0.258216, 0.686034, 0.271907
0.512695, 0.491667, -0.085431, -0.120394
0.513181, 0.853991, -0.721958, -0.175340
0.515643, 0.107662, 0.765153, 0.123832
0.516265, 0.896514, -0.730178, -0.126396
0.516640, 0.174040, 0.742072, 0.193976
0.516696, 0.978970, -0.740717, -0.026031
0.517344, 0.576906, -0.460233, -0.359405
0.517354, 0.937073, -0.736168, -0.077618
0.517628, 0.066943, 0.776419, 0.077446
0.517696, 0.128821, 0.761515, 0.146136
0.517958, 0.516451, -0.299129, -0.301796
0.518850, 0.021846, 0.782509, 0.025363
0.519018, 0.539974, -0.369303, -0.333195
0.519357, 0.152168, 0.755196, 0.170408
0.520438, 0.402503, 0.486649, 0.288548
0.520538, 0.768109, -0.675229, -0.269800
0.520573, 0.282410, 0.671019, 0.281039
0.520682, 0.343768, 0.597184, 0.304036
0.520828, 0.612745, -0.524221, -0.370144
0.522242, 0.194726, 0.737252, 0.210858
0.523212, 0.710316, -0.632820, -0.323459
0.524295, 0.793404, -0.684938, -0.246176
0.524398, 0.427312, 0.413193, 0.249575
0.524548, 0.636019, -0.555878, -0.369438
0.525067, 0.832349, -0.700763, -0.203707
0.526061, 0.217570, 0.726849, 0.228877
0.526387, 0.684120, -0.607359, -0.345224
0.527564, 0.366341, 0.560952, 0.293258
0.528355, 0.875476, -0.710798, -0.154675
0.528811, 0.659953, -0.581892, -0.363218
0.529122, 0.451888, 0.368066, 0.240919
0.529234, 0.740402, -0.649379, -0.301738
0.529972, 0.305954, 0.650616, 0.282409
0.530172, 1.000000, -0.724704, 0.000000
0.530444, 0.089582, 0.786152, 0.100332
0.530663, 0.957938, -0.722232, -0.053139
0.530966, 0.240928, 0.714229, 0.244108
0.531025, 0.044225, 0.794536, 0.049941
0.531138, 0.915136, -0.716193, -0.106683
0.531803, 0.557072, -0.423383, -0.380314
0.532864, 0.000000, 0.799313, 0.000000
0.533407, 0.594211, -0.493532, -0.391185
0.533546, 0.477032, -0.154188, -0.245230
0.536373, 0.502298, -0.281999, -0.340896
0.536981, 0.264781, 0.697980, 0.255776
0.538230, 0.854778, -0.693428, -0.182086
0.538303, 0.328356, 0.624121, 0.278886
0.540596, 0.812735, -0.675646, -0.232000
0.540983, 0.171192, 0.767734, 0.179668
0.541217, 0.115604, 0.790101, 0.125137
0.541218, 0.384591, 0.521041, 0.259724
0.541692, 0.142733, 0.781229, 0.152029
0.541775, 0.529978, -0.363626, -0.383961
0.542970, 0.719541, -0.622271, -0.329920
0.543223, 0.066545, 0.804516, 0.072804
0.543728, 0.783684, -0.659523, -0.265793
0.544058, 0.978916, -0.706825, -0.027224
0.544319, 0.936346, -0.703104, -0.081911
0.544386, 0.618937, -0.525749, -0.400718
0.544405, 0.410914, 0.432486, 0.209634
0.544478, 0.892248, -0.695402, -0.137568
0.545017, 0.022048, 0.811549, 0.024192
0.545762, 0.694540, -0.601145, -0.353651
0.545839, 0.760093, -0.645011, -0.291659
0.545875, 0.197843, 0.756484, 0.200469
0.546600, 0.288838, 0.678107, 0.258109
0.546711, 0.575193, -0.461704, -0.413474
0.547346, 0.354449, 0.578080, 0.259590
0.549131, 0.643531, -0.551661, -0.393579
0.549332, 0.435896, 0.381316, 0.199309
0.550642, 0.223315, 0.742394, 0.216909
0.551303, 0.837249, -0.672066, -0.207067
0.552587, 0.668790, -0.574208, -0.379986
0.553357, 0.461337, -0.182741, -0.330382
0.554055, 0.089925, 0.810600, 0.095080
0.555678, 0.551427, -0.416545, -0.423876
0.555760, 0.248068, 0.725100, 0.228904
0.556518, 0.737666, -0.620721, -0.320876
0.556976, 0.044611, 0.822417, 0.047418
0.557066, 0.868024, -0.674211, -0.171065
0.557425, 0.914124, -0.683548, -0.112256
0.557435, 1.000000, -0.690278, 0.000000
0.557731, 0.957538, -0.688160, -0.055799
0.557736, 0.486851, -0.264242, -0.384824
0.557838, 0.308530, 0.655602, 0.248206
0.558102, 0.510995, -0.332135, -0.412469
0.558563, 0.598652, -0.493529, -0.425989
0.559743, 0.000000, 0.828382, 0.000000
0.560899, 0.332652, 0.617271, 0.243492
0.561542, 0.272798, 0.702425, 0.235606
0.561956, 0.799543, -0.646130, -0.255647
0.562817, 0.158400, 0.793630, 0.157427
0.564514, 0.132351, 0.806832, 0.133070
0.564544, 0.397143, 0.469191, 0.190070
0.564586, 0.371444, 0.530776, 0.212835
0.565526, 0.183873, 0.781483, 0.177377
0.565863, 0.110205, 0.816098, 0.111998
0.566332, 0.711527, -0.594813, -0.353112
0.567765, 0.623703, -0.518712, -0.424774
0.567923, 0.820497, -0.646700, -0.232711
0.568450, 0.687607, -0.576093, -0.377255
0.568473, 0.776947, -0.628544, -0.284364
0.568764, 0.068015, 0.830553, 0.069634
0.569613, 0.530004, -0.382457, -0.449554
0.569851, 0.891336, -0.663683, -0.143883
0.569856, 0.421279, 0.331464, 0.102560
0.570513, 0.209477, 0.767181, 0.192925
0.570903, 0.022036, 0.838578, 0.022655
0.570917, 0.935701, -0.669192, -0.085836
0.570931, 0.576434, -0.458782, -0.449473
0.571167, 0.978812, -0.672012, -0.028394
0.572583, 0.649297, -0.540674, -0.412088
0.572820, 0.754275, -0.612455, -0.311888
0.573445, 0.447111, -0.233791, -0.438792
0.573559, 0.846934, -0.648340, -0.201684
0.575279, 0.348631, 0.579754, 0.208250
0.575498, 0.234946, 0.748585, 0.204100
0.576842, 0.473882, -0.252774, -0.426567
0.576906, 0.291101, 0.683746, 0.220811
0.579125, 0.554298, -0.424814, -0.466753
0.579845, 0.261122, 0.723065, 0.210895
0.580706, 0.728253, -0.590232, -0.344455
0.580760, 0.502728, -0.329419, -0.461617
0.580808, 0.090770, 0.836543, 0.088981
0.581500, 0.318895, 0.639931, 0.213058
0.582126, 0.671044, -0.551069, -0.402177
0.582181, 0.045095, 0.847726, 0.044689
0.582444, 0.601598, -0.485659, -0.453359
0.583116, 0.870148, -0.642667, -0.174446
0.583519, 0.913429, -0.649928, -0.117111
0.584488, 0.957377, -0.653336, -0.057984
0.584542, 1.000000, -0.654876, 0.000000
0.585216, 0.144735, 0.819139, 0.135084
0.585934, 0.385724, 0.509536, 0.180605
0.586542, 0.170900, 0.805809, 0.154983
0.586920, 0.000000, 0.855912, 0.000000
0.587402, 0.798408, -0.615515, -0.266672
0.589762, 0.116787, 0.835857, 0.109610
0.589982, 0.699428, -0.563516, -0.380619
0.590021, 0.824804, -0.621156, -0.234515
0.590441, 0.628287, -0.507584, -0.443933
0.590489, 0.196152, 0.790802, 0.169764
0.591626, 0.406912, 0.170436, -0.108724
0.592312, 0.529422, -0.383726, -0.489903
0.592768, 0.773279, -0.598467, -0.299058
0.593449, 0.365837, 0.540809, 0.169007
0.593853, 0.431438, -0.221279, -0.487768
0.594337, 0.067951, 0.855023, 0.064306
0.595289, 0.579612, -0.453855, -0.480286
0.595401, 0.221323, 0.771865, 0.179619
0.596211, 0.022269, 0.863160, 0.021236
0.596258, 0.748168, -0.583097, -0.330095
0.596455, 0.891672, -0.629124, -0.148357
0.596669, 0.457263, -0.231298, -0.464195
0.597207, 0.935726, -0.634645, -0.088641
0.598001, 0.341325, 0.571597, 0.154788
0.598182, 0.978589, -0.636204, -0.029649
0.598395, 0.483636, -0.298624, -0.491408
0.598865, 0.651292, -0.520250, -0.432160
0.599101, 0.849684, -0.616598, -0.204911
0.599316, 0.273960, 0.710833, 0.189451
0.599431, 0.246787, 0.746391, 0.184794
0.600352, 0.554814, -0.420871, -0.497522
0.600428, 0.297908, 0.672242, 0.185218
0.602343, 0.721248, -0.563053, -0.364215
0.604550, 0.091539, 0.857355, 0.082618
0.604786, 0.510097, -0.352410, -0.511598
0.605306, 0.607834, -0.477627, -0.473357
0.605416, 0.677278, -0.533028, -0.412436
0.605682, 0.319872, 0.629067, 0.168019
0.607028, 0.135608, 0.840906, 0.117518
0.607446, 0.045824, 0.871148, 0.041783
0.608104, 0.160820, 0.827323, 0.134875
0.609657, 0.914401, -0.615347, -0.119440
0.609882, 0.869654, -0.607707, -0.180826
0.611189, 0.809097, -0.589833, -0.261317
0.611352, 0.956924, -0.617279, -0.060443
0.611441, 1.000000, -0.618739, 0.000000
0.611488, 0.185268, 0.812059, 0.147788
0.612333, 0.386513, 0.185041, -0.158771
0.613669, 0.786663, -0.578300, -0.290572
0.613933, 0.832889, -0.592673, -0.230850
0.614432, 0.000000, 0.881481, 0.000000
0.614921, 0.413327, -0.173629, -0.504178
0.615896, 0.111005, 0.859371, 0.094787
0.615934, 0.209662, 0.792644, 0.156001
0.615951, 0.699441, -0.535689, -0.395721
0.616073, 0.630719, -0.488677, -0.464015
0.616850, 0.439389, -0.206199, -0.500340
0.617031, 0.537665, -0.392413, -0.525736
0.617298, 0.359910, 0.610005, 0.198553
0.617701, 0.589126, -0.450698, -0.498760
0.617824, 0.763745, -0.564237, -0.320696
0.619352, 0.740887, -0.552974, -0.349618
0.619790, 0.464928, -0.272654, -0.530538
0.619947, 0.069944, 0.876820, 0.060037
0.620321, 0.234344, 0.766636, 0.158175
0.620345, 0.022632, 0.884860, 0.019855
0.620364, 0.565682, -0.424853, -0.516699
0.620906, 0.489472, -0.320107, -0.539641
0.621521, 0.260260, 0.732358, 0.159382
0.622077, 0.893355, -0.595182, -0.150441
0.622390, 0.657392, -0.502409, -0.443551
0.623276, 0.285240, 0.687798, 0.149016
0.624151, 0.935155, -0.598095, -0.092117
0.624439, 0.335966, 0.542563, 0.079729
0.624995, 0.978270, -0.599696, -0.030991
0.626661, 0.309379, 0.640956, 0.133687
0.627537, 0.515337, -0.360267, -0.547928
0.627969, 0.721016, -0.533487, -0.377474
0.629835, 0.849559, -0.575492, -0.212213
0.630038, 0.151565, 0.847205, 0.115514
0.630795, 0.128902, 0.861291, 0.100731
0.631783, 0.048435, 0.891176, 0.040055
0.632164, 0.091079, 0.879649, 0.073176
0.632191, 0.680227, -0.506505, -0.425790
0.632630, 0.610049, -0.457790, -0.495801
0.633150, 0.175457, 0.831224, 0.125687
0.633609, 0.872314, -0.575856, -0.181794
0.634998, 0.821878, -0.562712, -0.251510
0.635526, 0.398545, -0.163905, -0.548913
0.636557, 0.797640, -0.552632, -0.283988
0.636765, 0.913109, -0.578100, -0.124725
0.636941, 0.373003, -0.046077, -0.450219
0.637123, 0.199217, 0.811029, 0.132165
0.638075, 1.000000, -0.582060, 0.000000
0.638112, 0.956248, -0.580437, -0.063133
0.638306, 0.424754, -0.195989, -0.546689
0.638445, 0.638978, -0.474004, -0.473073
0.639811, 0.773752, -0.540458, -0.316278
0.640154, 0.555824, -0.402521, -0.543828
0.640804, 0.448812, -0.251059, -0.568488
0.641122, 0.584080, -0.429021, -0.524752
0.641632, 0.025280, 0.902254, 0.020330
0.641748, 0.222844, 0.784839, 0.131723
0.642132, 0.534212, -0.378558, -0.558887
0.642140, 0.748689, -0.528324, -0.349650
0.642292, 0.000000, 0.904625, 0.000000
0.643092, 0.701589, -0.505623, -0.407401
0.643406, 0.498018, -0.333288, -0.575091
0.643635, 0.474453, -0.297557, -0.578383
0.643942, 0.247998, 0.748238, 0.127100
0.644084, 0.349481, 0.392878, -0.051904
0.645155, 0.110977, 0.880295, 0.082046
0.645577, 0.272487, 0.706649, 0.118586
0.647604, 0.071203, 0.897801, 0.053532
0.647733, 0.323820, 0.613962, 0.100740
0.647881, 0.297301, 0.636362, 0.081868
0.648971, 0.663131, -0.478251, -0.454384
0.649349, 0.890390, -0.557233, -0.158909
0.649868, 0.726236, -0.509177, -0.380987
0.650754, 0.933655, -0.561086, -0.096791
0.651488, 0.977968, -0.562751, -0.032269
0.653104, 0.621451, -0.447280, -0.500484
0.653307, 0.837765, -0.542337, -0.234352
0.653651, 0.160831, 0.852566, 0.103884
0.653794, 0.136963, 0.870435, 0.092325
0.655265, 0.863834, -0.544385, -0.197806
0.656204, 0.049434, 0.909378, 0.036173
0.656837, 0.516582, -0.352270, -0.585542
0.657507, 0.384188, -0.116392, -0.557068
0.658157, 0.186630, 0.829764, 0.107533
0.658338, 0.411552, -0.181298, -0.583371
0.658655, 0.811731, -0.527530, -0.271415
0.659495, 0.568174, -0.400306, -0.553215
0.659955, 0.598956, -0.424806, -0.527265
0.660475, 0.685846, -0.477408, -0.434663
0.660614, 0.092449, 0.898661, 0.063348
0.661824, 0.787081, -0.516148, -0.305863
0.662592, 0.022956, 0.918569, 0.016463
0.662927, 0.909845, -0.541091, -0.132666
0.662975, 0.460935, -0.277013, -0.610346
0.663368, 0.210017, 0.803406, 0.105271
0.664015, 0.762080, -0.505804, -0.340607
0.664269, 0.955450, -0.543619, -0.065925
0.664350, 0.435714, -0.236316, -0.611030
0.664392, 0.645136, -0.450849, -0.483209
0.664445, 1.000000, -0.544928, 0.000000
0.664890, 0.360780, -0.112356, -0.594953
0.665713, 0.235436, 0.762734, 0.095718
0.666021, 0.541891, -0.372721, -0.579614
0.666204, 0.490628, -0.316862, -0.608139
0.668571, 0.710290, -0.478862, -0.408630
0.668717, 0.260332, 0.719966, 0.084282
0.668887, 0.738261, -0.490060, -0.373388
0.669149, 0.337062, 0.093141, -0.407193
0.669508, 0.118708, 0.889942, 0.073621
0.669649, 0.284337, 0.628889, 0.025534
0.669794, 0.310428, 0.652785, 0.098835
0.670197, 0.000000, 0.924134, 0.000000
0.673256, 0.883033, -0.522976, -0.173364
0.674570, 0.851470, -0.515482, -0.219432
0.675673, 0.170391, 0.850696, 0.087884
0.675723, 0.072259, 0.915834, 0.045545
0.676086, 0.668609, -0.450458, -0.462998
0.676101, 0.932051, -0.525061, -0.101489
0.676513, 0.622291, -0.424072, -0.515276
0.676790, 0.396875, -0.168816, -0.621034
0.676935, 0.583405, -0.397526, -0.553783
0.677119, 0.145862, 0.874483, 0.080755
0.677587, 0.977628, -0.525588, -0.033572
0.677603, 0.045830, 0.924299, 0.029239
0.678404, 0.826583, -0.504358, -0.255646
0.678831, 0.516183, -0.338452, -0.609020
0.681790, 0.472509, -0.290464, -0.634549
0.683335, 0.801357, -0.491143, -0.292376
0.683957, 0.559940, -0.374050, -0.581006
0.684249, 0.373192, -0.119575, -0.617353
0.684815, 0.195070, 0.822071, 0.078685
0.684826, 0.099337, 0.908493, 0.056158
0.685205, 0.419843, -0.216700, -0.647870
0.685876, 0.775219, -0.480952, -0.329981
0.686519, 0.907344, -0.507387, -0.139309
0.686576, 0.019419, 0.934377, 0.011719
0.686668, 0.221463, 0.782233, 0.070644
0.686694, 0.693939, -0.449568, -0.437262
0.687540, 0.448328, -0.257615, -0.649127
0.688849, 0.603351, -0.399395, -0.542328
0.688910, 0.645329, -0.423559, -0.496984
0.689243, 0.723382, -0.457963, -0.400353
0.689510, 0.750460, -0.467386, -0.364626
0.689789, 0.954669, -0.507004, -0.068632
0.690066, 0.247318, 0.718963, 0.038440
0.690553, 1.000000, -0.507469, 0.000000
0.690884, 0.323487, -0.031413, -0.586825
0.691278, 0.865503, -0.494034, -0.201956
0.691822, 0.296144, 0.607626, 0.016210
0.691969, 0.494885, -0.311005, -0.635772
0.692088, 0.537074, -0.348307, -0.606445
0.692538, 0.349000, -0.078415, -0.622141
0.693107, 0.125764, 0.894961, 0.061823
0.693957, 0.272702, 0.689910, 0.039111
0.697108, 0.170554, 0.852963, 0.065802
0.699210, 0.061468, 0.931866, 0.031933
0.699438, 0.395494, -0.178337, -0.667231
0.699594, 0.000000, 0.941857, 0.000000
0.699596, 0.841149, -0.477556, -0.239224
0.699883, 0.037794, 0.938663, 0.020135
0.699951, 0.668027, -0.421569, -0.475433
0.700112, 0.886403, -0.484905, -0.172374
0.700650, 0.931100, -0.489615, -0.105136
0.701489, 0.149854, 0.875851, 0.060171
0.701872, 0.580640, -0.372195, -0.574727
0.702350, 0.085425, 0.923178, 0.041230
0.702899, 0.624917, -0.396524, -0.527178
0.703325, 0.977333, -0.488269, -0.034788
0.703850, 0.817398, -0.466528, -0.274661
0.704625, 0.432437, -0.234208, -0.676164
0.704633, 0.470911, -0.279084, -0.662225
0.705249, 0.515305, -0.321049, -0.634633
0.706196, 0.789868, -0.456973, -0.315211
0.707906, 0.208656, 0.795848, 0.043390
0.708451, 0.711918, -0.428779, -0.422806
0.708637, 0.371081, -0.137573, -0.674947
0.708886, 0.558413, -0.350285, -0.600809
0.710218, 0.688054, -0.417044, -0.454446
0.710458, 0.111101, 0.910520, 0.045508
0.710673, 0.233471, 0.724319, 0.000193
0.711058, 0.764167, -0.442415, -0.352590
0.711196, 0.306651, -0.074338, -0.690046
0.711501, 0.186888, 0.827607, 0.044087
0.711947, 0.738872, -0.433340, -0.387741
0.712157, 0.908850, -0.470072, -0.139958
0.714421, 0.259585, 0.728684, 0.040344
0.714627, 0.412138, -0.205158, -0.692909
0.714780, 0.601743, -0.371121, -0.560324
0.714948, 0.330274, -0.047382, -0.649874
0.714959, 0.647525, -0.393556, -0.506837
0.715012, 0.954358, -0.470206, -0.070587
0.715555, 0.018916, 0.949668, 0.008507
0.715575, 0.861492, -0.458313, -0.212111
0.716467, 1.000000, -0.469653, 0.000000
0.716902, 0.452084, -0.254332, -0.685367
0.717675, 0.492175, -0.291973, -0.662506
0.718377, 0.536261, -0.326448, -0.627653
0.719293, 0.137114, 0.890191, 0.042790
0.719814, 0.351021, -0.101895, -0.683253
0.719884, 0.284934, 0.196098, -0.442639
0.722268, 0.043302, 0.947618, 0.017557
0.722745, 0.069595, 0.938081, 0.026483
0.724238, 0.884696, -0.449606, -0.178498
0.724550, 0.806352, -0.434736, -0.295843
0.724602, 0.165087, 0.855332, 0.032074
0.724803, 0.836634, -0.440600, -0.250977
0.724878, 0.388688, -0.171641, -0.708615
0.726087, 0.931777, -0.452203, -0.106258
0.727532, 0.670092, -0.387669, -0.484436
0.727672, 0.622350, -0.366942, -0.543482
0.727825, 0.095165, 0.925190, 0.030442
0.727830, 0.580101, -0.344794, -0.590758
0.728855, 0.000000, 0.955622, 0.000000
0.728964, 0.977534, -0.450486, -0.035227
0.730285, 0.779364, -0.419631, -0.336370
0.730663, 0.724034, -0.403132, -0.414291
0.730692, 0.513115, -0.299006, -0.657165
0.731112, 0.215565, 0.730746, -0.038997
0.731336, 0.432057, -0.226974, -0.709929
0.731472, 0.698105, -0.393004, -0.449421
0.731974, 0.471789, -0.265220, -0.689633
0.733413, 0.558392, -0.326333, -0.616346
0.733477, 0.242631, 0.764244, 0.032526
0.733978, 0.192498, 0.810855, 0.009922
0.734176, 0.310939, -0.023862, -0.679983
0.735611, 0.752529, -0.405085, -0.376286
0.735684, 0.121318, 0.905470, 0.027434
0.736625, 0.908222, -0.433924, -0.143709
0.737444, 0.365707, -0.139795, -0.726933
0.738468, 0.642886, -0.362899, -0.523322
0.739583, 0.267431, 0.163648, -0.521833
0.739947, 0.860809, -0.422639, -0.217288
0.740497, 0.955391, -0.432443, -0.070416
0.741010, 0.410615, -0.200116, -0.728932
0.741772, 0.600697, -0.339862, -0.575212
0.741868, 0.336001, -0.091245, -0.724738
0.742077, 0.023392, 0.958912, 0.006680
0.742176, 0.821279, -0.411742, -0.277218
0.742229, 0.052284, 0.950965, 0.014523
0.742496, 1.000000, -0.430975, 0.000000
0.742617, 0.148596, 0.873930, 0.016072
0.743239, 0.534385, -0.302144, -0.646611
0.745046, 0.492509, -0.272405, -0.685302
0.745193, 0.451181, -0.238948, -0.714337
0.746451, 0.078637, 0.938600, 0.016895
0.747653, 0.290544, -0.008518, -0.706738
0.748010, 0.884154, -0.414274, -0.182660
0.748648, 0.796489, -0.397222, -0.315765
0.748988, 0.389399, -0.173437, -0.743931
0.749732, 0.175354, 0.820140, -0.016154
0.750143, 0.661017, -0.354933, -0.504622
0.750689, 0.933003, -0.415579, -0.106393
0.751250, 0.684252, -0.361794, -0.474698
0.751639, 0.224893, 0.758812, -0.014677
0.751937, 0.732965, -0.375857, -0.407977
0.752309, 0.104883, 0.919345, 0.013506
0.753681, 0.842262, -0.398775, -0.247708
0.754004, 0.709136, -0.366125, -0.442100
0.754271, 0.622057, -0.334431, -0.555407
0.754580, 0.771324, -0.383109, -0.354525
0.754973, 0.579329, -0.314364, -0.605687
0.755194, 0.977830, -0.411252, -0.035494
0.755697, 0.000000, 0.963225, 0.000000
0.755958, 0.556294, -0.301782, -0.631690
0.757272, 0.513632, -0.276040, -0.675334
0.758332, 0.428684, -0.211480, -0.739863
0.758534, 0.248775, 0.179800, -0.550959
0.758588, 0.202113, 0.800396, -0.015346
0.758603, 0.354008, -0.125946, -0.758576
0.759084, 0.314622, -0.060892, -0.744546
0.759085, 0.472084, -0.246581, -0.711520
0.759921, 0.131180, 0.891425, 0.001994
0.760070, 0.910575, -0.398891, -0.142569
0.761920, 0.038615, 0.958955, 0.005382
0.764546, 0.375702, -0.154620, -0.766347
0.765264, 0.749166, -0.361149, -0.388468
0.765332, 0.062113, 0.949472, 0.006016
0.765711, 0.817664, -0.376418, -0.287646
0.766333, 0.271473, 0.014432, -0.731460
0.766354, 0.641882, -0.326909, -0.535398
0.766409, 0.955588, -0.393469, -0.071523
0.766694, 0.158237, 0.836222, -0.032828
0.768320, 0.863950, -0.380773, -0.216934
0.768729, 1.000000, -0.391415, 0.000000
0.768758, 0.405732, -0.185645, -0.761670
0.768782, 0.602016, -0.308358, -0.585856
0.769259, 0.535947, -0.277050, -0.660361
0.769926, 0.888519, -0.381197, -0.178497
0.769964, 0.088424, 0.931331, 0.001084
0.770969, 0.335883, -0.100495, -0.774182
0.771407, 0.450021, -0.221264, -0.737944
0.771547, 0.019615, 0.964494, 0.001786
0.772428, 0.493486, -0.249970, -0.702839
0.772549, 0.792660, -0.361358, -0.326965
0.772640, 0.668062, -0.327599, -0.503320
0.774656, 0.226560, 0.388085, -0.387756
0.774834, 0.694323, -0.332876, -0.468726
0.774972, 0.293726, -0.029283, -0.759001
0.775349, 0.183764, 0.811871, -0.041266
0.776020, 0.721525, -0.339055, -0.431562
0.776098, 0.932906, -0.377006, -0.108573
0.776977, 0.113100, 0.906589, -0.010489
0.778369, 0.561498, -0.279589, -0.637238
0.779164, 0.839364, -0.360399, -0.257039
0.780894, 0.769386, -0.343356, -0.362948
0.781744, 0.977602, -0.371093, -0.036625
0.781818, 0.584246, -0.285385, -0.612712
0.782501, 0.620985, -0.298575, -0.568114
0.783280, 0.516228, -0.252488, -0.687450
0.783366, 0.140892, 0.854715, -0.043617
0.783798, 0.386449, -0.160514, -0.784978
0.783940, 0.250477, 0.025052, -0.765830
0.784293, 0.000000, 0.965939, 0.000000
0.784435, 0.427425, -0.195122, -0.763881
0.785285, 0.471823, -0.225515, -0.731008
0.785286, 0.909519, -0.360346, -0.146890
0.785788, 0.360582, -0.133531, -0.795566
0.786368, 0.314986, -0.074025, -0.793981
0.786377, 0.069861, 0.942113, -0.007110
0.786728, 0.206525, 0.551916, -0.258961
0.787230, 0.043977, 0.957845, -0.002543
0.789204, 0.744677, -0.326034, -0.401963
0.789341, 0.647085, -0.298479, -0.536744
0.789432, 0.813778, -0.340113, -0.298321
0.791344, 0.882962, -0.348046, -0.190243
0.792201, 0.166019, 0.818037, -0.067234
0.792443, 0.954790, -0.353796, -0.074286
0.792969, 0.273350, -0.003813, -0.779214
0.793283, 0.542201, -0.254485, -0.664952
0.794120, 0.673918, -0.300033, -0.502158
0.794868, 1.000000, -0.351591, 0.000000
0.795028, 0.858972, -0.339431, -0.229053
0.795044, 0.093668, 0.920959, -0.020507
0.795756, 0.338010, -0.106605, -0.810588
0.796853, 0.406941, -0.171878, -0.786804
0.796964, 0.449151, -0.201198, -0.757412
0.797261, 0.700008, -0.302801, -0.466976
0.797768, 0.789005, -0.322449, -0.337440
0.798409, 0.122467, 0.876064, -0.046990
0.798500, 0.021641, 0.962646, -0.003601
0.798757, 0.494442, -0.226084, -0.718559
0.799598, 0.600352, -0.269717, -0.599890
0.800081, 0.722225, -0.304082, -0.435778
0.800257, 0.230229, 0.012844, -0.813892
0.801292, 0.930704, -0.338195, -0.114254
0.802492, 0.570103, -0.255295, -0.637210
0.802824, 0.294751, -0.049839, -0.814452
0.803621, 0.188766, 0.607903, -0.239456
0.804625, 0.834107, -0.320564, -0.269670
0.806001, 0.763821, -0.305427, -0.377684
0.806114, 0.627376, -0.270124, -0.567884
0.806522, 0.382500, -0.147435, -0.808407
0.806523, 0.518344, -0.229551, -0.698106
0.806692, 0.065448, 0.938167, -0.020924
0.808314, 0.976842, -0.330502, -0.038708
0.808395, 0.904492, -0.324560, -0.157778
0.808771, 0.147832, 0.819905, -0.093492
0.810404, 0.253959, 0.023140, -0.792644
0.810661, 0.472656, -0.203195, -0.745408
0.811434, 0.360165, -0.126041, -0.822380
0.811617, 0.000000, 0.961893, 0.000000
0.811660, 0.654938, -0.270557, -0.532838
0.812235, 0.426234, -0.175241, -0.785264
0.812809, 0.316305, -0.080543, -0.832643
0.814012, 0.042388, 0.952047, -0.013517
0.814182, 0.809037, -0.301228, -0.310064
0.814849, 0.878621, -0.311282, -0.200506
0.814862, 0.210602, 0.032522, -0.824688
0.815284, 0.544680, -0.230821, -0.672662
0.815553, 0.739126, -0.285106, -0.414819
0.815685, 0.682838, -0.272122, -0.495616
0.816284, 0.107283, 0.881024, -0.061881
0.817741, 0.952171, -0.314693, -0.080167
0.819498, 0.170617, 0.700332, -0.179804
0.819554, 0.085343, 0.918391, -0.036760
0.820168, 0.338002, -0.102471, -0.837565
0.820552, 1.000000, -0.312088, 0.000000
0.820790, 0.853549, -0.298567, -0.241673
0.820876, 0.448037, -0.180960, -0.772830
0.820976, 0.276914, -0.030673, -0.836168
0.822297, 0.587125, -0.236910, -0.624040
0.822362, 0.710672, -0.269180, -0.458159
0.822416, 0.783953, -0.284389, -0.350572
0.822992, 0.402583, -0.152302, -0.809404
0.823765, 0.129627, 0.840648, -0.094642
0.824830, 0.497307, -0.200948, -0.728215
0.824903, 0.925755, -0.301223, -0.124668
0.825024, 0.611160, -0.240665, -0.594548
0.826094, 0.021510, 0.953804, -0.010103
0.826749, 0.563482, -0.223798, -0.654616
0.826854, 0.233912, 0.056777, -0.796518
0.828261, 0.524378, -0.208199, -0.700202
0.829817, 0.636622, -0.241118, -0.562385
0.830232, 0.828357, -0.279605, -0.282833
0.831052, 0.299649, -0.061648, -0.854536
0.831112, 0.759357, -0.265853, -0.388218
0.831745, 0.377481, -0.129926, -0.831250
0.831922, 0.899185, -0.287206, -0.169316
0.831929, 0.061999, 0.925686, -0.039257
0.832692, 0.192125, 0.024084, -0.863937
0.834045, 0.662559, -0.241523, -0.528176
0.834124, 0.472176, -0.180822, -0.757197
0.834131, 0.973478, -0.290728, -0.045315
0.836412, 0.152052, 0.734822, -0.176070
0.837026, 0.687978, -0.242769, -0.493168
0.837238, 0.256905, -0.010124, -0.853666
0.837990, 0.352971, -0.109004, -0.848602
0.838329, 0.733668, -0.250268, -0.428145
0.838776, 0.872818, -0.272902, -0.213334
0.838828, 0.423140, -0.152718, -0.803967
0.838863, 0.000000, 0.949947, 0.000000
0.839207, 0.803338, -0.261737, -0.323788
0.840048, 0.324684, -0.085414, -0.860943
0.840848, 0.107202, 0.837883, -0.116426
0.841743, 0.946293, -0.276758, -0.091803
0.842078, 0.214317, 0.078524, -0.806585
0.842231, 0.447800, -0.162144, -0.783739
0.842256, 0.042529, 0.936953, -0.027533
0.842882, 0.083867, 0.894840, -0.066679
0.843777, 0.544029, -0.197026, -0.683157
0.844523, 1.000000, -0.275291, 0.000000
0.846086, 0.847162, -0.257462, -0.255597
0.847048, 0.514414, -0.183550, -0.718349
0.847055, 0.595756, -0.207713, -0.620846
0.847125, 0.172256, 0.032853, -0.878493
0.847506, 0.571506, -0.200523, -0.651245
0.847539, 0.711411, -0.232109, -0.461780
0.847553, 0.130549, 0.862123, -0.077297
0.847597, 0.778734, -0.244009, -0.362111
0.848020, 0.396769, -0.131521, -0.829178
0.848417, 0.919385, -0.263554, -0.137783
0.848623, 0.278202, -0.039387, -0.874383
0.850118, 0.619993, -0.209626, -0.589961
0.850690, 0.489351, -0.170686, -0.746645
0.853215, 0.020362, 0.936852, -0.016823
0.854060, 0.238619, 0.003562, -0.873121
0.854091, 0.644077, -0.209504, -0.558281
0.855494, 0.892330, -0.248834, -0.183725
0.855631, 0.753461, -0.227486, -0.401899
0.856078, 0.821706, -0.238000, -0.297849
0.856156, 0.300571, -0.060900, -0.881054
0.856990, 0.371001, -0.110987, -0.852145
0.857528, 0.667487, -0.209312, -0.526353
0.857565, 0.980656, -0.252544, -0.033711
0.859114, 0.066227, 0.888876, -0.075754
0.859874, 0.689804, -0.209925, -0.494782
0.859968, 0.464971, -0.152128, -0.775201
0.860689, 0.346178, -0.094207, -0.868701
0.861504, 0.195317, 0.109652, -0.807127
0.861896, 0.959903, -0.246045, -0.070022
0.862806, 0.438413, -0.139160, -0.802066
0.862916, 0.322249, -0.076462, -0.880507
0.862966, 0.865872, -0.232984, -0.227897
0.864377, 0.147441, 0.186928, -0.746045
0.864471, 0.729696, -0.209901, -0.438082
0.864509, 0.413805, -0.127013, -0.824421
0.864580, 0.093832, 0.851230, -0.112258
0.864968, 0.797434, -0.219720, -0.336256
0.865229, 0.531824, -0.167647, -0.703824
0.865914, 0.259125, -0.020896, -0.891455
0.866600, 0.000000, 0.927651, 0.000000
0.866834, 0.118591, 0.791300, -0.157823
0.866874, 0.219613, 0.025276, -0.877972
0.867324, 0.936365, -0.235440, -0.111094
0.867474, 0.041358, 0.912767, -0.044660
0.867733, 0.556622, -0.171128, -0.674891
0.869653, 0.171183, 0.150868, -0.784725
0.869847, 0.505383, -0.154859, -0.735558
0.870388, 0.582466, -0.173862, -0.643060
0.871115, 0.840075, -0.216475, -0.270999
0.871867, 1.000000, -0.231027, 0.000000
0.872011, 0.607045, -0.177045, -0.611544
0.872275, 0.910855, -0.224255, -0.155121
0.872382, 0.772510, -0.204404, -0.375727
0.873394, 0.387131, -0.107756, -0.850081
0.874619, 0.706767, -0.190982, -0.473020
0.875570, 0.631487, -0.176942, -0.579362
0.876260, 0.283885, -0.043701, -0.901662
0.877332, 0.481704, -0.139489, -0.763964
0.879282, 0.655818, -0.175986, -0.546394
0.879548, 0.884337, -0.208495, -0.200021
0.880910, 0.021089, 0.908016, -0.026468
0.881398, 0.747255, -0.186639, -0.414621
0.881892, 0.680464, -0.176170, -0.511979
0.882469, 0.060230, 0.858266, -0.099912
0.882967, 0.815058, -0.193391, -0.311381
0.882987, 0.360944, -0.088594, -0.873386
0.883180, 0.307216, -0.058552, -0.900911
0.883539, 0.333932, -0.074288, -0.889439
0.883993, 0.238088, -0.002273, -0.906376
0.884034, 0.977782, -0.211214, -0.040040
0.884157, 0.456123, -0.124435, -0.792983
0.885001, 0.082100, 0.866710, -0.097171
0.885247, 0.431919, -0.115651, -0.816871
0.887079, 0.209330, 0.018809, -0.906882
0.887473, 0.132363, 0.112329, -0.841694
0.887603, 0.858522, -0.191993, -0.243544
0.888133, 0.954370, -0.203885, -0.081979
0.888175, 0.521636, -0.137817, -0.721725
0.888351, 0.184911, 0.051729, -0.888151
0.888418, 0.405685, -0.103400, -0.841639
0.889039, 0.106301, 0.606312, -0.349966
0.889714, 0.157158, 0.112036, -0.841259
0.890326, 0.543765, -0.140065, -0.695533
0.890488, 0.264572, -0.026298, -0.915099
0.890648, 0.790837, -0.177971, -0.350128
0.890935, 0.723035, -0.168769, -0.451884
0.891632, 0.929136, -0.195232, -0.126611
0.891726, 0.568251, -0.143220, -0.665563
0.893826, 0.000000, 0.898032, 0.000000
0.894111, 0.593780, -0.144757, -0.633288
0.895467, 0.499512, -0.123909, -0.749606
0.895565, 0.903227, -0.184623, -0.170911
0.896084, 0.041746, 0.858387, -0.081891
0.896337, 0.834098, -0.174060, -0.283216
0.896757, 0.765312, -0.165013, -0.389454
0.896793, 0.619074, -0.145322, -0.600200
0.897790, 1.000000, -0.191289, 0.000000
0.898903, 0.381166, -0.085639, -0.865748
0.899014, 0.698146, -0.153258, -0.489234
0.900454, 0.644516, -0.143982, -0.565863
0.902063, 0.473917, -0.110325, -0.779629
0.902909, 0.670370, -0.143930, -0.529779
0.903950, 0.341863, -0.066583, -0.895162
0.904060, 0.291744, -0.042314, -0.919906
0.904074, 0.876980, -0.166914, -0.215538
0.906065, 0.423823, -0.093378, -0.831134
0.906076, 0.317278, -0.054292, -0.910162
0.907194, 0.739174, -0.145728, -0.430026
0.907446, 0.066320, 0.849181, -0.102694
0.908009, 0.221724, 0.008388, -0.925033
0.908303, 0.021864, 0.850079, -0.056006
0.909223, 0.245729, -0.012114, -0.930800
0.909335, 0.973592, -0.171970, -0.049623
0.909413, 0.447981, -0.096429, -0.808308
0.910210, 0.807475, -0.148479, -0.326850
0.910561, 0.090366, 0.456122, -0.503159
0.910840, 0.195801, 0.031530, -0.916762
0.910909, 0.169632, 0.059622, -0.897865
0.910921, 0.116991, 0.085286, -0.878279
0.911351, 0.142672, 0.108436, -0.855199
0.911796, 0.360885, -0.068802, -0.885569
0.912046, 0.946278, -0.164357, -0.099772
0.912115, 0.523603, -0.109031, -0.724997
0.913175, 0.551014, -0.112395, -0.692062
0.913241, 0.270300, -0.027701, -0.931039
0.913877, 0.855342, -0.147537, -0.251310
0.914007, 0.400595, -0.079338, -0.854642
0.914859, 0.577971, -0.114389, -0.657855
0.915080, 0.919639, -0.154364, -0.146103
0.915313, 0.781829, -0.137340, -0.366219
0.917032, 0.715786, -0.127988, -0.465854
0.917211, 0.496031, -0.097990, -0.757748
0.917496, 0.604723, -0.114545, -0.622762
0.918514, 0.830382, -0.136939, -0.291074
0.918611, 0.893746, -0.144245, -0.189579
0.920265, 0.756363, -0.126921, -0.405301
0.920448, 0.000000, 0.836159, 0.000000
0.920546, 0.631409, -0.113607, -0.586770
0.920907, 0.687902, -0.119219, -0.506820
0.921940, 0.046361, 0.866844, -0.059407
0.922011, 1.000000, -0.154235, 0.000000
0.923236, 0.658908, -0.112792, -0.548564
0.925736, 0.468729, -0.083409, -0.790030
0.927830, 0.379135, -0.061893, -0.876726
0.927843, 0.334684, -0.049179, -0.909410
0.927921, 0.425028, -0.072511, -0.835146
0.928945, 0.309093, -0.039872, -0.924558
0.932005, 0.285569, -0.029568, -0.935972
0.932291, 0.233166, -0.005512, -0.946530
0.932341, 0.208019, 0.009857, -0.942926
0.932477, 0.072390, 0.372788, -0.576086
0.932700, 0.100562, 0.092692, -0.862643
0.933226, 0.873172, -0.117102, -0.225365
0.933246, 0.154824, 0.053702, -0.910670
0.933281, 0.181426, 0.029409, -0.931899
0.933411, 0.022728, 0.823237, -0.043876
0.933481, 0.127808, 0.100210, -0.861881
0.933553, 0.956619, -0.130507, -0.084764
0.933604, 0.980178, -0.132680, -0.039673
0.934123, 0.258339, -0.017762, -0.944980
0.934556, 0.537186, -0.083374, -0.711465
0.935090, 0.734472, -0.101799, -0.440240
0.935468, 0.930351, -0.121385, -0.131336
0.935548, 0.791774, -0.105559, -0.353047
0.935701, 0.563524, -0.085060, -0.678465
0.935912, 0.512082, -0.078405, -0.741821
0.936293, 0.447862, -0.068235, -0.813930
0.936688, 0.816512, -0.105912, -0.315287
0.936868, 0.356155, -0.048756, -0.897321
0.937369, 0.845737, -0.107023, -0.268889
0.937685, 0.590212, -0.085287, -0.643931
0.937850, 0.902968, -0.112393, -0.177012
0.938551, 0.400596, -0.057400, -0.860653
0.938848, 0.705363, -0.093654, -0.483054
0.939062, 0.764726, -0.097702, -0.394396
0.939508, 0.486467, -0.070662, -0.772144
0.940187, 0.617352, -0.084431, -0.607694
0.941165, 0.675767, -0.087848, -0.525815
0.942137, 0.645520, -0.084061, -0.568888
0.946293, 0.045905, 0.637436, -0.277538
0.946582, 0.000000, 0.784903, 0.000000
0.949551, 1.000000, -0.109339, 0.000000
0.951394, 0.423620, -0.049026, -0.841243
0.951973, 0.325992, -0.031238, -0.922188
0.953980, 0.300131, -0.024130, -0.937077
0.954741, 0.377736, -0.038941, -0.884120
0.954906, 0.088508, 0.056656, -0.873689
0.955130, 0.273578, -0.016819, -0.948580
0.955227, 0.467551, -0.050346, -0.795767
0.955228, 0.194200, 0.011473, -0.952457
0.955300, 0.220408, 0.000353, -0.957094
0.955341, 0.114396, 0.071956, -0.877049
0.955571, 0.167527, 0.025124, -0.940315
0.955571, 0.140972, 0.040780, -0.920155
0.955658, 0.886034, -0.079650, -0.207304
0.955943, 0.246452, -0.008715, -0.955812
0.956012, 0.943411, -0.087186, -0.112807
0.956452, 0.971737, -0.094592, -0.061816
0.956623, 0.859363, -0.075542, -0.249519
0.956934, 0.747424, -0.068366, -0.422253
0.956988, 0.548911, -0.055868, -0.699570
0.957176, 0.064713, 0.092665, -0.814791
0.957292, 0.915272, -0.079790, -0.159708
0.957315, 0.830790, -0.072447, -0.294510
0.957618, 0.720106, -0.065793, -0.462789
0.957643, 0.522564, -0.052848, -0.732258
0.957940, 0.350625, -0.031730, -0.905843
0.958128, 0.575806, -0.056393, -0.665001
0.958361, 0.803122, -0.069083, -0.337489
0.958502, 0.776498, -0.067325, -0.378050
0.958607, 0.024143, 0.749275, -0.070971
0.959266, 0.496220, -0.048525, -0.763728
0.959511, 0.691224, -0.061361, -0.505013
0.959886, 0.603261, -0.055836, -0.628552
0.960225, 0.661484, -0.058706, -0.547620
0.960819, 0.443322, -0.041659, -0.822375
0.961131, 0.631646, -0.055768, -0.589690
0.962125, 0.402653, -0.035752, -0.862755
0.972154, 0.000000, 0.895856, 0.000000
0.974027, 1.000000, -0.071197, 0.000000
0.975577, 0.045739, 0.031845, -0.815199
0.976275, 0.313130, -0.014016, -0.933725
0.977286, 0.951897, -0.048345, -0.102849
0.977296, 0.287025, -0.010356, -0.947501
0.977382, 0.898160, -0.041892, -0.190042
0.977668, 0.099873, 0.049894, -0.865657
0.977678, 0.260395, -0.006601, -0.957568
0.977704, 0.180316, 0.008878, -0.955839
0.977706, 0.206890, 0.002679, -0.962776
0.977799, 0.126689, 0.025957, -0.914849
0.977847, 0.925588, -0.043361, -0.146113
0.977862, 0.153530, 0.016760, -0.940328
0.977899, 0.479043, -0.025555, -0.785314
0.977944, 0.366137, -0.018097, -0.896496
0.977950, 0.338238, -0.015682, -0.917674
0.977998, 0.233469, -0.002357, -0.963051
0.978068, 0.844097, -0.037847, -0.274988
0.978072, 0.871316, -0.039033, -0.232377
0.978409, 0.977288, -0.052495, -0.057737
0.978412, 0.760515, -0.034667, -0.403415
0.978698, 0.422802, -0.021462, -0.845147
0.978774, 0.732986, -0.033346, -0.444721
0.978863, 0.534687, -0.026932, -0.718682
0.978881, 0.561714, -0.027970, -0.684398
0.978882, 0.816544, -0.035502, -0.317655
0.979077, 0.073189, 0.065950, -0.814125
0.979162, 0.705106, -0.031979, -0.485851
0.979586, 0.676259, -0.030560, -0.527643
0.979630, 0.788570, -0.033449, -0.360624
0.979705, 0.589304, -0.027830, -0.648167
0.979773, 0.507321, -0.024635, -0.752109
0.979952, 0.647194, -0.029212, -0.568832
0.980192, 0.452276, -0.021525, -0.814631
0.980223, 0.392586, -0.018227, -0.874068
0.980489, 0.617849, -0.027623, -0.609547
0.982486, 0.020013, 0.316271, -0.524630
1.000000, 0.000000, 0.000000, 0.000000
1.000000, 0.030936, 0.000000, -0.800942
1.000000, 0.057655, 0.000000, -0.766602
1.000000, 0.085657, 0.000000, -0.860076
1.000000, 0.112697, 0.000000, -0.907159
1.000000, 0.139670, 0.000000, -0.933933
1.000000, 0.166581, 0.000000, -0.953025
1.000000, 0.193337, 0.000000, -0.963077
1.000000, 0.220045, 0.000000, -0.965986
1.000000, 0.246890, 0.000000, -0.962910
1.000000, 0.273566, 0.000000, -0.954875
1.000000, 0.300022, 0.000000, -0.942750
1.000000, 0.325974, 0.000000, -0.927483
1.000000, 0.352860, 0.000000, -0.908202
1.000000, 0.379982, 0.000000, -0.886068
1.000000, 0.408530, 0.000000, -0.859517
1.000000, 0.436563, 0.000000, -0.831887
1.000000, 0.465138, 0.000000, -0.800903
1.000000, 0.492364, 0.000000, -0.770384
1.000000, 0.520472, 0.000000, -0.736510
1.000000, 0.548014, 0.000000, -0.702408
1.000000, 0.575635, 0.000000, -0.666806
1.000000, 0.603888, 0.000000, -0.629009
1.000000, 0.632815, 0.000000, -0.589192
1.000000, 0.661550, 0.000000, -0.548995
1.000000, 0.690101, 0.000000, -0.508085
1.000000, 0.718336, 0.000000, -0.466836
1.000000, 0.746211, 0.000000, -0.425424
1.000000, 0.773780, 0.000000, -0.383923
1.000000, 0.801847, 0.000000, -0.340701
1.000000, 0.829313, 0.000000, -0.298560
1.000000, 0.856088, 0.000000, -0.257187
1.000000, 0.882475, 0.000000, -0.215914
1.000000, 0.907977, 0.000000, -0.175966
1.000000, 0.932670, 0.000000, -0.136646
1.000000, 0.955843, 0.000000, -0.099231
1.000000, 0.978099, 0.000000, -0.058884
1.000000, 1.000000, 0.000000, 0.000000
