0.000000, 0.000000, 0.000000, 0.000000
0.000000, 0.029021, 0.000000, 0.051378
0.000000, 0.056003, 0.000000, 0.079326
0.000000, 0.082472, 0.000000, 0.103700
0.000000, 0.109014, 0.000000, 0.127073
0.000000, 0.136105, 0.000000, 0.150371
0.000000, 0.164611, 0.000000, 0.174887
0.000000, 0.194376, 0.000000, 0.201524
0.000000, 0.222208, 0.000000, 0.225187
0.000000, 0.251923, 0.000000, 0.250907
0.000000, 0.281839, 0.000000, 0.277026
0.000000, 0.310797, 0.000000, 0.302670
0.000000, 0.337786, 0.000000, 0.325826
0.000000, 0.365748, 0.000000, 0.350182
0.000000, 0.393541, 0.000000, 0.373602
0.000000, 0.422563, 0.000000, 0.398855
0.000000, 0.450038, 0.000000, 0.422319
0.000000, 0.477148, 0.000000, 0.445317
0.000000, 0.504111, 0.000000, 0.467946
0.000000, 0.531347, 0.000000, 0.490753
0.000000, 0.558609, 0.000000, 0.513679
0.000000, 0.584626, 0.000000, 0.535106
0.000000, 0.610989, 0.000000, 0.556858
0.000000, 0.636910, 0.000000, 0.578156
0.000000, 0.662307, 0.000000, 0.598489
0.000000, 0.688824, 0.000000, 0.619673
0.000000, 0.715827, 0.000000, 0.641063
0.000000, 0.742847, 0.000000, 0.662356
0.000000, 0.769486, 0.000000, 0.683151
0.000000, 0.795477, 0.000000, 0.703196
0.000000, 0.820995, 0.000000, 0.722651
0.000000, 0.846479, 0.000000, 0.742118
0.000000, 0.872229, 0.000000, 0.762993
0.000000, 0.898064, 0.000000, 0.785233
0.000000, 0.923541, 0.000000, 0.809851
0.000000, 0.948427, 0.000000, 0.989905
0.000000, 0.973004, 0.000000, 1.417452
0.000000, 1.000000, 0.000000, 0.000000
0.018189, 0.178444, 0.018998, 0.187351
0.018281, 0.267328, 0.017838, 0.264355
0.018734, 0.236793, 0.018633, 0.237934
0.018896, 0.409359, 0.017360, 0.387055
0.019293, 0.984915, -0.809257, -0.041608
0.019452, 0.297296, 0.018721, 0.290659
0.019654, 0.019337, 0.034731, 0.034068
0.019874, 0.149502, 0.021530, 0.162159
0.020665, 0.544990, 0.018076, 0.501735
0.020922, 0.517765, 0.018482, 0.478965
0.021053, 0.350280, 0.019757, 0.336568
0.021135, 0.436918, 0.019215, 0.410624
0.021183, 0.729813, 0.017094, 0.651682
0.021238, 0.702259, 0.017392, 0.629967
0.021523, 0.463839, 0.019381, 0.433527
0.021614, 0.490545, 0.019274, 0.456086
0.021764, 0.379852, 0.020187, 0.361854
0.021802, 0.756596, 0.017277, 0.672421
0.021824, 0.597310, 0.018716, 0.545101
0.021913, 0.674763, 0.018185, 0.608113
0.022110, 0.121583, 0.025018, 0.137709
0.022149, 0.208174, 0.022535, 0.213518
0.022371, 0.885957, 0.013754, 0.761386
0.022583, 0.624419, 0.019175, 0.567430
0.022661, 0.912242, 0.015962, 0.772039
0.022725, 0.572255, 0.019694, 0.524554
0.022739, 0.044448, 0.033197, 0.065147
0.022768, 0.859830, 0.015997, 0.747308
0.022816, 0.783577, 0.017646, 0.692929
0.022823, 0.324628, 0.021704, 0.314655
0.023006, 0.095475, 0.027594, 0.114436
0.023281, 0.069970, 0.030243, 0.090845
0.023377, 0.937588, 0.144215, 0.874402
0.023454, 0.834113, 0.016930, 0.729719
0.023533, 0.808963, 0.017637, 0.711719
0.023741, 0.648317, 0.019934, 0.586812
0.023811, 0.961293, 0.035473, 0.735139
0.027795, 0.000000, 0.050311, 0.000000
0.032728, 1.000000, -0.770197, 0.000000
0.036759, 0.253549, 0.036112, 0.252254
0.037405, 0.282760, 0.036212, 0.277925
0.038200, 0.186654, 0.039349, 0.193478
0.038341, 0.400010, 0.035319, 0.379128
0.039483, 0.361481, 0.036904, 0.346025
0.040004, 0.161515, 0.042275, 0.171387
0.041235, 0.227539, 0.041198, 0.229656
0.041866, 0.557627, 0.036478, 0.512653
0.041888, 0.135269, 0.045791, 0.148336
0.041922, 0.716834, 0.034121, 0.641561
0.041932, 0.610503, 0.035780, 0.556007
0.042067, 0.531238, 0.037025, 0.490756
0.042143, 0.425026, 0.038497, 0.400842
0.042220, 0.688823, 0.034821, 0.619288
0.042281, 0.504629, 0.037569, 0.468437
0.042649, 0.309370, 0.040746, 0.301034
0.043108, 0.026966, 0.063115, 0.039250
0.043299, 0.451109, 0.039201, 0.423180
0.043413, 0.770163, 0.034432, 0.683086
0.043564, 0.743133, 0.034978, 0.662091
0.043582, 0.477199, 0.039089, 0.445268
0.044124, 0.660426, 0.036868, 0.596661
0.044142, 0.900916, 0.043121, 0.795097
0.044823, 0.874262, 0.034113, 0.762596
0.045194, 0.928399, 0.176094, 0.949316
0.045648, 0.978298, -0.987040, -0.169936
0.045654, 0.054995, 0.059461, 0.071960
0.045720, 0.107484, 0.052158, 0.123066
0.045957, 0.848114, 0.037543, 0.744664
0.046430, 0.585445, 0.040021, 0.535489
0.046816, 0.081883, 0.056380, 0.098974
0.046856, 0.797383, 0.036969, 0.704301
0.047154, 0.335929, 0.044497, 0.323713
0.047368, 0.954749, -0.461843, 0.314615
0.047404, 0.822351, 0.037768, 0.724002
0.049148, 0.633976, 0.041548, 0.575474
0.049440, 0.204381, 0.050111, 0.208819
0.050685, 0.382642, 0.046993, 0.364004
0.051706, 0.000000, 0.074287, 0.000000
0.056084, 0.268467, 0.054492, 0.264487
0.059642, 1.000000, -0.737264, 0.000000
0.061108, 0.176389, 0.063041, 0.183307
0.061181, 0.245439, 0.060133, 0.244092
0.062059, 0.291743, 0.059653, 0.285006
0.062131, 0.409234, 0.057033, 0.386737
0.062153, 0.704678, 0.050822, 0.631502
0.062621, 0.676033, 0.051903, 0.608490
0.062828, 0.357928, 0.058689, 0.342142
0.063155, 0.566832, 0.054773, 0.519369
0.063188, 0.150920, 0.066868, 0.160742
0.063369, 0.491674, 0.056495, 0.456694
0.063456, 0.124141, 0.069264, 0.136280
0.063850, 0.607850, 0.054518, 0.553479
0.064253, 0.517996, 0.056747, 0.478739
0.064449, 0.542662, 0.056401, 0.499210
0.064835, 0.436996, 0.058936, 0.410446
0.065005, 0.916045, 0.109026, 0.845392
0.065082, 0.756590, 0.051638, 0.671997
0.065652, 0.729700, 0.052939, 0.651048
0.065684, 0.782337, 0.051111, 0.691416
0.065933, 0.463256, 0.059347, 0.432574
0.066168, 0.020295, 0.086450, 0.026623
0.066303, 0.889203, 0.058880, 0.781358
0.066808, 0.316489, 0.063541, 0.306706
0.066952, 0.221048, 0.066717, 0.222510
0.067097, 0.945212, -0.796117, -0.048935
0.067411, 0.043396, 0.085673, 0.054591
0.067822, 0.863042, 0.033794, 0.735237
0.068497, 0.650547, 0.057438, 0.587955
0.069047, 0.069167, 0.082747, 0.082916
0.069561, 0.837080, 0.046299, 0.726193
0.070399, 0.974915, -0.872984, -0.073019
0.070706, 0.095641, 0.080144, 0.108658
0.071761, 0.811158, 0.053824, 0.711980
0.072791, 0.195719, 0.073671, 0.199814
0.073150, 0.382082, 0.067639, 0.362477
0.074854, 0.585490, 0.064474, 0.534779
0.075997, 0.338155, 0.071576, 0.325124
0.077068, 0.627354, 0.065254, 0.568835
0.078350, 0.000000, 0.099687, 0.000000
0.079247, 0.268443, 0.076778, 0.263760
0.080655, 0.692213, 0.066279, 0.620455
0.083434, 0.480335, 0.074588, 0.446313
0.084089, 0.240144, 0.082567, 0.238603
0.084248, 0.402840, 0.077307, 0.380081
0.084316, 0.116180, 0.091747, 0.126759
0.085003, 0.929408, -0.852412, -0.121488
0.085197, 0.167845, 0.087776, 0.174140
0.085231, 0.141670, 0.090181, 0.150652
0.085237, 0.295351, 0.081509, 0.287058
0.085256, 1.000000, -0.747517, 0.000000
0.085453, 0.507308, 0.075679, 0.469047
0.085658, 0.426167, 0.078034, 0.400441
0.086042, 0.791631, 0.066737, 0.697094
0.086299, 0.558616, 0.075017, 0.511830
0.086780, 0.743334, 0.069435, 0.660458
0.087220, 0.668316, 0.072487, 0.601195
0.087519, 0.533456, 0.076803, 0.491001
0.087707, 0.903879, -0.043375, 0.661714
0.087801, 0.958216, -0.762024, -0.007106
0.088073, 0.715702, 0.071519, 0.638945
0.088291, 0.361273, 0.082313, 0.344684
0.089060, 0.451182, 0.080391, 0.421499
0.089299, 0.766739, 0.070438, 0.678114
0.089659, 0.878833, 0.201697, 0.897532
0.090262, 0.026085, 0.108619, 0.031374
0.090291, 0.603964, 0.077170, 0.549477
0.091002, 0.052791, 0.107115, 0.061811
0.091324, 0.215954, 0.090890, 0.217037
0.091484, 0.853920, 0.088315, 0.764757
0.092624, 0.079184, 0.104932, 0.089704
0.093492, 0.318899, 0.088439, 0.307207
0.093687, 0.829323, 0.069162, 0.723667
0.094440, 0.190778, 0.095405, 0.194224
0.095224, 0.645736, 0.079939, 0.582964
0.098998, 0.979956, -0.800788, -0.026330
0.099553, 0.577985, 0.085915, 0.527728
0.099717, 0.383591, 0.092120, 0.363432
0.100205, 0.254105, 0.097438, 0.250196
0.100937, 0.101106, 0.110120, 0.110345
0.101784, 0.807777, 0.077944, 0.708518
0.102186, 0.000000, 0.120145, 0.000000
0.102939, 0.690997, 0.084598, 0.618892
0.103137, 0.470945, 0.092447, 0.438038
0.103346, 0.341842, 0.096816, 0.326765
0.103482, 0.278518, 0.099548, 0.271806
0.104642, 0.942015, -0.762351, -0.030569
0.104760, 0.623694, 0.088760, 0.564991
0.105945, 0.496374, 0.094186, 0.459791
0.106334, 0.733476, 0.085399, 0.651801
0.107110, 0.127287, 0.113427, 0.135038
0.107576, 0.408672, 0.098459, 0.384715
0.107918, 0.152880, 0.111804, 0.159033
0.108476, 0.522705, 0.095580, 0.482079
0.109381, 0.918435, -0.890302, -0.179302
0.109556, 0.781986, 0.085428, 0.688899
0.109949, 0.432631, 0.099831, 0.405294
0.110044, 0.550254, 0.095974, 0.504908
0.111218, 0.231120, 0.109173, 0.229123
0.111936, 0.301134, 0.106590, 0.291428
0.111937, 0.894895, -0.583925, 0.094020
0.112044, 0.667361, 0.093081, 0.599841
0.112213, 0.176882, 0.113872, 0.180466
0.113718, 0.870985, 0.080343, 0.741549
0.113750, 1.000000, -0.755097, 0.000000
0.114168, 0.041166, 0.129222, 0.046224
0.114243, 0.756364, 0.090573, 0.669525
0.114591, 0.066130, 0.127675, 0.073208
0.114752, 0.019568, 0.130439, 0.022384
0.114869, 0.205076, 0.114565, 0.206075
0.115000, 0.599703, 0.098345, 0.545109
0.115051, 0.364628, 0.106807, 0.346095
0.115169, 0.711023, 0.093687, 0.634075
0.115887, 0.847067, 0.154052, 0.804506
0.116363, 0.961905, -0.763709, -0.026233
0.118244, 0.454013, 0.106517, 0.423028
0.120696, 0.323939, 0.113828, 0.311059
0.121138, 0.824318, 0.096357, 0.724700
0.121320, 0.644923, 0.101769, 0.581602
0.121363, 0.088597, 0.131638, 0.095875
0.121810, 0.258654, 0.117892, 0.253280
0.122916, 0.575286, 0.106087, 0.524851
0.124460, 0.389249, 0.114495, 0.367061
0.126015, 0.479781, 0.112481, 0.444621
0.126935, 0.112600, 0.134255, 0.118965
0.127419, 0.800214, 0.097844, 0.701353
0.127969, 0.688095, 0.105073, 0.615485
0.128623, 0.937858, -0.746544, -0.035315
0.128893, 0.505329, 0.114046, 0.466139
0.129048, 0.980522, -0.762705, -0.015462
0.129259, 0.000000, 0.144589, 0.000000
0.129632, 0.281273, 0.124119, 0.272929
0.130009, 0.732648, 0.104678, 0.650454
0.130339, 0.622313, 0.110345, 0.562935
0.130460, 0.138032, 0.135120, 0.143045
0.130920, 0.346487, 0.122355, 0.330326
0.131275, 0.530757, 0.115126, 0.487473
0.131453, 0.414123, 0.119872, 0.388265
0.132835, 0.162678, 0.135153, 0.165983
0.133330, 0.775470, 0.104704, 0.683038
0.133821, 0.913635, -0.761410, -0.071063
0.134123, 0.238932, 0.130779, 0.234987
0.134215, 0.189175, 0.134165, 0.189983
0.135111, 0.553930, 0.117455, 0.506475
0.135848, 0.889483, -0.904409, -0.239654
0.136232, 0.216628, 0.134223, 0.214872
0.136239, 0.051190, 0.147990, 0.055240
0.136873, 0.436869, 0.123817, 0.407457
0.137908, 0.865374, -0.380372, 0.254310
0.138029, 0.304760, 0.130822, 0.293249
0.138058, 0.665693, 0.114545, 0.597307
0.139276, 0.599672, 0.118941, 0.544055
0.139360, 0.023814, 0.152350, 0.026023
0.140847, 0.370509, 0.130439, 0.350807
0.141233, 0.709119, 0.114150, 0.630783
0.141711, 0.841753, 0.180962, 0.798076
0.141833, 0.752422, 0.112765, 0.664829
0.142091, 0.074626, 0.151906, 0.079313
0.142478, 1.000000, -0.744891, 0.000000
0.143226, 0.461362, 0.128452, 0.428002
0.143248, 0.957777, -0.747203, -0.032018
0.146795, 0.817700, 0.145742, 0.747363
0.147203, 0.259793, 0.141996, 0.253089
0.147362, 0.578257, 0.126811, 0.525797
0.147385, 0.643264, 0.123503, 0.578829
0.147559, 0.327733, 0.138542, 0.312952
0.147866, 0.098596, 0.155441, 0.103288
0.149061, 0.487043, 0.132462, 0.449412
0.149406, 0.395309, 0.137125, 0.371890
0.152054, 0.123487, 0.157056, 0.127270
0.152146, 0.512346, 0.133982, 0.470422
0.153058, 0.794155, 0.122365, 0.699186
0.153157, 0.933408, -0.737374, -0.048278
0.153806, 0.686809, 0.126109, 0.613019
0.154374, 0.000000, 0.166334, 0.000000
0.154565, 0.284341, 0.147535, 0.274581
0.154592, 0.148773, 0.157164, 0.151180
0.154916, 0.203442, 0.152731, 0.201458
0.155045, 0.175062, 0.155332, 0.175747
0.155486, 0.728855, 0.121803, 0.642720
0.156231, 0.620802, 0.132072, 0.560072
0.156663, 0.977459, -0.739229, -0.016914
0.156822, 0.535408, 0.136907, 0.489289
0.156903, 0.040269, 0.167039, 0.042573
0.157089, 0.351505, 0.146144, 0.333273
0.157297, 0.419433, 0.143138, 0.392296
0.157862, 0.907760, -0.728481, -0.062422
0.158213, 0.234305, 0.153823, 0.229374
0.158701, 0.771257, 0.120774, 0.674085
0.159409, 0.557252, 0.138065, 0.507392
0.159795, 0.883527, -0.758377, -0.112783
0.161802, 0.443399, 0.145995, 0.412481
0.162704, 0.859238, -0.889781, -0.272527
0.163799, 0.062289, 0.172312, 0.064965
0.164030, 0.307781, 0.155041, 0.294825
0.164039, 0.664131, 0.136118, 0.594504
0.165368, 0.598345, 0.140986, 0.541093
0.166162, 0.376264, 0.153189, 0.354380
0.166794, 0.834148, -0.302803, 0.283842
0.167355, 0.469039, 0.149659, 0.433985
0.168037, 0.020230, 0.177502, 0.021408
0.168453, 0.707116, 0.137257, 0.628565
0.168707, 0.747832, 0.124987, 0.650638
0.169114, 0.084688, 0.175714, 0.087340
0.169357, 1.000000, -0.727913, 0.000000
0.169743, 0.262462, 0.162923, 0.254065
0.169941, 0.953452, -0.727609, -0.035394
0.171976, 0.496101, 0.152357, 0.456667
0.173134, 0.810865, 0.243176, 0.810489
0.173351, 0.331656, 0.162316, 0.315332
0.173410, 0.575564, 0.149077, 0.521906
0.173457, 0.108841, 0.178264, 0.111285
0.173461, 0.641540, 0.145023, 0.575495
0.173762, 0.215554, 0.169583, 0.211187
0.174938, 0.401037, 0.159869, 0.375386
0.175051, 0.187624, 0.173172, 0.185862
0.176626, 0.134592, 0.179052, 0.135977
0.176642, 0.926067, -0.721669, -0.056287
0.177243, 0.160210, 0.177506, 0.160193
0.177436, 0.521517, 0.155727, 0.477611
0.179718, 0.286545, 0.170712, 0.274943
0.179840, 0.788246, 0.127314, 0.677867
0.180105, 0.684417, 0.148657, 0.610045
0.181667, 0.000000, 0.190541, 0.000000
0.181678, 0.243509, 0.175127, 0.236065
0.182138, 0.618750, 0.153781, 0.556614
0.182157, 0.043438, 0.189565, 0.044838
0.182172, 0.979942, -0.719616, -0.015311
0.182258, 0.356618, 0.169082, 0.336700
0.182281, 0.548326, 0.158232, 0.499017
0.182675, 0.900313, -0.713789, -0.073530
0.182893, 0.727404, 0.154616, 0.650328
0.183020, 0.425690, 0.165844, 0.396226
0.183489, 0.766221, 0.136554, 0.665396
0.183900, 0.876784, -0.722917, -0.103227
0.185307, 0.449808, 0.166472, 0.416499
0.186121, 0.849728, -0.693965, -0.098414
0.189310, 0.310611, 0.178111, 0.295722
0.189687, 0.477985, 0.168836, 0.440326
0.190365, 0.661570, 0.156735, 0.589426
0.190562, 0.067297, 0.196108, 0.068584
0.191208, 0.595562, 0.162882, 0.537283
0.191307, 0.381890, 0.175889, 0.358232
0.193470, 0.825474, -0.891681, -0.327364
0.193547, 0.962368, -0.709883, -0.028978
0.194325, 0.091229, 0.198001, 0.092121
0.194703, 0.225487, 0.188439, 0.218888
0.194936, 0.022423, 0.201169, 0.023069
0.195258, 0.704732, 0.161785, 0.626805
0.195313, 0.200241, 0.190910, 0.195846
0.195507, 0.940119, -0.708058, -0.046156
0.195605, 0.571597, 0.168159, 0.517407
0.195925, 0.266223, 0.186977, 0.255787
0.196113, 0.502994, 0.172975, 0.460992
0.196920, 0.118756, 0.198947, 0.119235
0.196959, 0.173813, 0.194569, 0.171358
0.197499, 0.747958, 0.201131, 0.700507
0.197581, 1.000000, -0.707255, 0.000000
0.197957, 0.336002, 0.184522, 0.317605
0.199565, 0.637914, 0.167024, 0.571006
0.199983, 0.801083, -0.255850, 0.275815
0.200053, 0.530875, 0.174741, 0.484234
0.200299, 0.407200, 0.182518, 0.379623
0.200491, 0.146052, 0.199797, 0.144888
0.202061, 0.915417, -0.702189, -0.065193
0.204291, 0.866341, -0.696081, -0.101797
0.205201, 0.289189, 0.193940, 0.275624
0.205207, 0.459213, 0.183535, 0.423281
0.205883, 0.774188, 0.412608, 0.922058
0.206548, 0.682484, 0.163291, 0.599827
0.206908, 0.361353, 0.191154, 0.339309
0.207343, 0.046642, 0.211895, 0.047211
0.207681, 0.613008, 0.175464, 0.550490
0.207790, 0.000000, 0.213509, 0.000000
0.208785, 0.433013, 0.188379, 0.400929
0.208991, 0.555754, 0.180733, 0.504073
0.209016, 0.725261, 0.165309, 0.635187
0.209391, 0.246164, 0.200887, 0.237020
0.209501, 0.891465, -0.695858, -0.084342
0.212096, 0.981279, -0.696575, -0.014611
0.212152, 0.843172, -0.697427, -0.129088
0.213462, 0.315322, 0.199836, 0.298298
0.214727, 0.483350, 0.190382, 0.443131
0.215630, 0.219354, 0.208290, 0.212000
0.215723, 0.099156, 0.216415, 0.098510
0.215910, 0.659060, 0.180461, 0.588410
0.216037, 0.585932, 0.184559, 0.528396
0.216175, 0.385836, 0.198006, 0.360058
0.216777, 0.071238, 0.218981, 0.071140
0.216952, 0.512787, 0.190333, 0.467588
0.217278, 0.958919, -0.691802, -0.032142
0.217573, 0.193445, 0.212118, 0.188147
0.218870, 0.168444, 0.214656, 0.164452
0.219663, 0.819353, -0.657015, -0.113007
0.219994, 0.934028, -0.689422, -0.051671
0.220359, 0.023394, 0.223501, 0.023564
0.220545, 0.124631, 0.219551, 0.123079
0.221596, 0.748163, 0.138769, 0.616274
0.222433, 0.341017, 0.206385, 0.320423
0.222503, 0.703501, 0.147445, 0.588893
0.223147, 0.267641, 0.212046, 0.255480
0.223405, 0.793395, -0.943968, -0.433177
0.224190, 0.634357, 0.187084, 0.566009
0.224808, 0.410388, 0.204201, 0.380814
0.224975, 0.537782, 0.195403, 0.487677
0.225772, 0.146415, 0.222903, 0.143588
0.225978, 0.456164, 0.202076, 0.419600
0.226045, 0.870393, -0.679542, -0.099672
0.226790, 1.000000, -0.685188, 0.000000
0.228086, 0.294529, 0.214484, 0.278861
0.228298, 0.910968, -0.682317, -0.069874
0.229843, 0.768465, -0.204753, 0.272198
0.230519, 0.609641, 0.194426, 0.545837
0.231256, 0.564219, 0.198560, 0.508656
0.232056, 0.047193, 0.233639, 0.046974
0.232339, 0.680522, 0.205484, 0.617733
0.232350, 0.364513, 0.213783, 0.340321
0.232532, 0.239141, 0.222510, 0.228994
0.233459, 0.000000, 0.235894, 0.000000
0.234183, 0.498030, 0.206269, 0.454072
0.234376, 0.726215, 0.106257, 0.558416
0.234525, 0.848218, -0.677934, -0.124188
0.235359, 0.432799, 0.212004, 0.399190
0.236636, 0.086685, 0.235794, 0.085305
0.236893, 0.212658, 0.228382, 0.204544
0.237502, 0.321455, 0.221275, 0.302167
0.238464, 0.953503, -0.675245, -0.036862
0.239029, 0.890673, -0.673572, -0.086643
0.240356, 0.185926, 0.232723, 0.179110
0.240367, 0.977639, -0.675291, -0.017763
0.240414, 0.655339, 0.194982, 0.577613
0.240606, 0.109986, 0.237966, 0.107552
0.240872, 0.476434, 0.213511, 0.435279
0.241151, 0.388418, 0.220053, 0.360492
0.241409, 0.587240, 0.204960, 0.526139
0.242639, 0.521114, 0.211970, 0.472936
0.242664, 0.827510, -0.648683, -0.117991
0.244314, 0.804762, -0.736189, -0.228533
0.244469, 0.163612, 0.238679, 0.158621
0.245599, 0.023221, 0.245601, 0.022977
0.246031, 0.931077, -0.669455, -0.054832
0.246459, 0.066664, 0.245437, 0.065532
0.247191, 0.255856, 0.234522, 0.242969
0.247460, 0.278862, 0.233005, 0.263470
0.247665, 0.135763, 0.242819, 0.131836
0.248323, 0.780111, -0.608619, -0.126016
0.248851, 0.343579, 0.229968, 0.320858
0.248873, 0.701754, 0.320050, 0.736001
0.248980, 0.631843, 0.206365, 0.560595
0.249165, 0.750157, -0.275163, 0.172550
0.249365, 0.545226, 0.215988, 0.492567
0.250722, 0.454288, 0.223887, 0.416241
0.250845, 0.411037, 0.227080, 0.379327
0.251293, 0.303718, 0.234788, 0.285388
0.251725, 0.868498, -0.661040, -0.103723
0.254036, 1.000000, -0.664691, 0.000000
0.254643, 0.609994, 0.214053, 0.543384
0.256243, 0.674153, 0.192557, 0.577028
0.256551, 0.910112, -0.660585, -0.071778
0.257238, 0.725989, 0.624130, 1.050070
0.257253, 0.228241, 0.245401, 0.217100
0.257346, 0.568316, 0.221129, 0.511114
0.257748, 0.367277, 0.236259, 0.340931
0.257962, 0.202572, 0.247531, 0.193369
0.258168, 0.500090, 0.226612, 0.453811
0.259056, 0.044574, 0.257280, 0.043704
0.259307, 0.000000, 0.258281, 0.000000
0.260415, 0.955847, -0.658287, -0.035442
0.261058, 0.845569, -0.653471, -0.123649
0.262083, 0.090180, 0.258217, 0.087565
0.262290, 0.432673, 0.235525, 0.396918
0.262893, 0.116893, 0.257237, 0.112946
0.264495, 0.154956, 0.256817, 0.149010
0.265756, 0.478457, 0.235039, 0.435346
0.265812, 0.323386, 0.246714, 0.302107
0.266409, 0.649085, 0.220649, 0.574337
0.266890, 0.767218, -0.531809, -0.073480
0.266944, 0.888754, -0.651716, -0.089432
0.266955, 0.524321, 0.231922, 0.472995
0.267202, 0.820378, -0.647438, -0.144016
0.267245, 0.389905, 0.243044, 0.359852
0.267511, 0.180911, 0.258286, 0.173266
0.267542, 0.592616, 0.228317, 0.530618
0.268199, 0.796131, -0.657830, -0.177894
0.268251, 0.978363, -0.653896, -0.017461
0.268970, 0.248564, 0.254603, 0.234777
0.271093, 0.293725, 0.253212, 0.275045
0.271633, 0.932642, -0.649835, -0.054371
0.272014, 0.022053, 0.268655, 0.021495
0.272062, 0.692038, 0.158448, 0.543300
0.272066, 0.271676, 0.256094, 0.255700
0.272927, 0.066737, 0.268600, 0.064690
0.274413, 0.456410, 0.244148, 0.415966
0.274576, 0.547593, 0.235809, 0.490918
0.274587, 0.347239, 0.252720, 0.322291
0.275392, 0.622454, 0.235933, 0.557917
0.276787, 0.740812, -0.999085, -0.578847
0.276850, 0.713463, 0.014111, 0.404852
0.277480, 0.136693, 0.269125, 0.130976
0.277505, 0.865587, -0.641751, -0.108248
0.277545, 0.411715, 0.250460, 0.377826
0.278587, 0.208805, 0.266173, 0.198120
0.281569, 1.000000, -0.643012, 0.000000
0.281645, 0.571977, 0.237916, 0.508516
0.282219, 0.670004, 0.230507, 0.587863
0.282575, 0.503016, 0.247587, 0.454726
0.282837, 0.107162, 0.275434, 0.102745
0.283509, 0.910221, -0.639844, -0.072818
0.284252, 0.369850, 0.259518, 0.341164
0.284989, 0.955516, -0.639387, -0.036186
0.285054, 0.231719, 0.270092, 0.218365
0.285054, 0.839298, -0.634148, -0.129576
0.285439, 0.043929, 0.280221, 0.042477
0.285876, 0.000000, 0.281310, 0.000000
0.286379, 0.308116, 0.265927, 0.286823
0.286740, 0.163907, 0.276267, 0.156164
0.287421, 0.786447, -0.625227, -0.169458
0.288043, 0.434002, 0.257816, 0.395939
0.288871, 0.762497, -0.612668, -0.178152
0.289041, 0.598976, 0.234431, 0.522636
0.289865, 0.481418, 0.255357, 0.435725
0.290073, 0.085487, 0.282784, 0.081966
0.290418, 0.644708, 0.250280, 0.578602
0.291515, 0.813647, -0.628657, -0.152024
0.292012, 0.526249, 0.253721, 0.473252
0.292615, 0.189367, 0.279900, 0.179355
0.292776, 0.330239, 0.270178, 0.306108
0.292842, 0.257824, 0.275428, 0.241587
0.292989, 0.887326, -0.631186, -0.091773
0.294213, 0.391619, 0.266511, 0.359093
0.295490, 0.978149, -0.632364, -0.017893
0.296874, 0.457529, 0.263332, 0.414857
0.297090, 0.283838, 0.277599, 0.264821
0.297617, 0.125429, 0.287622, 0.119340
0.297626, 0.693809, 0.205204, 0.562389
0.297738, 0.932217, -0.629383, -0.055463
0.298259, 0.721911, -0.560273, -0.176780
0.298611, 0.021448, 0.291742, 0.020611
0.298750, 0.550787, 0.258030, 0.493588
0.300603, 0.860108, -0.623636, -0.114093
0.300675, 0.063938, 0.292929, 0.061224
0.300970, 0.621485, 0.226707, 0.524053
0.302113, 0.352127, 0.276821, 0.324635
0.303875, 0.147904, 0.291918, 0.140062
0.303994, 0.213993, 0.288697, 0.201374
0.304024, 0.575830, 0.264211, 0.517528
0.304125, 0.413151, 0.273321, 0.376616
0.304271, 0.745447, -0.662585, -0.257749
0.305316, 0.666707, 0.278622, 0.614051
0.308522, 0.504957, 0.268829, 0.453409
0.308881, 1.000000, -0.621436, 0.000000
0.309144, 0.794786, -0.610917, -0.166321
0.309279, 0.835188, -0.615146, -0.134680
0.309376, 0.238680, 0.291278, 0.223046
0.309697, 0.104971, 0.299147, 0.099594
0.309794, 0.308409, 0.286972, 0.285635
0.310349, 0.955749, -0.619611, -0.036467
0.310394, 0.909002, -0.618827, -0.074862
0.311251, 0.771441, -0.599463, -0.177101
0.311336, 0.172571, 0.297524, 0.162756
0.312089, 0.374032, 0.283838, 0.342862
0.312578, 0.041585, 0.303735, 0.039700
0.312902, 0.000000, 0.304593, 0.000000
0.312991, 0.480008, 0.275155, 0.432344
0.313525, 0.599034, 0.283305, 0.548726
0.313550, 0.434674, 0.279521, 0.393924
0.315339, 0.879893, -0.613072, -0.098859
0.315768, 0.641776, 0.204012, 0.504835
0.315896, 0.264645, 0.295363, 0.246048
0.316220, 0.530481, 0.271676, 0.472403
0.317572, 0.084346, 0.307066, 0.080037
0.318834, 0.331856, 0.293085, 0.305532
0.319123, 0.456344, 0.282293, 0.411585
0.319176, 0.196078, 0.302855, 0.183792
0.319313, 0.813869, -0.606217, -0.153292
0.319415, 0.709494, -0.740170, -0.380151
0.322094, 0.395993, 0.290686, 0.360884
0.322208, 0.684443, -0.298434, 0.026813
0.322436, 0.128827, 0.309518, 0.121462
0.322517, 0.978261, -0.610714, -0.018037
0.322703, 0.555069, 0.270954, 0.488057
0.323263, 0.933398, -0.609130, -0.055188
0.323589, 0.288739, 0.300490, 0.267056
0.324182, 0.734267, -0.550593, -0.173474
0.325578, 0.855542, -0.603728, -0.119248
0.326201, 0.020270, 0.315615, 0.019229
0.327357, 0.061448, 0.316127, 0.058181
0.327531, 0.618471, 0.333594, 0.603448
0.328045, 0.577966, 0.265813, 0.498897
0.328797, 0.154123, 0.313451, 0.144508
0.328872, 0.354788, 0.300037, 0.324749
0.329563, 0.221301, 0.310960, 0.206439
0.329610, 0.759076, -0.605627, -0.210430
0.330568, 0.660488, 0.178817, 0.476028
0.330960, 0.895508, -0.601211, -0.086709
0.331782, 0.418375, 0.297026, 0.379042
0.332554, 0.491868, 0.290488, 0.440207
0.333030, 0.787343, -0.589291, -0.171939
0.333260, 0.244976, 0.311941, 0.227099
0.334591, 0.515633, 0.290328, 0.460175
0.335389, 0.108056, 0.321206, 0.101416
0.335467, 0.311864, 0.309286, 0.286713
0.336197, 1.000000, -0.599621, 0.000000
0.336529, 0.956482, -0.598828, -0.036310
0.336655, 0.833828, -0.593545, -0.137794
0.337058, 0.177592, 0.319763, 0.165868
0.338176, 0.466563, 0.297471, 0.418282
0.339348, 0.377651, 0.307245, 0.343671
0.339432, 0.916104, -0.595643, -0.069982
0.340205, 0.039851, 0.327594, 0.037591
0.340243, 0.596660, 0.255521, 0.494743
0.340434, 0.270165, 0.316494, 0.249165
0.340473, 0.441724, 0.302228, 0.397853
0.340735, 0.000000, 0.328639, 0.000000
0.341799, 0.540753, 0.296601, 0.482873
0.342147, 0.082467, 0.328302, 0.077465
0.342293, 0.872772, -0.591175, -0.105982
0.342309, 0.636401, 0.466176, 0.737672
0.342832, 0.811122, -0.586994, -0.156785
0.342893, 0.698479, -0.492850, -0.165959
0.343883, 0.202711, 0.323916, 0.188202
0.344250, 0.722484, -0.618182, -0.268410
0.345212, 0.334978, 0.315949, 0.306183
0.345859, 0.136032, 0.329652, 0.127109
0.348217, 0.566793, 0.313906, 0.517709
0.349192, 0.400769, 0.313678, 0.362606
0.349260, 0.676530, -0.704839, -0.398727
0.349703, 0.978586, -0.588739, -0.017988
0.350115, 0.745691, -0.560100, -0.195173
0.350917, 0.292080, 0.324095, 0.267879
0.351546, 0.937075, -0.586345, -0.052808
0.352056, 0.771292, -0.581911, -0.195187
0.353505, 0.850094, -0.581246, -0.125315
0.354031, 0.059622, 0.339005, 0.055815
0.354601, 0.020082, 0.340180, 0.018829
0.355371, 0.358204, 0.322791, 0.325479
0.355383, 0.158701, 0.336463, 0.147365
0.355711, 0.616636, 0.210136, 0.453659
0.355885, 0.653221, -0.544492, -0.277077
0.355928, 0.475919, 0.311403, 0.424198
0.356075, 0.894388, -0.581054, -0.088639
0.356086, 0.498873, 0.308714, 0.442774
0.356248, 0.250889, 0.331775, 0.230885
0.356298, 0.228089, 0.333723, 0.210659
0.358026, 0.425025, 0.318913, 0.382311
0.359081, 0.796622, -0.571440, -0.168361
0.359294, 0.099523, 0.342049, 0.092618
0.359982, 0.522029, 0.306143, 0.458009
0.360120, 0.121538, 0.342178, 0.112944
0.361282, 0.183633, 0.340465, 0.169963
0.361597, 0.590189, 0.358002, 0.569842
0.361677, 0.314728, 0.331798, 0.287062
0.363688, 1.000000, -0.577413, 0.000000
0.363761, 0.451915, 0.320859, 0.403983
0.364139, 0.825531, -0.571228, -0.146619
0.364343, 0.958328, -0.576406, -0.035195
0.365369, 0.709599, -0.537856, -0.219528
0.366056, 0.381912, 0.329905, 0.344941
0.366379, 0.545537, 0.292146, 0.459796
0.366613, 0.916265, -0.573745, -0.070703
0.367148, 0.271372, 0.339909, 0.248409
0.367542, 0.208605, 0.344035, 0.192002
0.368239, 0.871720, -0.570397, -0.108103
0.368651, 0.040118, 0.352084, 0.037408
0.368780, 0.000000, 0.352831, 0.000000
0.369231, 0.076857, 0.351740, 0.071478
0.370599, 0.688870, -0.592422, -0.296270
0.371222, 0.730868, -0.565923, -0.232832
0.371306, 0.337778, 0.338269, 0.306401
0.372537, 0.567208, 0.258575, 0.440549
0.372549, 0.635932, -0.427419, -0.189224
0.373845, 0.755313, -0.552331, -0.199542
0.374970, 0.664781, -0.526397, -0.259115
0.374995, 0.406129, 0.335208, 0.364677
0.375176, 0.142974, 0.354957, 0.132208
0.376124, 0.779243, -0.559865, -0.187190
0.376685, 0.477892, 0.328943, 0.424163
0.377363, 0.293131, 0.347080, 0.266811
0.377614, 0.979346, -0.565968, -0.017554
0.378337, 0.848312, -0.561349, -0.128243
0.379011, 0.937657, -0.564088, -0.052941
0.379329, 0.245881, 0.352542, 0.225043
0.379478, 0.609508, 0.494689, 0.702666
0.379714, 0.503390, 0.329820, 0.445928
0.380317, 0.168284, 0.357623, 0.154843
0.381052, 0.361856, 0.344533, 0.326336
0.381352, 0.805876, -0.555256, -0.163175
0.381461, 0.894252, -0.560688, -0.089736
0.381568, 0.432431, 0.338078, 0.386137
0.382844, 0.020233, 0.364487, 0.018759
0.383175, 0.117831, 0.362353, 0.108653
0.383488, 0.096217, 0.363170, 0.088831
0.383692, 0.058841, 0.364646, 0.054492
0.385116, 0.528834, 0.342924, 0.477571
0.385401, 0.194365, 0.360894, 0.178367
0.386191, 0.223490, 0.359423, 0.204288
0.386231, 0.584648, 0.165671, 0.351307
0.387285, 0.314751, 0.353835, 0.284890
0.389156, 0.457127, 0.341468, 0.405498
0.390392, 0.709828, -0.537870, -0.241199
0.391409, 0.269875, 0.361142, 0.245371
0.391591, 1.000000, -0.554582, 0.000000
0.391961, 0.827147, -0.548887, -0.146846
0.392033, 0.958756, -0.553854, -0.035236
0.392115, 0.386842, 0.351428, 0.346458
0.392873, 0.554526, 0.437542, 0.588871
0.393360, 0.916389, -0.551963, -0.071389
0.393565, 0.871718, -0.549914, -0.109268
0.393637, 0.682449, -0.534671, -0.266680
0.393793, 0.653018, -0.484908, -0.243963
0.394154, 0.737283, -0.542905, -0.224299
0.395696, 0.337219, 0.359054, 0.303600
0.396570, 0.627385, -0.728888, -0.514754
0.396750, 0.000000, 0.376811, 0.000000
0.397559, 0.039791, 0.376941, 0.036705
0.398079, 0.762784, -0.537212, -0.199054
0.398150, 0.078802, 0.376847, 0.072581
0.398587, 0.786426, -0.540981, -0.181672
0.398646, 0.483613, 0.345544, 0.425441
0.398939, 0.413466, 0.354451, 0.368185
0.400391, 0.131087, 0.376620, 0.120084
0.400638, 0.154365, 0.376151, 0.141310
0.403099, 0.509149, 0.341533, 0.441008
0.403290, 0.291794, 0.369610, 0.263658
0.403685, 0.849858, -0.540721, -0.128290
0.404135, 0.359687, 0.364098, 0.322046
0.404294, 0.248611, 0.374095, 0.225821
0.404633, 0.601435, -0.109163, 0.069512
0.404716, 0.178907, 0.378156, 0.163189
0.405592, 0.979487, -0.543012, -0.017632
0.406279, 0.937824, -0.541794, -0.053387
0.406695, 0.438554, 0.358182, 0.388248
0.406736, 0.204823, 0.378530, 0.186407
0.406881, 0.575968, 0.741029, 0.898225
0.407157, 0.894621, -0.539832, -0.090372
0.407704, 0.103470, 0.383916, 0.094713
0.408625, 0.806147, -0.533688, -0.165368
0.409167, 0.534553, 0.312783, 0.429677
0.410522, 0.227953, 0.380158, 0.206707
0.411212, 0.020164, 0.388815, 0.018502
0.412107, 0.060089, 0.389189, 0.055111
0.412373, 0.314872, 0.375420, 0.282949
0.413063, 0.723445, -0.522330, -0.233308
0.413091, 0.697372, -0.523302, -0.258843
0.413363, 0.669127, -0.497111, -0.258669
0.413882, 0.463622, 0.361121, 0.407929
0.414439, 0.379464, 0.370922, 0.337885
0.416851, 0.643221, -0.583229, -0.372342
0.417679, 0.750760, -0.522984, -0.213175
0.417962, 0.269418, 0.384120, 0.243059
0.418575, 0.828036, -0.527142, -0.147591
0.418627, 0.401067, 0.372246, 0.355674
0.419545, 1.000000, -0.531584, 0.000000
0.419624, 0.873308, -0.528643, -0.109043
0.419693, 0.958879, -0.531122, -0.035517
0.419695, 0.558476, 0.281731, 0.408178
0.420174, 0.617057, -0.293599, -0.110349
0.420175, 0.916550, -0.529930, -0.072009
0.420730, 0.338639, 0.380323, 0.302617
0.421539, 0.778901, -0.520975, -0.188902
0.421580, 0.489463, 0.365556, 0.429359
0.422462, 0.120582, 0.395981, 0.109728
0.423813, 0.083415, 0.398662, 0.076096
0.424497, 0.143360, 0.396802, 0.130177
0.424668, 0.000000, 0.400734, 0.000000
0.425702, 0.040764, 0.401119, 0.037235
0.425819, 0.423446, 0.375696, 0.373461
0.425876, 0.166133, 0.397258, 0.150689
0.426602, 0.514790, 0.380318, 0.463203
0.427800, 0.851461, -0.520848, -0.128124
0.428126, 0.190974, 0.397590, 0.172710
0.428153, 0.587694, -0.866511, -0.719447
0.429152, 0.293717, 0.391313, 0.263106
0.430982, 0.360878, 0.386715, 0.320492
0.431577, 0.216037, 0.399210, 0.194897
0.431652, 0.242943, 0.397467, 0.218638
0.432227, 0.802884, -0.514456, -0.169760
0.432702, 0.446688, 0.378450, 0.391631
0.433550, 0.979458, -0.519916, -0.017849
0.433556, 0.938072, -0.519314, -0.053739
0.433657, 0.683302, -0.493613, -0.260572
0.433725, 0.895194, -0.518002, -0.090808
0.433996, 0.539788, 0.490438, 0.590293
0.435092, 0.710533, -0.506064, -0.249221
0.436186, 0.734697, -0.505337, -0.226796
0.437268, 0.658885, -0.523709, -0.316845
0.437322, 0.319035, 0.395950, 0.284187
0.437507, 0.102819, 0.409690, 0.093244
0.438655, 0.063350, 0.411821, 0.057545
0.438950, 0.470643, 0.380484, 0.410270
0.439008, 0.020725, 0.412605, 0.018835
0.439481, 0.384640, 0.391380, 0.339652
0.439514, 0.632871, -0.424466, -0.243742
0.440008, 0.761659, -0.505322, -0.205441
0.440731, 0.265616, 0.403496, 0.237819
0.440765, 0.606329, -0.588085, -0.433678
0.441582, 0.567788, -0.037975, 0.076459
0.442878, 0.825394, -0.507137, -0.151244
0.445284, 0.495495, 0.387191, 0.434259
0.445542, 0.407403, 0.393796, 0.357865
0.446328, 0.873502, -0.506664, -0.109992
0.446946, 0.126384, 0.416924, 0.114091
0.447114, 0.342634, 0.401927, 0.303377
0.447139, 0.917247, -0.507622, -0.072140
0.447442, 1.000000, -0.508484, 0.000000
0.447472, 0.958818, -0.508103, -0.035942
0.448419, 0.846593, -0.503139, -0.133237
0.448616, 0.784714, -0.499707, -0.186245
0.448726, 0.149697, 0.417185, 0.134793
0.449473, 0.173867, 0.416991, 0.156389
0.450455, 0.520011, 0.449572, 0.513966
0.450920, 0.285709, 0.410570, 0.254476
0.451938, 0.198658, 0.417459, 0.178161
0.452131, 0.000000, 0.424201, 0.000000
0.452217, 0.084526, 0.422925, 0.076376
0.452472, 0.430068, 0.396713, 0.375628
0.452491, 0.042744, 0.423950, 0.038671
0.453738, 0.696010, -0.483526, -0.257169
0.453797, 0.224158, 0.417529, 0.200581
0.456359, 0.545865, -0.416987, -0.336060
0.456580, 0.307258, 0.413311, 0.272398
0.456628, 0.366730, 0.407408, 0.322722
0.458169, 0.744230, -0.488447, -0.221065
0.458219, 0.590570, -0.407935, -0.284162
0.458564, 0.246783, 0.419899, 0.220010
0.458570, 0.453223, 0.398391, 0.393372
0.459319, 0.646504, -0.451306, -0.276037
0.459334, 0.672509, -0.491056, -0.291617
0.459429, 0.808224, -0.492222, -0.166887
0.460133, 0.896278, -0.496151, -0.090763
0.460217, 0.721177, -0.485551, -0.241511
0.460669, 0.618871, -0.515686, -0.367695
0.461212, 0.938129, -0.496323, -0.054241
0.461451, 0.979337, -0.496718, -0.018140
0.463791, 0.477226, 0.406117, 0.418743
0.464431, 0.107739, 0.432536, 0.096809
0.465147, 0.390484, 0.411764, 0.341502
0.465455, 0.328922, 0.418723, 0.290049
0.465654, 0.569522, -0.461901, -0.364460
0.465822, 0.021336, 0.435399, 0.019204
0.465934, 0.064714, 0.435055, 0.058239
0.466409, 0.857546, -0.488807, -0.124613
0.466828, 0.765825, -0.483332, -0.203736
0.468408, 0.268625, 0.426570, 0.238237
0.469548, 0.501732, 0.474794, 0.505154
0.470764, 0.831745, -0.484263, -0.147277
0.471495, 0.131629, 0.437830, 0.117873
0.471750, 0.155829, 0.436420, 0.139186
0.472319, 0.413284, 0.414797, 0.359296
0.472748, 0.180660, 0.436371, 0.161170
0.473540, 0.526621, -0.160666, -0.112059
0.474218, 0.351407, 0.423475, 0.307916
0.474609, 0.917343, -0.484700, -0.072776
0.474923, 0.788440, -0.478320, -0.184932
0.474940, 0.878391, -0.482893, -0.106834
0.475044, 0.205910, 0.436548, 0.183131
0.475218, 1.000000, -0.485334, 0.000000
0.475346, 0.958593, -0.484849, -0.036508
0.475384, 0.698689, -0.468440, -0.259464
0.476837, 0.291992, 0.431867, 0.257725
0.478590, 0.088368, 0.445350, 0.079144
0.478801, 0.436016, 0.419793, 0.379599
0.479001, 0.042978, 0.446430, 0.038521
0.479179, 0.000000, 0.447169, 0.000000
0.479363, 0.229091, 0.438772, 0.203154
0.479869, 0.603800, -0.433163, -0.316905
0.480166, 0.631953, -0.476169, -0.333902
0.480982, 0.551604, -0.455671, -0.389647
0.481618, 0.656525, -0.451247, -0.287143
0.481937, 0.742267, -0.468859, -0.224888
0.483381, 0.374542, 0.428759, 0.326462
0.483477, 0.679199, -0.463579, -0.280146
0.483741, 0.459888, 0.420424, 0.398050
0.484205, 0.314411, 0.435636, 0.275889
0.485437, 0.719022, -0.463415, -0.244494
0.485764, 0.810593, -0.470572, -0.166437
0.485933, 0.251645, 0.442498, 0.222171
0.486933, 0.579153, -0.459505, -0.373009
0.488332, 0.854322, -0.470442, -0.128435
0.488459, 0.483910, 0.478601, 0.474360
0.488887, 0.898045, -0.472028, -0.090115
0.489045, 0.937779, -0.473034, -0.055096
0.489233, 0.979082, -0.473472, -0.018549
0.491153, 0.113124, 0.454607, 0.100631
0.491441, 0.065395, 0.456579, 0.058318
0.491729, 0.767242, -0.462942, -0.204411
0.492078, 0.397239, 0.432149, 0.343092
0.492573, 0.021652, 0.458032, 0.019308
0.493070, 0.336711, 0.441085, 0.294105
0.493515, 0.508638, -0.287285, -0.273576
0.494316, 0.163233, 0.454961, 0.144599
0.494567, 0.275235, 0.447832, 0.241723
0.495127, 0.138780, 0.457531, 0.123251
0.495711, 0.188696, 0.455110, 0.166896
0.496890, 0.532865, -0.420246, -0.386562
0.497483, 0.832811, -0.462148, -0.147782
0.499466, 0.419246, 0.427639, 0.352375
0.499693, 0.621689, -0.435000, -0.320401
0.500567, 0.211647, 0.457634, 0.186518
0.500829, 0.788578, -0.456731, -0.186539
0.501232, 0.359036, 0.443498, 0.310024
0.501391, 0.876186, -0.460795, -0.109829
0.502380, 0.697784, -0.448392, -0.264883
0.502774, 1.000000, -0.462234, 0.000000
0.502924, 0.087909, 0.465701, 0.078028
0.503140, 0.917715, -0.460697, -0.073172
0.503155, 0.559464, -0.428544, -0.375782
0.503174, 0.298734, 0.453182, 0.261137
0.503180, 0.958013, -0.461480, -0.037386
0.503810, 0.646907, -0.446246, -0.311837
0.504011, 0.443323, 0.456833, 0.399885
0.504024, 0.595787, -0.441327, -0.355188
0.505316, 0.044017, 0.468641, 0.039088
0.505475, 0.234701, 0.460174, 0.206131
0.505703, 0.671300, -0.440600, -0.284909
0.506045, 0.000000, 0.469882, 0.000000
0.506140, 0.748970, -0.449301, -0.221061
0.506873, 0.725887, -0.446308, -0.240575
0.508855, 0.467399, 0.486957, 0.448291
0.510901, 0.381955, 0.453802, 0.332841
0.511274, 0.321385, 0.456682, 0.278536
0.511661, 0.812739, -0.448962, -0.166072
0.511905, 0.258216, 0.463536, 0.225751
0.512695, 0.491667, -0.286330, -0.305562
0.513181, 0.853991, -0.449754, -0.129877
0.515643, 0.107662, 0.475518, 0.095012
0.516265, 0.896514, -0.449051, -0.092361
0.516640, 0.174040, 0.473016, 0.152863
0.516696, 0.978970, -0.450353, -0.018833
0.517344, 0.576906, -0.419244, -0.363349
0.517354, 0.937073, -0.449161, -0.056272
0.517628, 0.066943, 0.478609, 0.059150
0.517696, 0.128821, 0.476720, 0.113516
0.517958, 0.516451, -0.407172, -0.408578
0.518850, 0.021846, 0.480098, 0.019299
0.519018, 0.539974, -0.414315, -0.394640
0.519357, 0.152168, 0.477255, 0.133896
0.520438, 0.402503, 0.475273, 0.364779
0.520538, 0.768109, -0.438904, -0.205689
0.520573, 0.282410, 0.468597, 0.245465
0.520682, 0.343768, 0.466310, 0.300433
0.520828, 0.612745, -0.425373, -0.339000
0.522242, 0.194726, 0.476901, 0.170543
0.523212, 0.710316, -0.431950, -0.255768
0.524295, 0.793404, -0.437179, -0.183786
0.524398, 0.427312, 0.416604, 0.325855
0.524548, 0.636019, -0.422037, -0.317128
0.525067, 0.832349, -0.438775, -0.149554
0.526061, 0.217570, 0.478625, 0.189980
0.526387, 0.684120, -0.426306, -0.277626
0.527564, 0.366341, 0.454686, 0.303690
0.528355, 0.875476, -0.437845, -0.111456
0.528811, 0.659953, -0.423457, -0.299895
0.529122, 0.451888, 0.638171, 0.565525
0.529234, 0.740402, -0.428917, -0.230012
0.529972, 0.305954, 0.474786, 0.264894
0.530172, 1.000000, -0.439106, 0.000000
0.530444, 0.089582, 0.488833, 0.078766
0.530663, 0.957938, -0.438274, -0.037818
0.530966, 0.240928, 0.480838, 0.209510
0.531025, 0.044225, 0.490176, 0.038907
0.531138, 0.915136, -0.437043, -0.076201
0.531803, 0.557072, -0.407522, -0.383777
0.532864, 0.000000, 0.492478, 0.000000
0.533407, 0.594211, -0.409599, -0.352466
0.533546, 0.477032, -0.106433, -0.157988
0.536373, 0.502298, -0.399304, -0.431267
0.536981, 0.264781, 0.483567, 0.229204
0.538230, 0.854778, -0.428691, -0.130308
0.538303, 0.328356, 0.473519, 0.277019
0.540596, 0.812735, -0.424324, -0.167645
0.540983, 0.171192, 0.494255, 0.149295
0.541217, 0.115604, 0.496634, 0.101065
0.541218, 0.384591, 0.426754, 0.279918
0.541692, 0.142733, 0.496253, 0.124634
0.541775, 0.529978, -0.395320, -0.406382
0.542970, 0.719541, -0.415812, -0.249232
0.543223, 0.066545, 0.500014, 0.058257
0.543728, 0.783684, -0.420309, -0.193614
0.544058, 0.978916, -0.427170, -0.019064
0.544319, 0.936346, -0.426372, -0.057470
0.544386, 0.618937, -0.405205, -0.335025
0.544405, 0.410914, 0.539969, 0.415336
0.544478, 0.892248, -0.424995, -0.097070
0.545017, 0.022048, 0.501898, 0.019293
0.545762, 0.694540, -0.411368, -0.270860
0.545839, 0.760093, -0.417003, -0.214437
0.545875, 0.197843, 0.496305, 0.171749
0.546600, 0.288838, 0.489086, 0.248321
0.546711, 0.575193, -0.398180, -0.371364
0.547346, 0.354449, 0.512780, 0.332380
0.549131, 0.643531, -0.403677, -0.314626
0.549332, 0.435896, 0.247832, 0.144101
0.550642, 0.223315, 0.498519, 0.193217
0.551303, 0.837249, -0.416604, -0.146484
0.552587, 0.668790, -0.404076, -0.294259
0.553357, 0.461337, -0.378699, -0.462013
0.554055, 0.089925, 0.508339, 0.078351
0.555678, 0.551427, -0.387710, -0.391701
0.555760, 0.248068, 0.500361, 0.213384
0.556518, 0.737666, -0.405683, -0.234492
0.556976, 0.044611, 0.511819, 0.038876
0.557066, 0.868024, -0.413004, -0.119208
0.557425, 0.914124, -0.414760, -0.077824
0.557435, 1.000000, -0.415961, 0.000000
0.557731, 0.957538, -0.415286, -0.038542
0.557736, 0.486851, -0.371255, -0.437719
0.557838, 0.308530, 0.498850, 0.266039
0.558102, 0.510995, -0.380473, -0.424660
0.558563, 0.598652, -0.391054, -0.353274
0.559743, 0.000000, 0.515015, 0.000000
0.560899, 0.332652, 0.484355, 0.271145
0.561542, 0.272798, 0.502741, 0.233683
0.561956, 0.799543, -0.405830, -0.180733
0.562817, 0.158400, 0.512888, 0.137076
0.564514, 0.132351, 0.515443, 0.114621
0.564544, 0.397143, 0.335854, 0.178981
0.564586, 0.371444, 0.585618, 0.405434
0.565526, 0.183873, 0.513650, 0.158749
0.565863, 0.110205, 0.517268, 0.095499
0.566332, 0.711527, -0.395583, -0.258116
0.567765, 0.623703, -0.386215, -0.333431
0.567923, 0.820497, -0.401618, -0.162275
0.568450, 0.687607, -0.391918, -0.279166
0.568473, 0.776947, -0.398687, -0.201072
0.568764, 0.068015, 0.521243, 0.058979
0.569613, 0.530004, -0.373659, -0.410849
0.569851, 0.891336, -0.403409, -0.098762
0.569856, 0.421279, 0.811977, 0.676909
0.570513, 0.209477, 0.515560, 0.179803
0.570903, 0.022036, 0.523256, 0.019095
0.570917, 0.935701, -0.403726, -0.058595
0.570931, 0.576434, -0.378398, -0.373191
0.571167, 0.978812, -0.404097, -0.019346
0.572583, 0.649297, -0.384738, -0.312226
0.572820, 0.754275, -0.393045, -0.221142
0.573445, 0.447111, -0.303566, -0.419703
0.573559, 0.846934, -0.398343, -0.138932
0.575279, 0.348631, 0.479736, 0.268013
0.575498, 0.234946, 0.518348, 0.201536
0.576842, 0.473882, -0.361620, -0.457983
0.576906, 0.291101, 0.514206, 0.247779
0.579125, 0.554298, -0.368968, -0.392331
0.579845, 0.261122, 0.517977, 0.221394
0.580706, 0.728253, -0.384763, -0.244745
0.580760, 0.502728, -0.360096, -0.433371
0.580808, 0.090770, 0.530500, 0.078309
0.581500, 0.318895, 0.518710, 0.274180
0.582126, 0.671044, -0.378878, -0.294649
0.582181, 0.045095, 0.532647, 0.038917
0.582444, 0.601598, -0.371739, -0.353632
0.583116, 0.870148, -0.391366, -0.118491
0.583519, 0.913429, -0.392455, -0.079162
0.584488, 0.957377, -0.392457, -0.039058
0.584542, 1.000000, -0.392844, 0.000000
0.585216, 0.144735, 0.531640, 0.124232
0.585934, 0.385724, 0.851605, 0.665193
0.586542, 0.170900, 0.531487, 0.146361
0.586920, 0.000000, 0.537736, 0.000000
0.587402, 0.798408, -0.384014, -0.183267
0.589762, 0.116787, 0.536933, 0.100282
0.589982, 0.699428, -0.374586, -0.270736
0.590021, 0.824804, -0.383038, -0.159652
0.590441, 0.628287, -0.367802, -0.331989
0.590489, 0.196152, 0.533248, 0.167658
0.591626, 0.406912, -0.490578, -0.657948
0.592312, 0.529422, -0.355048, -0.414222
0.592768, 0.773279, -0.377397, -0.205793
0.593449, 0.365837, 0.435923, 0.223725
0.593853, 0.431438, -0.501692, -0.653048
0.594337, 0.067951, 0.542409, 0.058350
0.595289, 0.579612, -0.358640, -0.373431
0.595401, 0.221323, 0.534261, 0.187279
0.596211, 0.022269, 0.543920, 0.019105
0.596258, 0.748168, -0.372727, -0.228260
0.596455, 0.891672, -0.380445, -0.099315
0.596669, 0.457263, -0.347006, -0.477309
0.597207, 0.935726, -0.381237, -0.059124
0.598001, 0.341325, 0.549167, 0.310054
0.598182, 0.978589, -0.380999, -0.019741
0.598395, 0.483636, -0.344529, -0.452098
0.598865, 0.651292, -0.362921, -0.313213
0.599101, 0.849684, -0.376418, -0.137607
0.599316, 0.273960, 0.529941, 0.227775
0.599431, 0.246787, 0.538185, 0.210828
0.600352, 0.554814, -0.351426, -0.394323
0.600428, 0.297908, 0.534411, 0.253071
0.602343, 0.721248, -0.365890, -0.252723
0.604550, 0.091539, 0.549813, 0.078199
0.604786, 0.510097, -0.342487, -0.431437
0.605306, 0.607834, -0.353170, -0.350766
0.605416, 0.677278, -0.359656, -0.291386
0.605682, 0.319872, 0.526534, 0.261274
0.607028, 0.135608, 0.549732, 0.115431
0.607446, 0.045824, 0.553312, 0.039151
0.608104, 0.160820, 0.549455, 0.136642
0.609657, 0.914401, -0.369989, -0.078988
0.609882, 0.869654, -0.368345, -0.120026
0.611189, 0.809097, -0.364294, -0.175115
0.611352, 0.956924, -0.369415, -0.039857
0.611441, 1.000000, -0.369827, 0.000000
0.611488, 0.185268, 0.550601, 0.156729
0.612333, 0.386513, 0.046881, -0.157048
0.613669, 0.786663, -0.360351, -0.195225
0.613933, 0.832889, -0.362639, -0.153506
0.614432, 0.000000, 0.560472, 0.000000
0.614921, 0.413327, -0.264950, -0.452857
0.615896, 0.111005, 0.558183, 0.094313
0.615934, 0.209662, 0.553313, 0.177711
0.615951, 0.699441, -0.352389, -0.272908
0.616073, 0.630719, -0.346333, -0.332430
0.616850, 0.439389, -0.326628, -0.492628
0.617031, 0.537665, -0.335712, -0.410449
0.617298, 0.359910, 0.681689, 0.441680
0.617701, 0.589126, -0.340814, -0.367831
0.617824, 0.763745, -0.355231, -0.215929
0.619352, 0.740887, -0.352528, -0.236526
0.619790, 0.464928, -0.324857, -0.469907
0.619947, 0.069944, 0.563383, 0.059439
0.620321, 0.234344, 0.550970, 0.193655
0.620345, 0.022632, 0.563581, 0.019230
0.620364, 0.565682, -0.335918, -0.387502
0.620906, 0.489472, -0.326824, -0.450100
0.621521, 0.260260, 0.559606, 0.224968
0.622077, 0.893355, -0.358383, -0.098657
0.622390, 0.657392, -0.343349, -0.310086
0.623276, 0.285240, 0.538666, 0.225651
0.624151, 0.935155, -0.358036, -0.060225
0.624439, 0.335966, 0.504401, 0.238531
0.624995, 0.978270, -0.357988, -0.020239
0.626661, 0.309379, 0.566802, 0.271616
0.627537, 0.515337, -0.324499, -0.429946
0.627969, 0.721016, -0.343696, -0.254876
0.629835, 0.849559, -0.349421, -0.138983
0.630038, 0.151565, 0.567424, 0.127616
0.630795, 0.128902, 0.569378, 0.108689
0.631783, 0.048435, 0.572849, 0.040957
0.632164, 0.091079, 0.572326, 0.076921
0.632191, 0.680227, -0.336743, -0.290998
0.632630, 0.610049, -0.330284, -0.351700
0.633150, 0.175457, 0.569011, 0.147403
0.633609, 0.872314, -0.347596, -0.118467
0.634998, 0.821878, -0.344339, -0.164873
0.635526, 0.398545, -0.324496, -0.545168
0.636557, 0.797640, -0.341070, -0.186707
0.636765, 0.913109, -0.346486, -0.080933
0.636941, 0.373003, -0.222633, -0.460973
0.637123, 0.199217, 0.569660, 0.165925
0.638075, 1.000000, -0.346960, 0.000000
0.638112, 0.956248, -0.346380, -0.040892
0.638306, 0.424754, -0.304398, -0.503694
0.638445, 0.638978, -0.327900, -0.327379
0.639811, 0.773752, -0.336833, -0.208458
0.640154, 0.555824, -0.318348, -0.397911
0.640804, 0.448812, -0.305442, -0.485063
0.641122, 0.584080, -0.320296, -0.374248
0.641632, 0.025280, 0.581012, 0.021311
0.641748, 0.222844, 0.575248, 0.188979
0.642132, 0.534212, -0.314394, -0.415981
0.642140, 0.748689, -0.333138, -0.231104
0.642292, 0.000000, 0.582813, 0.000000
0.643092, 0.701589, -0.328825, -0.273001
0.643406, 0.498018, -0.309303, -0.445744
0.643635, 0.474453, -0.306484, -0.465105
0.643942, 0.247998, 0.560181, 0.194124
0.644084, 0.349481, 0.480830, 0.216191
0.645155, 0.110977, 0.581981, 0.093163
0.645577, 0.272487, 0.598427, 0.253746
0.647604, 0.071203, 0.585895, 0.059807
0.647733, 0.323820, 0.590067, 0.288122
0.647881, 0.297301, 0.533827, 0.210692
0.648971, 0.663131, -0.320900, -0.307388
0.649349, 0.890390, -0.334593, -0.102356
0.649868, 0.726236, -0.324799, -0.251737
0.650754, 0.933655, -0.335052, -0.062236
0.651488, 0.977968, -0.335161, -0.020738
0.653104, 0.621451, -0.313556, -0.343629
0.653307, 0.837765, -0.329373, -0.151372
0.653651, 0.160831, 0.585766, 0.133956
0.653794, 0.136963, 0.587657, 0.114258
0.655265, 0.863834, -0.328355, -0.127209
0.656204, 0.049434, 0.592389, 0.041361
0.656837, 0.516582, -0.300162, -0.431996
0.657507, 0.384188, -0.272502, -0.525803
0.658157, 0.186630, 0.588074, 0.154801
0.658338, 0.411552, -0.286700, -0.516696
0.658655, 0.811731, -0.322720, -0.175273
0.659495, 0.568174, -0.303240, -0.389581
0.659955, 0.598956, -0.305841, -0.363714
0.660475, 0.685846, -0.312648, -0.288387
0.660614, 0.092449, 0.595371, 0.077105
0.661824, 0.787081, -0.318518, -0.197867
0.662592, 0.022956, 0.598474, 0.019181
0.662927, 0.909845, -0.323664, -0.084765
0.662975, 0.460935, -0.288950, -0.478043
0.663368, 0.210017, 0.588866, 0.171675
0.664015, 0.762080, -0.315448, -0.220955
0.664269, 0.955450, -0.323783, -0.042075
0.664350, 0.435714, -0.284979, -0.498492
0.664392, 0.645136, -0.305815, -0.324150
0.664445, 1.000000, -0.324237, 0.000000
0.664890, 0.360780, -0.365000, -0.647956
0.665713, 0.235436, 0.599168, 0.203671
0.666021, 0.541891, -0.295046, -0.412024
0.666204, 0.490628, -0.289825, -0.454736
0.668571, 0.710290, -0.307270, -0.267296
0.668717, 0.260332, 0.549325, 0.171655
0.668887, 0.738261, -0.309004, -0.242388
0.669149, 0.337062, -0.067878, -0.368219
0.669508, 0.118708, 0.601260, 0.098557
0.669649, 0.284337, 0.702438, 0.348184
0.669794, 0.310428, 0.508050, 0.181135
0.670197, 0.000000, 0.604482, 0.000000
0.673256, 0.883033, -0.313752, -0.110239
0.674570, 0.851470, -0.311230, -0.139725
0.675673, 0.170391, 0.602683, 0.140491
0.675723, 0.072259, 0.608384, 0.059931
0.676086, 0.668609, -0.297632, -0.304762
0.676101, 0.932051, -0.313060, -0.064387
0.676513, 0.622291, -0.293583, -0.345228
0.676790, 0.396875, -0.268007, -0.528318
0.676935, 0.583405, -0.289324, -0.377817
0.677119, 0.145862, 0.605332, 0.120158
0.677587, 0.977628, -0.312592, -0.021294
0.677603, 0.045830, 0.609496, 0.037966
0.678404, 0.826583, -0.306375, -0.162851
0.678831, 0.516183, -0.282013, -0.435283
0.681790, 0.472509, -0.274497, -0.470335
0.683335, 0.801357, -0.300571, -0.186261
0.683957, 0.559940, -0.281665, -0.398906
0.684249, 0.373192, -0.279928, -0.568872
0.684815, 0.195070, 0.607255, 0.158652
0.684826, 0.099337, 0.614305, 0.081864
0.685205, 0.419843, -0.265241, -0.512669
0.685876, 0.775219, -0.297145, -0.210603
0.686519, 0.907344, -0.303171, -0.087966
0.686576, 0.019419, 0.617579, 0.016031
0.686668, 0.221463, 0.607408, 0.180136
0.686694, 0.693939, -0.290438, -0.283459
0.687540, 0.448328, -0.267562, -0.491343
0.688849, 0.603351, -0.280669, -0.361752
0.688910, 0.645329, -0.284702, -0.326369
0.689243, 0.723382, -0.290111, -0.257263
0.689510, 0.750460, -0.291758, -0.232969
0.689789, 0.954669, -0.301665, -0.043284
0.690066, 0.247318, 0.630207, 0.225057
0.690553, 1.000000, -0.301684, 0.000000
0.690884, 0.323487, -0.219578, -0.550964
0.691278, 0.865503, -0.297032, -0.127381
0.691822, 0.296144, 1.011510, 0.654817
0.691969, 0.494885, -0.268250, -0.453052
0.692088, 0.537074, -0.272766, -0.419183
0.692538, 0.349000, -0.220878, -0.537545
0.693107, 0.125764, 0.619512, 0.103246
0.693957, 0.272702, 0.481753, 0.090957
0.697108, 0.170554, 0.619646, 0.139218
0.699210, 0.061468, 0.626786, 0.050374
0.699438, 0.395494, -0.255104, -0.537476
0.699594, 0.000000, 0.627716, 0.000000
0.699596, 0.841149, -0.288474, -0.150542
0.699883, 0.037794, 0.627443, 0.030988
0.699951, 0.668027, -0.276702, -0.307341
0.700112, 0.886403, -0.290348, -0.108203
0.700650, 0.931100, -0.291717, -0.065985
0.701489, 0.149854, 0.624195, 0.121750
0.701872, 0.580640, -0.268101, -0.383064
0.702350, 0.085425, 0.628960, 0.069899
0.702899, 0.624917, -0.270278, -0.344523
0.703325, 0.977333, -0.290267, -0.021835
0.703850, 0.817398, -0.283492, -0.172832
0.704625, 0.432437, -0.251567, -0.505393
0.704633, 0.470911, -0.255739, -0.474829
0.705249, 0.515305, -0.258981, -0.437550
0.706196, 0.789868, -0.280047, -0.198566
0.707906, 0.208656, 0.620373, 0.163809
0.708451, 0.711918, -0.272393, -0.269013
0.708637, 0.371081, -0.233404, -0.545817
0.708886, 0.558413, -0.259994, -0.402392
0.710218, 0.688054, -0.268880, -0.290208
0.710458, 0.111101, 0.633692, 0.090151
0.710673, 0.233471, 0.646640, 0.209954
0.711058, 0.764167, -0.273655, -0.222144
0.711196, 0.306651, -0.581468, -0.953453
0.711501, 0.186888, 0.631784, 0.153367
0.711947, 0.738872, -0.271148, -0.245089
0.712157, 0.908850, -0.280636, -0.087430
0.714421, 0.259585, 0.674237, 0.261052
0.714627, 0.412138, -0.242427, -0.523774
0.714780, 0.601743, -0.258598, -0.366152
0.714948, 0.330274, -0.311107, -0.666210
0.714959, 0.647525, -0.261523, -0.326005
0.715012, 0.954358, -0.279738, -0.044098
0.715555, 0.018916, 0.640749, 0.015404
0.715575, 0.861492, -0.275478, -0.132421
0.716467, 1.000000, -0.279246, 0.000000
0.716902, 0.452084, -0.243502, -0.490923
0.717675, 0.492175, -0.246782, -0.458665
0.718377, 0.536261, -0.249577, -0.421250
0.719293, 0.137114, 0.640128, 0.111704
0.719814, 0.351021, -0.255470, -0.596295
0.719884, 0.284934, -0.011734, -0.403501
0.722268, 0.043302, 0.645266, 0.035110
0.722745, 0.069595, 0.645094, 0.056314
0.724238, 0.884696, -0.269185, -0.111015
0.724550, 0.806352, -0.264588, -0.184500
0.724602, 0.165087, 0.638164, 0.129186
0.724803, 0.836634, -0.266091, -0.156305
0.724878, 0.388688, -0.228292, -0.540127
0.726087, 0.931777, -0.269449, -0.066096
0.727532, 0.670092, -0.252158, -0.307349
0.727672, 0.622350, -0.248760, -0.349289
0.727825, 0.095165, 0.648374, 0.076813
0.727830, 0.580101, -0.245059, -0.385188
0.728855, 0.000000, 0.651660, 0.000000
0.728964, 0.977534, -0.267967, -0.021936
0.730285, 0.779364, -0.257544, -0.209672
0.730663, 0.724034, -0.253368, -0.259787
0.730692, 0.513115, -0.237438, -0.442313
0.731112, 0.215565, 0.652049, 0.181680
0.731336, 0.432057, -0.229735, -0.508365
0.731472, 0.698105, -0.250593, -0.282838
0.731974, 0.471789, -0.232740, -0.476364
0.733413, 0.558392, -0.238352, -0.403848
0.733477, 0.242631, 0.771321, 0.327573
0.733978, 0.192498, 0.654991, 0.161759
0.734176, 0.310939, -0.142617, -0.532614
0.735611, 0.752529, -0.251110, -0.234623
0.735684, 0.121318, 0.652662, 0.096953
0.736625, 0.908222, -0.259161, -0.089051
0.737444, 0.365707, -0.223900, -0.567834
0.738468, 0.642886, -0.240553, -0.332060
0.739583, 0.267431, -0.039915, -0.461292
0.739947, 0.860809, -0.254015, -0.134511
0.740497, 0.955391, -0.257508, -0.043675
0.741010, 0.410615, -0.219334, -0.526327
0.741772, 0.600697, -0.234355, -0.368630
0.741868, 0.336001, -0.187038, -0.561855
0.742077, 0.023392, 0.661341, 0.018766
0.742176, 0.821279, -0.249400, -0.171556
0.742229, 0.052284, 0.660581, 0.041953
0.742496, 1.000000, -0.256602, 0.000000
0.742617, 0.148596, 0.657922, 0.119903
0.743239, 0.534385, -0.228257, -0.425378
0.745046, 0.492509, -0.223386, -0.460403
0.745193, 0.451181, -0.219766, -0.494011
0.746451, 0.078637, 0.663131, 0.062659
0.747653, 0.290544, -0.186739, -0.604600
0.748010, 0.884154, -0.248179, -0.112782
0.748648, 0.796489, -0.242138, -0.195145
0.748988, 0.389399, -0.212486, -0.545736
0.749732, 0.175354, 0.649444, 0.128056
0.750143, 0.661017, -0.231197, -0.316748
0.750689, 0.933003, -0.247910, -0.065754
0.751250, 0.684252, -0.231920, -0.296513
0.751639, 0.224893, 0.838285, 0.362141
0.751937, 0.732965, -0.234458, -0.252927
0.752309, 0.104883, 0.667082, 0.083789
0.753681, 0.842262, -0.240452, -0.152687
0.754004, 0.709136, -0.231201, -0.274735
0.754271, 0.622057, -0.224740, -0.351002
0.754580, 0.771324, -0.235397, -0.218979
0.754973, 0.579329, -0.221043, -0.387660
0.755194, 0.977830, -0.245103, -0.021982
0.755697, 0.000000, 0.672082, 0.000000
0.755958, 0.556294, -0.218692, -0.407601
0.757272, 0.513632, -0.214489, -0.443723
0.758332, 0.428684, -0.206984, -0.513923
0.758534, 0.248775, -0.344434, -0.799833
0.758588, 0.202113, 0.725730, 0.218953
0.758603, 0.354008, -0.196237, -0.569683
0.759084, 0.314622, -0.200447, -0.608309
0.759085, 0.472084, -0.209667, -0.477937
0.759921, 0.131180, 0.669894, 0.102594
0.760070, 0.910575, -0.238508, -0.087836
0.761920, 0.038615, 0.676304, 0.030585
0.764546, 0.375702, -0.195507, -0.555136
0.765264, 0.749166, -0.223379, -0.239137
0.765332, 0.062113, 0.678049, 0.049174
0.765711, 0.817664, -0.228085, -0.176650
0.766333, 0.271473, -0.264743, -0.716633
0.766354, 0.641882, -0.215290, -0.334596
0.766409, 0.955588, -0.234849, -0.044147
0.766694, 0.158237, 0.673815, 0.124051
0.768320, 0.863950, -0.228946, -0.133279
0.768729, 1.000000, -0.233733, 0.000000
0.768758, 0.405732, -0.196453, -0.533259
0.768782, 0.602016, -0.210504, -0.369385
0.769259, 0.535947, -0.205641, -0.425755
0.769926, 0.888519, -0.228571, -0.109664
0.769964, 0.088424, 0.680503, 0.069172
0.770969, 0.335883, -0.193120, -0.593453
0.771407, 0.450021, -0.197785, -0.497744
0.771547, 0.019615, 0.684000, 0.015566
0.772428, 0.493486, -0.199812, -0.461178
0.772549, 0.792660, -0.220315, -0.200473
0.772640, 0.668062, -0.211340, -0.312030
0.774656, 0.226560, 0.242709, -0.244452
0.774834, 0.694323, -0.211281, -0.289225
0.774972, 0.293726, -0.208084, -0.648782
0.775349, 0.183764, 0.689442, 0.153006
0.776020, 0.721525, -0.212253, -0.265406
0.776098, 0.932906, -0.225496, -0.066812
0.776977, 0.113100, 0.686771, 0.090390
0.778369, 0.561498, -0.199327, -0.404678
0.779164, 0.839364, -0.217531, -0.157357
0.780894, 0.769386, -0.210613, -0.221976
0.781744, 0.977602, -0.221973, -0.022620
0.781818, 0.584246, -0.197839, -0.385679
0.782501, 0.620985, -0.199562, -0.354091
0.783280, 0.516228, -0.191960, -0.442915
0.783366, 0.140892, 0.680776, 0.102487
0.783798, 0.386449, -0.182612, -0.550182
0.783940, 0.250477, -0.084760, -0.572218
0.784293, 0.000000, 0.694517, 0.000000
0.784435, 0.427425, -0.185163, -0.517392
0.785285, 0.471823, -0.187597, -0.480933
0.785286, 0.909519, -0.216077, -0.090140
0.785788, 0.360582, -0.179945, -0.572109
0.786368, 0.314986, -0.181122, -0.613604
0.786377, 0.069861, 0.693830, 0.054608
0.786728, 0.206525, 0.558967, 0.044858
0.787230, 0.043977, 0.695712, 0.034153
0.789204, 0.744677, -0.201866, -0.245634
0.789341, 0.647085, -0.194972, -0.331688
0.789432, 0.813778, -0.206273, -0.182045
0.791344, 0.882962, -0.209253, -0.116477
0.792201, 0.166019, 0.717624, 0.152718
0.792443, 0.954790, -0.212033, -0.045745
0.792969, 0.273350, -0.131333, -0.606374
0.793283, 0.542201, -0.184801, -0.421505
0.794120, 0.673918, -0.192244, -0.308353
0.794868, 1.000000, -0.210976, 0.000000
0.795028, 0.858972, -0.204557, -0.139932
0.795044, 0.093668, 0.698839, 0.071931
0.795756, 0.338010, -0.170041, -0.590818
0.796853, 0.406941, -0.173171, -0.534587
0.796964, 0.449151, -0.176067, -0.500556
0.797261, 0.700008, -0.191057, -0.285514
0.797768, 0.789005, -0.196586, -0.205339
0.798409, 0.122467, 0.702603, 0.096814
0.798500, 0.021641, 0.704219, 0.016934
0.798757, 0.494442, -0.177515, -0.463154
0.799598, 0.600352, -0.182856, -0.372722
0.800081, 0.722225, -0.189738, -0.265652
0.800257, 0.230229, -0.243221, -0.758347
0.801292, 0.930704, -0.203155, -0.070168
0.802492, 0.570103, -0.178379, -0.398480
0.802824, 0.294751, -0.145992, -0.610873
0.803621, 0.188766, 0.593998, 0.050308
0.804625, 0.834107, -0.193850, -0.164183
0.806001, 0.763821, -0.187676, -0.229487
0.806114, 0.627376, -0.178650, -0.349914
0.806522, 0.382500, -0.163263, -0.554813
0.806523, 0.518344, -0.172162, -0.443541
0.806692, 0.065448, 0.710057, 0.050912
0.808314, 0.976842, -0.198839, -0.023912
0.808395, 0.904492, -0.195401, -0.096637
0.808771, 0.147832, 0.697765, 0.103987
0.810404, 0.253959, -0.176228, -0.680922
0.810661, 0.472656, -0.165734, -0.481758
0.811434, 0.360165, -0.157458, -0.572860
0.811617, 0.000000, 0.715660, 0.000000
0.811660, 0.654938, -0.175131, -0.326079
0.812235, 0.426234, -0.161459, -0.519867
0.812809, 0.316305, -0.148658, -0.603536
0.814012, 0.042388, 0.715503, 0.031832
0.814182, 0.809037, -0.182875, -0.188096
0.814849, 0.878621, -0.187780, -0.122437
0.814862, 0.210602, -0.256629, -0.798693
0.815284, 0.544680, -0.165880, -0.421549
0.815553, 0.739126, -0.176488, -0.251485
0.815685, 0.682838, -0.173041, -0.301785
0.816284, 0.107283, 0.713399, 0.080813
0.817741, 0.952171, -0.189734, -0.049379
0.819498, 0.170617, 0.753831, 0.180945
0.819554, 0.085343, 0.715726, 0.062910
0.820168, 0.338002, -0.147550, -0.590002
0.820552, 1.000000, -0.188630, 0.000000
0.820790, 0.853549, -0.180434, -0.147059
0.820876, 0.448037, -0.155385, -0.502432
0.820976, 0.276914, -0.153967, -0.648882
0.822297, 0.587125, -0.161804, -0.385382
0.822362, 0.710672, -0.168644, -0.277717
0.822416, 0.783953, -0.173693, -0.212167
0.822992, 0.402583, -0.150915, -0.540002
0.823765, 0.129627, 0.734063, 0.112560
0.824830, 0.497307, -0.154801, -0.461931
0.824903, 0.925755, -0.181980, -0.076574
0.825024, 0.611160, -0.160638, -0.364880
0.826094, 0.021510, 0.723975, 0.016536
0.826749, 0.563482, -0.156635, -0.406032
0.826854, 0.233912, -0.140702, -0.677412
0.828261, 0.524378, -0.153155, -0.439057
0.829817, 0.636622, -0.157599, -0.343024
0.830232, 0.828357, -0.169401, -0.171376
0.831052, 0.299649, -0.142122, -0.626855
0.831112, 0.759357, -0.163393, -0.234406
0.831745, 0.377481, -0.142077, -0.560918
0.831922, 0.899185, -0.173794, -0.103661
0.831929, 0.061999, 0.730808, 0.049516
0.832692, 0.192125, -0.290976, -0.863040
0.834045, 0.662559, -0.155075, -0.320591
0.834124, 0.472176, -0.145273, -0.482996
0.834131, 0.973478, -0.176346, -0.028080
0.836412, 0.152052, 0.735320, 0.133366
0.837026, 0.687978, -0.153624, -0.298320
0.837238, 0.256905, -0.127106, -0.653883
0.837990, 0.352971, -0.135472, -0.580972
0.838329, 0.733668, -0.155210, -0.258237
0.838776, 0.872818, -0.165256, -0.130035
0.838828, 0.423140, -0.138743, -0.524329
0.838863, 0.000000, 0.737562, 0.000000
0.839207, 0.803338, -0.159254, -0.195519
0.840048, 0.324684, -0.133719, -0.605265
0.840848, 0.107202, 0.734678, 0.082189
0.841743, 0.946293, -0.168174, -0.056686
0.842078, 0.214317, -0.138495, -0.704740
0.842231, 0.447800, -0.136994, -0.503571
0.842256, 0.042529, 0.736520, 0.030410
0.842882, 0.083867, 0.728205, 0.055735
0.843777, 0.544029, -0.140335, -0.423065
0.844523, 1.000000, -0.167970, 0.000000
0.846086, 0.847162, -0.156007, -0.155009
0.847048, 0.514414, -0.136114, -0.448482
0.847055, 0.595756, -0.139968, -0.379410
0.847125, 0.172256, -0.332331, -0.932647
0.847506, 0.571506, -0.138337, -0.400019
0.847539, 0.711411, -0.145161, -0.278191
0.847553, 0.130549, 0.832481, 0.194807
0.847597, 0.778734, -0.149234, -0.218073
0.848020, 0.396769, -0.129501, -0.546195
0.848417, 0.919385, -0.160375, -0.084807
0.848623, 0.278202, -0.119881, -0.638682
0.850118, 0.619993, -0.138309, -0.358601
0.850690, 0.489351, -0.131720, -0.469629
0.853215, 0.020362, 0.740827, 0.014341
0.854060, 0.238619, -0.113865, -0.670225
0.854091, 0.644077, -0.135754, -0.337770
0.855494, 0.892330, -0.151392, -0.112522
0.855631, 0.753461, -0.140128, -0.241557
0.856078, 0.821706, -0.144602, -0.179794
0.856156, 0.300571, -0.116084, -0.622424
0.856990, 0.371001, -0.120570, -0.567533
0.857528, 0.667487, -0.133622, -0.317336
0.857565, 0.980656, -0.155043, -0.021069
0.859114, 0.066227, 0.756089, 0.058365
0.859874, 0.689804, -0.132408, -0.297601
0.859968, 0.464971, -0.122526, -0.490456
0.860689, 0.346178, -0.115951, -0.587126
0.861504, 0.195317, -0.087037, -0.686359
0.861896, 0.959903, -0.150997, -0.043578
0.862806, 0.438413, -0.118934, -0.512802
0.862916, 0.322249, -0.112447, -0.605988
0.862966, 0.865872, -0.141564, -0.138656
0.864377, 0.147441, -0.053820, -0.682701
0.864471, 0.729696, -0.130270, -0.262896
0.864509, 0.413805, -0.116349, -0.533174
0.864580, 0.093832, 0.710505, 0.027465
0.864968, 0.797434, -0.134014, -0.202298
0.865229, 0.531824, -0.120738, -0.434503
0.865914, 0.259125, -0.106614, -0.656083
0.866600, 0.000000, 0.763895, 0.000000
0.866834, 0.118591, 0.910902, 0.253821
0.866874, 0.219613, -0.096578, -0.679393
0.867324, 0.936365, -0.144587, -0.068939
0.867474, 0.041358, 0.757302, 0.030254
0.867733, 0.556622, -0.119539, -0.413658
0.869653, 0.171183, -0.041348, -0.665367
0.869847, 0.505383, -0.115591, -0.457050
0.870388, 0.582466, -0.118160, -0.391594
0.871115, 0.840075, -0.131608, -0.163906
0.871867, 1.000000, -0.143269, 0.000000
0.872011, 0.607045, -0.117687, -0.370544
0.872275, 0.910855, -0.137511, -0.095756
0.872382, 0.772510, -0.125339, -0.225436
0.873394, 0.387131, -0.107620, -0.555522
0.874619, 0.706767, -0.119475, -0.283475
0.875570, 0.631487, -0.115383, -0.349446
0.876260, 0.283885, -0.100493, -0.638113
0.877332, 0.481704, -0.108091, -0.477379
0.879282, 0.655818, -0.112915, -0.328357
0.879548, 0.884337, -0.127417, -0.122457
0.880910, 0.021089, 0.749987, 0.008554
0.881398, 0.747255, -0.115194, -0.248230
0.881892, 0.680464, -0.111493, -0.306881
0.882469, 0.060230, 0.778352, 0.058850
0.882967, 0.815058, -0.117918, -0.187485
0.882987, 0.360944, -0.098456, -0.577149
0.883180, 0.307216, -0.096107, -0.620164
0.883539, 0.333932, -0.096874, -0.598778
0.883993, 0.238088, -0.092217, -0.673673
0.884034, 0.977782, -0.131798, -0.025318
0.884157, 0.456123, -0.101190, -0.499157
0.885001, 0.082100, 0.756182, 0.048477
0.885247, 0.431919, -0.099334, -0.519102
0.887079, 0.209330, -0.092131, -0.699236
0.887473, 0.132363, -0.195953, -0.857295
0.887603, 0.858522, -0.117132, -0.147946
0.888133, 0.954370, -0.127057, -0.051581
0.888175, 0.521636, -0.099938, -0.443939
0.888351, 0.184911, -0.094581, -0.721866
0.888418, 0.405685, -0.095618, -0.540853
0.889039, 0.106301, 0.697363, 0.019696
0.889714, 0.157158, -0.107609, -0.758297
0.890326, 0.543765, -0.098739, -0.425133
0.890488, 0.264572, -0.088159, -0.653714
0.890648, 0.790837, -0.108892, -0.210043
0.890935, 0.723035, -0.104931, -0.270112
0.891632, 0.929136, -0.121265, -0.079165
0.891726, 0.568251, -0.098343, -0.404486
0.893826, 0.000000, 0.795446, 0.000000
0.894111, 0.593780, -0.097068, -0.382843
0.895467, 0.499512, -0.092783, -0.463277
0.895565, 0.903227, -0.113889, -0.105699
0.896084, 0.041746, 0.799813, 0.048113
0.896337, 0.834098, -0.106267, -0.171097
0.896757, 0.765312, -0.101452, -0.233005
0.896793, 0.619074, -0.095490, -0.361242
0.897790, 1.000000, -0.121036, 0.000000
0.898903, 0.381166, -0.085818, -0.561254
0.899014, 0.698146, -0.096215, -0.292309
0.900454, 0.644516, -0.092967, -0.339318
0.902063, 0.473917, -0.086170, -0.484990
0.902909, 0.670370, -0.091557, -0.316850
0.903950, 0.341863, -0.080112, -0.592829
0.904060, 0.291744, -0.078115, -0.632760
0.904074, 0.876980, -0.102543, -0.131941
0.906065, 0.423823, -0.081106, -0.526345
0.906076, 0.317278, -0.077437, -0.612767
0.907194, 0.739174, -0.090193, -0.256708
0.907446, 0.066320, 0.844632, 0.113518
0.908009, 0.221724, -0.071088, -0.686692
0.908303, 0.021864, 0.742993, -0.006124
0.909223, 0.245729, -0.071772, -0.668852
0.909335, 0.973592, -0.109497, -0.031865
0.909413, 0.447981, -0.078919, -0.506359
0.910210, 0.807475, -0.090898, -0.196396
0.910561, 0.090366, 0.287171, -0.419303
0.910840, 0.195801, -0.066698, -0.705503
0.910909, 0.169632, -0.065925, -0.725695
0.910921, 0.116991, -0.218966, -0.918603
0.911351, 0.142672, -0.081081, -0.763203
0.911796, 0.360885, -0.074210, -0.577617
0.912046, 0.946278, -0.103987, -0.063566
0.912115, 0.523603, -0.078695, -0.443418
0.913175, 0.551014, -0.078560, -0.420557
0.913241, 0.270300, -0.069767, -0.649839
0.913877, 0.855342, -0.090555, -0.152833
0.914007, 0.400595, -0.073601, -0.545755
0.914859, 0.577971, -0.077758, -0.397505
0.915080, 0.919639, -0.096627, -0.091662
0.915313, 0.781829, -0.084317, -0.219229
0.917032, 0.715786, -0.079858, -0.277789
0.917211, 0.496031, -0.073395, -0.466420
0.917496, 0.604723, -0.076053, -0.374486
0.918514, 0.830382, -0.083941, -0.175809
0.918611, 0.893746, -0.089492, -0.117278
0.920265, 0.756363, -0.078284, -0.241994
0.920448, 0.000000, 0.827555, 0.000000
0.920546, 0.631409, -0.073956, -0.351477
0.920907, 0.687902, -0.075228, -0.302277
0.921940, 0.046361, 0.953911, 0.181595
0.922011, 1.000000, -0.099991, 0.000000
0.923236, 0.658908, -0.072198, -0.327641
0.925736, 0.468729, -0.065242, -0.489646
0.927830, 0.379135, -0.061247, -0.563426
0.927843, 0.334684, -0.060097, -0.599495
0.927921, 0.425028, -0.062271, -0.525617
0.928945, 0.309093, -0.058497, -0.620121
0.932005, 0.285569, -0.055314, -0.638567
0.932291, 0.233166, -0.053649, -0.679493
0.932341, 0.208019, -0.052702, -0.698491
0.932477, 0.072390, 0.151520, -0.582086
0.932700, 0.100562, -0.099652, -0.829919
0.933226, 0.873172, -0.072584, -0.138339
0.933246, 0.154824, -0.044353, -0.732577
0.933281, 0.181426, -0.050039, -0.717484
0.933411, 0.022728, 0.780922, 0.051921
0.933481, 0.127808, -0.032986, -0.743153
0.933553, 0.956619, -0.084446, -0.055121
0.933604, 0.980178, -0.086929, -0.026134
0.934123, 0.258339, -0.052910, -0.660049
0.934556, 0.537186, -0.058902, -0.432135
0.935090, 0.734472, -0.063237, -0.262356
0.935468, 0.930351, -0.077317, -0.083701
0.935548, 0.791774, -0.064910, -0.211616
0.935701, 0.563524, -0.058407, -0.409808
0.935912, 0.512082, -0.057157, -0.453184
0.936293, 0.447862, -0.055545, -0.507075
0.936688, 0.816512, -0.065106, -0.189900
0.936868, 0.356155, -0.053083, -0.582535
0.937369, 0.845737, -0.065991, -0.163367
0.937685, 0.590212, -0.057152, -0.387088
0.937850, 0.902968, -0.070616, -0.110664
0.938551, 0.400596, -0.052616, -0.546175
0.938848, 0.705363, -0.058715, -0.287660
0.939062, 0.764726, -0.060293, -0.235546
0.939508, 0.486467, -0.053476, -0.474845
0.940187, 0.617352, -0.055409, -0.363860
0.941165, 0.675767, -0.055743, -0.313297
0.942137, 0.645520, -0.054180, -0.339594
0.946293, 0.045905, 0.687837, -0.080091
0.946582, 0.000000, 0.968478, 0.000000
0.949551, 1.000000, -0.073593, 0.000000
0.951394, 0.423620, -0.042035, -0.527616
0.951973, 0.325992, -0.039892, -0.607781
0.953980, 0.300131, -0.037736, -0.628256
0.954741, 0.377736, -0.038437, -0.565585
0.954906, 0.088508, -0.071607, -0.822104
0.955130, 0.273578, -0.036270, -0.649084
0.955227, 0.467551, -0.039345, -0.491166
0.955228, 0.194200, -0.034945, -0.710198
0.955300, 0.220408, -0.035116, -0.690191
0.955341, 0.114396, -0.030937, -0.763421
0.955571, 0.167527, -0.035153, -0.730701
0.955571, 0.140972, -0.035691, -0.750208
0.955658, 0.886034, -0.050011, -0.128733
0.955943, 0.246452, -0.035084, -0.670201
0.956012, 0.943411, -0.056828, -0.073520
0.956452, 0.971737, -0.063088, -0.041485
0.956623, 0.859363, -0.046973, -0.152804
0.956934, 0.747424, -0.042389, -0.251735
0.956988, 0.548911, -0.038928, -0.422919
0.957176, 0.064713, -0.082823, -0.852444
0.957292, 0.915272, -0.050996, -0.101417
0.957315, 0.830790, -0.044774, -0.178373
0.957618, 0.720106, -0.041078, -0.275475
0.957643, 0.522564, -0.037975, -0.445189
0.957940, 0.350625, -0.035296, -0.587542
0.958128, 0.575806, -0.038258, -0.400002
0.958361, 0.803122, -0.042609, -0.202876
0.958502, 0.776498, -0.041570, -0.226144
0.958607, 0.024143, 0.803753, 0.132820
0.959266, 0.496220, -0.036166, -0.467326
0.959511, 0.691224, -0.038695, -0.300511
0.959886, 0.603261, -0.037016, -0.376483
0.960225, 0.661484, -0.037519, -0.326193
0.960819, 0.443322, -0.034130, -0.511464
0.961131, 0.631646, -0.036246, -0.352038
0.962125, 0.402653, -0.032488, -0.545125
0.972154, 0.000000, 1.442406, 0.000000
0.974027, 1.000000, -0.048999, 0.000000
0.975577, 0.045739, -0.209891, -1.045021
0.976275, 0.313130, -0.019580, -0.617968
0.977286, 0.951897, -0.032171, -0.068399
0.977296, 0.287025, -0.018498, -0.638653
0.977382, 0.898160, -0.026727, -0.119688
0.977668, 0.099873, -0.012000, -0.786338
0.977678, 0.260395, -0.017920, -0.659478
0.977704, 0.180316, -0.016562, -0.720573
0.977706, 0.206890, -0.017157, -0.700538
0.977799, 0.126689, -0.015725, -0.763319
0.977847, 0.925588, -0.028232, -0.094389
0.977862, 0.153530, -0.015843, -0.741103
0.977899, 0.479043, -0.019530, -0.482373
0.977944, 0.366137, -0.018645, -0.575291
0.977950, 0.338238, -0.018425, -0.597872
0.977998, 0.233469, -0.017351, -0.680289
0.978068, 0.844097, -0.023572, -0.167721
0.978072, 0.871316, -0.024551, -0.143693
0.978409, 0.977288, -0.035641, -0.039487
0.978412, 0.760515, -0.021486, -0.240848
0.978698, 0.422802, -0.018413, -0.528894
0.978774, 0.732986, -0.020771, -0.264819
0.978863, 0.534687, -0.019038, -0.435215
0.978881, 0.561714, -0.019207, -0.412243
0.978882, 0.816544, -0.021997, -0.191849
0.979077, 0.073189, -0.033692, -0.842161
0.979162, 0.705106, -0.020082, -0.288993
0.979586, 0.676259, -0.019406, -0.313925
0.979630, 0.788570, -0.020694, -0.216295
0.979705, 0.589304, -0.018641, -0.388651
0.979773, 0.507321, -0.018039, -0.458360
0.979952, 0.647194, -0.018819, -0.338930
0.980192, 0.452276, -0.017309, -0.504453
0.980223, 0.392586, -0.016929, -0.553850
0.980489, 0.617849, -0.018111, -0.364152
0.982486, 0.020013, -0.023115, -0.791383
1.000000, 0.000000, 0.000000, 0.000000
1.000000, 0.030936, 0.000000, -0.710985
1.000000, 0.057655, 0.000000, -0.700921
1.000000, 0.085657, 0.000000, -0.756804
1.000000, 0.112697, 0.000000, -0.761681
1.000000, 0.139670, 0.000000, -0.747897
1.000000, 0.166581, 0.000000, -0.730277
1.000000, 0.193337, 0.000000, -0.711037
1.000000, 0.220045, 0.000000, -0.690982
1.000000, 0.246890, 0.000000, -0.670348
1.000000, 0.273566, 0.000000, -0.649623
1.000000, 0.300022, 0.000000, -0.628818
1.000000, 0.325974, 0.000000, -0.608285
1.000000, 0.352860, 0.000000, -0.586430
1.000000, 0.379982, 0.000000, -0.564422
1.000000, 0.408530, 0.000000, -0.540557
1.000000, 0.436563, 0.000000, -0.517689
1.000000, 0.465138, 0.000000, -0.493606
1.000000, 0.492364, 0.000000, -0.471102
1.000000, 0.520472, 0.000000, -0.447201
1.000000, 0.548014, 0.000000, -0.424017
1.000000, 0.575635, 0.000000, -0.400555
1.000000, 0.603888, 0.000000, -0.376319
1.000000, 0.632815, 0.000000, -0.351405
1.000000, 0.661550, 0.000000, -0.326787
1.000000, 0.690101, 0.000000, -0.302189
1.000000, 0.718336, 0.000000, -0.277785
1.000000, 0.746211, 0.000000, -0.253628
1.000000, 0.773780, 0.000000, -0.229716
1.000000, 0.801847, 0.000000, -0.205084
1.000000, 0.829313, 0.000000, -0.181272
1.000000, 0.856088, 0.000000, -0.158031
1.000000, 0.882475, 0.000000, -0.134880
1.000000, 0.907977, 0.000000, -0.112302
1.000000, 0.932670, 0.000000, -0.089546
1.000000, 0.955843, 0.000000, -0.066748
1.000000, 0.978099, 0.000000, -0.040213
1.000000, 1.000000, 0.000000, 0.000000
