0.000000, 0.000000, 0.000000, 0.000000
0.000000, 0.029021, 0.000000, 0.048164
0.000000, 0.056003, 0.000000, 0.074312
0.000000, 0.082472, 0.000000, 0.096982
0.000000, 0.109014, 0.000000, 0.118616
0.000000, 0.136105, 0.000000, 0.140110
0.000000, 0.164611, 0.000000, 0.162679
0.000000, 0.194376, 0.000000, 0.187164
0.000000, 0.222208, 0.000000, 0.208914
0.000000, 0.251923, 0.000000, 0.232558
0.000000, 0.281839, 0.000000, 0.256581
0.000000, 0.310797, 0.000000, 0.280186
0.000000, 0.337786, 0.000000, 0.301520
0.000000, 0.365748, 0.000000, 0.323979
0.000000, 0.393541, 0.000000, 0.345598
0.000000, 0.422563, 0.000000, 0.368935
0.000000, 0.450038, 0.000000, 0.390645
0.000000, 0.477148, 0.000000, 0.411954
0.000000, 0.504111, 0.000000, 0.432949
0.000000, 0.531347, 0.000000, 0.454143
0.000000, 0.558609, 0.000000, 0.475485
0.000000, 0.584626, 0.000000, 0.495466
0.000000, 0.610989, 0.000000, 0.515789
0.000000, 0.636910, 0.000000, 0.535733
0.000000, 0.662307, 0.000000, 0.554815
0.000000, 0.688824, 0.000000, 0.574750
0.000000, 0.715827, 0.000000, 0.594941
0.000000, 0.742847, 0.000000, 0.615114
0.000000, 0.769486, 0.000000, 0.634896
0.000000, 0.795477, 0.000000, 0.654058
0.000000, 0.820995, 0.000000, 0.672764
0.000000, 0.846479, 0.000000, 0.691612
0.000000, 0.872229, 0.000000, 0.711955
0.000000, 0.898064, 0.000000, 0.733899
0.000000, 0.923541, 0.000000, 0.758884
0.000000, 0.948427, 0.000000, 0.929273
0.000000, 0.973004, 0.000000, 1.330892
0.000000, 1.000000, 0.000000, 0.000000
0.018189, 0.178444, 0.017689, 0.174110
0.018281, 0.267328, 0.016579, 0.244915
0.018734, 0.236793, 0.017324, 0.220613
0.018896, 0.409359, 0.016154, 0.358038
0.019293, 0.984915, -0.759021, -0.041482
0.019452, 0.297296, 0.017397, 0.269122
0.019654, 0.019337, 0.032567, 0.031928
0.019874, 0.149502, 0.020070, 0.150930
0.020665, 0.544990, 0.016907, 0.464397
0.020922, 0.517765, 0.017263, 0.443218
0.021053, 0.350280, 0.018366, 0.311425
0.021135, 0.436918, 0.017892, 0.379842
0.021183, 0.729813, 0.016255, 0.605030
0.021238, 0.702259, 0.016481, 0.584500
0.021523, 0.463839, 0.018063, 0.401053
0.021614, 0.490545, 0.017982, 0.421972
0.021764, 0.379852, 0.018773, 0.334757
0.021802, 0.756596, 0.016495, 0.624714
0.021824, 0.597310, 0.017564, 0.504838
0.021913, 0.674763, 0.017182, 0.563907
0.022110, 0.121583, 0.023352, 0.128397
0.022149, 0.208174, 0.020964, 0.198161
0.022371, 0.885957, 0.013612, 0.710335
0.022583, 0.624419, 0.018031, 0.525723
0.022661, 0.912242, 0.015935, 0.721045
0.022725, 0.572255, 0.018450, 0.485659
0.022739, 0.044448, 0.031119, 0.061047
0.022768, 0.859830, 0.015609, 0.696546
0.022816, 0.783577, 0.016928, 0.644260
0.022823, 0.324628, 0.020171, 0.291223
0.023006, 0.095475, 0.025794, 0.106893
0.023281, 0.069970, 0.028313, 0.085008
0.023377, 0.937588, 0.135411, 0.816975
0.023454, 0.834113, 0.016433, 0.679565
0.023533, 0.808963, 0.017015, 0.662253
0.023741, 0.648317, 0.018787, 0.543895
0.023811, 0.961293, 0.033936, 0.687713
0.027795, 0.000000, 0.047158, 0.000000
0.032728, 1.000000, -0.721382, 0.000000
0.036759, 0.253549, 0.033558, 0.233766
0.037405, 0.282760, 0.033644, 0.257388
0.038200, 0.186654, 0.036614, 0.179713
0.038341, 0.400010, 0.032856, 0.350721
0.039483, 0.361481, 0.034305, 0.320152
0.040004, 0.161515, 0.039369, 0.159383
0.041235, 0.227539, 0.038294, 0.212976
0.041866, 0.557627, 0.034154, 0.474584
0.041888, 0.135269, 0.042688, 0.138141
0.041922, 0.716834, 0.032403, 0.595512
0.041932, 0.610503, 0.033623, 0.515064
0.042067, 0.531238, 0.034614, 0.454197
0.042143, 0.425026, 0.035836, 0.370798
0.042220, 0.688823, 0.032959, 0.574478
0.042281, 0.504629, 0.035076, 0.433452
0.042649, 0.309370, 0.037857, 0.278670
0.043108, 0.026966, 0.059148, 0.036776
0.043299, 0.451109, 0.036521, 0.391478
0.043413, 0.770163, 0.032955, 0.634959
0.043564, 0.743133, 0.033339, 0.614979
0.043582, 0.477199, 0.036453, 0.411949
0.044124, 0.660426, 0.034796, 0.553187
0.044142, 0.900916, 0.042385, 0.743271
0.044823, 0.874262, 0.033540, 0.711789
0.045194, 0.928399, 0.167236, 0.888516
0.045648, 0.978298, -0.924161, -0.160223
0.045654, 0.054995, 0.055667, 0.067349
0.045720, 0.107484, 0.048686, 0.114800
0.045957, 0.848114, 0.036402, 0.694105
0.046430, 0.585445, 0.037540, 0.495895
0.046816, 0.081883, 0.052702, 0.092479
0.046856, 0.797383, 0.035544, 0.655258
0.047154, 0.335929, 0.041348, 0.299572
0.047368, 0.954749, -0.429620, 0.294926
0.047404, 0.822351, 0.036456, 0.674171
0.049148, 0.633976, 0.039121, 0.533315
0.049440, 0.204381, 0.046595, 0.193801
0.050685, 0.382642, 0.043696, 0.336755
0.051706, 0.000000, 0.069612, 0.000000
0.056084, 0.268467, 0.050619, 0.245012
0.059642, 1.000000, -0.690054, 0.000000
0.061108, 0.176389, 0.058644, 0.170298
0.061181, 0.245439, 0.055864, 0.226236
0.062059, 0.291743, 0.055407, 0.263902
0.062131, 0.409234, 0.053062, 0.357775
0.062153, 0.704678, 0.048202, 0.586111
0.062621, 0.676033, 0.049065, 0.564402
0.062828, 0.357928, 0.054543, 0.316578
0.063155, 0.566832, 0.051312, 0.480911
0.063188, 0.150920, 0.062255, 0.149505
0.063369, 0.491674, 0.052713, 0.422593
0.063456, 0.124141, 0.064560, 0.126942
0.063850, 0.607850, 0.051223, 0.512777
0.064253, 0.517996, 0.053013, 0.443077
0.064449, 0.542662, 0.052759, 0.462126
0.064835, 0.436996, 0.054877, 0.379718
0.065005, 0.916045, 0.104362, 0.790180
0.065082, 0.756590, 0.049342, 0.624551
0.065652, 0.729700, 0.050380, 0.604643
0.065684, 0.782337, 0.049066, 0.643101
0.065933, 0.463256, 0.055311, 0.400222
0.066168, 0.020295, 0.080936, 0.024925
0.066303, 0.889203, 0.057313, 0.729687
0.066808, 0.316489, 0.059022, 0.283894
0.066952, 0.221048, 0.061995, 0.206367
0.067097, 0.945212, -0.743678, -0.047257
0.067411, 0.043396, 0.080136, 0.051061
0.067822, 0.863042, 0.034005, 0.686191
0.068497, 0.650547, 0.054161, 0.545119
0.069047, 0.069167, 0.077313, 0.077459
0.069561, 0.837080, 0.045302, 0.676908
0.070399, 0.974915, -0.817124, -0.069905
0.070706, 0.095641, 0.074785, 0.101362
0.071761, 0.811158, 0.052020, 0.662950
0.072791, 0.195719, 0.068480, 0.185463
0.073150, 0.382082, 0.062885, 0.335363
0.074854, 0.585490, 0.060475, 0.495340
0.075997, 0.338155, 0.066495, 0.300880
0.077068, 0.627354, 0.061406, 0.527222
0.078350, 0.000000, 0.093239, 0.000000
0.079247, 0.268443, 0.071301, 0.244325
0.080655, 0.692213, 0.062770, 0.575805
0.083434, 0.480335, 0.069555, 0.413001
0.084089, 0.240144, 0.076683, 0.221153
0.084248, 0.402840, 0.071906, 0.351649
0.084316, 0.116180, 0.085478, 0.118055
0.085003, 0.929408, -0.796362, -0.115883
0.085197, 0.167845, 0.081625, 0.161784
0.085231, 0.141670, 0.083930, 0.140121
0.085237, 0.295351, 0.075693, 0.265788
0.085256, 1.000000, -0.698453, 0.000000
0.085453, 0.507308, 0.070659, 0.434124
0.085658, 0.426167, 0.072631, 0.370488
0.086042, 0.791631, 0.064172, 0.648778
0.086299, 0.558616, 0.070242, 0.473963
0.086780, 0.743334, 0.066204, 0.613761
0.087220, 0.668316, 0.068474, 0.557689
0.087519, 0.533456, 0.071807, 0.454557
0.087707, 0.903879, -0.038276, 0.617394
0.087801, 0.958216, -0.712365, -0.008484
0.088073, 0.715702, 0.067935, 0.593349
0.088291, 0.361273, 0.076493, 0.318941
0.089060, 0.451182, 0.074885, 0.389998
0.089299, 0.766739, 0.067420, 0.630628
0.089659, 0.878833, 0.191710, 0.838471
0.090262, 0.026085, 0.101499, 0.029329
0.090291, 0.603964, 0.072488, 0.509155
0.091002, 0.052791, 0.100007, 0.057723
0.091324, 0.215954, 0.084424, 0.201282
0.091484, 0.853920, 0.085315, 0.713565
0.092624, 0.079184, 0.097871, 0.083670
0.093492, 0.318899, 0.082137, 0.284366
0.093687, 0.829323, 0.067220, 0.674651
0.094440, 0.190778, 0.088650, 0.180263
0.095224, 0.645736, 0.075355, 0.540592
0.098998, 0.979956, -0.748106, -0.025473
0.099553, 0.577985, 0.080556, 0.488861
0.099717, 0.383591, 0.085642, 0.336276
0.100205, 0.254105, 0.090464, 0.231811
0.100937, 0.101106, 0.102583, 0.102789
0.101784, 0.807777, 0.075265, 0.660033
0.102186, 0.000000, 0.112182, 0.000000
0.102939, 0.690997, 0.080144, 0.574516
0.103137, 0.470945, 0.086184, 0.405376
0.103346, 0.341842, 0.089937, 0.302418
0.103482, 0.278518, 0.092419, 0.251720
0.104642, 0.942015, -0.712410, -0.031061
0.104760, 0.623694, 0.083517, 0.523778
0.105945, 0.496374, 0.087907, 0.425587
0.106334, 0.733476, 0.081365, 0.605764
0.107110, 0.127287, 0.105539, 0.125617
0.107576, 0.408672, 0.091593, 0.355975
0.107918, 0.152880, 0.103944, 0.147774
0.108476, 0.522705, 0.089329, 0.446328
0.109381, 0.918435, -0.831172, -0.169895
0.109556, 0.781986, 0.082072, 0.641260
0.109949, 0.432631, 0.092938, 0.375034
0.110044, 0.550254, 0.089839, 0.467607
0.111218, 0.231120, 0.101359, 0.212385
0.111936, 0.301134, 0.098960, 0.269809
0.111937, 0.894895, -0.545852, 0.083874
0.112044, 0.667361, 0.087958, 0.556612
0.112213, 0.176882, 0.105795, 0.167535
0.113718, 0.870985, 0.077208, 0.690949
0.113750, 1.000000, -0.704635, 0.000000
0.114168, 0.041166, 0.120496, 0.043126
0.114243, 0.756364, 0.086636, 0.622769
0.114591, 0.066130, 0.118983, 0.068250
0.114752, 0.019568, 0.121673, 0.020899
0.114869, 0.205076, 0.106383, 0.191137
0.115000, 0.599703, 0.092372, 0.505211
0.115051, 0.364628, 0.099252, 0.320284
0.115169, 0.711023, 0.088999, 0.589024
0.115887, 0.847067, 0.147559, 0.751080
0.116363, 0.961905, -0.712738, -0.025770
0.118244, 0.454013, 0.099237, 0.391499
0.120696, 0.323939, 0.105698, 0.287925
0.121138, 0.824318, 0.093433, 0.676016
0.121320, 0.644923, 0.095970, 0.539519
0.121363, 0.088597, 0.122552, 0.089284
0.121810, 0.258654, 0.109430, 0.234643
0.122916, 0.575286, 0.099476, 0.486308
0.124460, 0.389249, 0.106454, 0.339686
0.126015, 0.479781, 0.104909, 0.411575
0.126935, 0.112600, 0.124875, 0.110672
0.127419, 0.800214, 0.094486, 0.653661
0.127969, 0.688095, 0.099550, 0.571556
0.128623, 0.937858, -0.697011, -0.035447
0.128893, 0.505329, 0.106498, 0.431595
0.129048, 0.980522, -0.711465, -0.015130
0.129259, 0.000000, 0.134725, 0.000000
0.129632, 0.281273, 0.115209, 0.252762
0.130009, 0.732648, 0.099780, 0.604796
0.130339, 0.622313, 0.103862, 0.522056
0.130460, 0.138032, 0.125582, 0.132937
0.130920, 0.346487, 0.113651, 0.305728
0.131275, 0.530757, 0.107657, 0.451476
0.131453, 0.414123, 0.111532, 0.359330
0.132835, 0.162678, 0.125537, 0.154117
0.133330, 0.775470, 0.100549, 0.636056
0.133821, 0.913635, -0.710189, -0.068709
0.134123, 0.238932, 0.121370, 0.217766
0.134215, 0.189175, 0.124563, 0.176263
0.135111, 0.553930, 0.109989, 0.469229
0.135848, 0.889483, -0.845157, -0.227968
0.136232, 0.216628, 0.124578, 0.199215
0.136239, 0.051190, 0.137777, 0.051469
0.136873, 0.436869, 0.115290, 0.377134
0.137908, 0.865374, -0.356286, 0.232359
0.138029, 0.304760, 0.121447, 0.271517
0.138058, 0.665693, 0.108289, 0.554512
0.139276, 0.599672, 0.111756, 0.504425
0.139360, 0.023814, 0.141855, 0.024261
0.140847, 0.370509, 0.121216, 0.324678
0.141233, 0.709119, 0.108460, 0.586232
0.141711, 0.841753, 0.172371, 0.744300
0.141833, 0.752422, 0.107859, 0.618729
0.142091, 0.074626, 0.141321, 0.073837
0.142478, 1.000000, -0.694300, 0.000000
0.143226, 0.461362, 0.119718, 0.396223
0.143248, 0.957777, -0.696570, -0.031131
0.146795, 0.817700, 0.139966, 0.697304
0.147203, 0.259793, 0.131761, 0.234457
0.147362, 0.578257, 0.118962, 0.487395
0.147385, 0.643264, 0.116511, 0.537199
0.147559, 0.327733, 0.128648, 0.289725
0.147866, 0.098596, 0.144500, 0.096070
0.149061, 0.487043, 0.123599, 0.416150
0.149406, 0.395309, 0.127510, 0.344211
0.152054, 0.123487, 0.145908, 0.118279
0.152146, 0.512346, 0.125176, 0.435724
0.153058, 0.794155, 0.118403, 0.652424
0.153157, 0.933408, -0.687503, -0.047118
0.153806, 0.686809, 0.119591, 0.569634
0.154374, 0.000000, 0.154739, 0.000000
0.154565, 0.284341, 0.136912, 0.254295
0.154592, 0.148773, 0.145932, 0.140390
0.154916, 0.203442, 0.141726, 0.186819
0.155045, 0.175062, 0.144176, 0.163083
0.155486, 0.728855, 0.116114, 0.597856
0.156231, 0.620802, 0.124341, 0.519642
0.156663, 0.977459, -0.688780, -0.016460
0.156822, 0.535408, 0.128079, 0.453350
0.156903, 0.040269, 0.155338, 0.039640
0.157089, 0.351505, 0.135761, 0.308528
0.157297, 0.419433, 0.133203, 0.363145
0.157862, 0.907760, -0.679869, -0.061501
0.158213, 0.234305, 0.142716, 0.212577
0.158701, 0.771257, 0.116140, 0.628150
0.159409, 0.557252, 0.129346, 0.470283
0.159795, 0.883527, -0.706021, -0.107097
0.161802, 0.443399, 0.135978, 0.381889
0.162704, 0.859238, -0.833543, -0.261311
0.163799, 0.062289, 0.160146, 0.060443
0.164030, 0.307781, 0.143907, 0.273001
0.164039, 0.664131, 0.128749, 0.552236
0.165368, 0.598345, 0.132495, 0.501911
0.166162, 0.376264, 0.142387, 0.328083
0.166794, 0.834148, -0.283193, 0.260119
0.167355, 0.469039, 0.139543, 0.401894
0.168037, 0.020230, 0.164998, 0.019935
0.168453, 0.707116, 0.130672, 0.584774
0.168707, 0.747832, 0.119682, 0.605823
0.169114, 0.084688, 0.163237, 0.081215
0.169357, 1.000000, -0.677812, 0.000000
0.169743, 0.262462, 0.151153, 0.235370
0.169941, 0.953452, -0.677678, -0.034275
0.171976, 0.496101, 0.142248, 0.423030
0.173134, 0.810865, 0.230002, 0.755070
0.173351, 0.331656, 0.150712, 0.291973
0.173410, 0.575564, 0.139864, 0.483991
0.173457, 0.108841, 0.165524, 0.103412
0.173461, 0.641540, 0.136837, 0.534382
0.173762, 0.215554, 0.157310, 0.195784
0.174938, 0.401037, 0.148702, 0.347575
0.175051, 0.187624, 0.160652, 0.172396
0.176626, 0.134592, 0.166188, 0.126280
0.176642, 0.926067, -0.672239, -0.054451
0.177243, 0.160210, 0.164702, 0.148678
0.177436, 0.521517, 0.145601, 0.442598
0.179718, 0.286545, 0.158401, 0.254665
0.179840, 0.788246, 0.120759, 0.630133
0.180105, 0.684417, 0.141007, 0.567240
0.181667, 0.000000, 0.176993, 0.000000
0.181678, 0.243509, 0.162442, 0.218756
0.182138, 0.618750, 0.144826, 0.516713
0.182157, 0.043438, 0.176048, 0.041707
0.182172, 0.979942, -0.669856, -0.014795
0.182258, 0.356618, 0.157076, 0.311768
0.182281, 0.548326, 0.148186, 0.462636
0.182675, 0.900313, -0.665264, -0.071344
0.182893, 0.727404, 0.147913, 0.606083
0.183020, 0.425690, 0.154391, 0.366943
0.183489, 0.766221, 0.131693, 0.620764
0.183900, 0.876784, -0.674882, -0.100435
0.185307, 0.449808, 0.155118, 0.385779
0.186121, 0.849728, -0.645567, -0.093945
0.189310, 0.310611, 0.165313, 0.273889
0.189687, 0.477985, 0.157525, 0.407969
0.190365, 0.661570, 0.148221, 0.547779
0.190562, 0.067297, 0.182031, 0.063752
0.191208, 0.595562, 0.153109, 0.498629
0.191307, 0.381890, 0.163509, 0.331746
0.193470, 0.825474, -0.833896, -0.311505
0.193547, 0.962368, -0.660569, -0.027921
0.194325, 0.091229, 0.183751, 0.085598
0.194703, 0.225487, 0.174753, 0.202897
0.194936, 0.022423, 0.186757, 0.021460
0.195258, 0.704732, 0.153816, 0.583385
0.195313, 0.200241, 0.177042, 0.181609
0.195507, 0.940119, -0.658996, -0.044483
0.195605, 0.571597, 0.157783, 0.480020
0.195925, 0.266223, 0.173440, 0.236992
0.196113, 0.502994, 0.161605, 0.427282
0.196920, 0.118756, 0.184572, 0.110731
0.196959, 0.173813, 0.180445, 0.158978
0.197499, 0.747958, 0.193169, 0.654716
0.197581, 1.000000, -0.657941, 0.000000
0.197957, 0.336002, 0.171340, 0.294156
0.199565, 0.637914, 0.157710, 0.530606
0.199983, 0.801083, -0.236758, 0.255069
0.200053, 0.530875, 0.163536, 0.449027
0.200299, 0.407200, 0.169813, 0.351631
0.200491, 0.146052, 0.185315, 0.134490
0.202061, 0.915417, -0.653635, -0.062766
0.204291, 0.866341, -0.648456, -0.097931
0.205201, 0.289189, 0.179937, 0.255347
0.205207, 0.459213, 0.171109, 0.392232
0.205883, 0.774188, 0.393513, 0.864492
0.206548, 0.682484, 0.154764, 0.557852
0.206908, 0.361353, 0.177604, 0.314290
0.207343, 0.046642, 0.196575, 0.043882
0.207681, 0.613008, 0.165265, 0.511314
0.207790, 0.000000, 0.198105, 0.000000
0.208785, 0.433013, 0.175439, 0.371473
0.208991, 0.555754, 0.169449, 0.467709
0.209016, 0.725261, 0.157497, 0.591540
0.209391, 0.246164, 0.186289, 0.219664
0.209501, 0.891465, -0.648065, -0.081295
0.212096, 0.981279, -0.647757, -0.014027
0.212152, 0.843172, -0.651454, -0.125391
0.213462, 0.315322, 0.185482, 0.276346
0.214727, 0.483350, 0.177712, 0.410803
0.215630, 0.219354, 0.193116, 0.196548
0.215723, 0.099156, 0.200697, 0.091491
0.215910, 0.659060, 0.171087, 0.547612
0.216037, 0.585932, 0.173476, 0.490654
0.216175, 0.385836, 0.184104, 0.333573
0.216777, 0.071238, 0.203069, 0.066088
0.216952, 0.512787, 0.177954, 0.433651
0.217278, 0.958919, -0.643268, -0.030822
0.217573, 0.193445, 0.196647, 0.174495
0.218870, 0.168444, 0.199012, 0.152582
0.219663, 0.819353, -0.609428, -0.106177
0.219994, 0.934028, -0.641195, -0.049567
0.220359, 0.023394, 0.207289, 0.021906
0.220545, 0.124631, 0.203558, 0.114262
0.221596, 0.748163, 0.130626, 0.571687
0.222433, 0.341017, 0.191664, 0.296869
0.222503, 0.703501, 0.140301, 0.547904
0.223147, 0.267641, 0.196658, 0.236757
0.223405, 0.793395, -0.887051, -0.414747
0.224190, 0.634357, 0.176620, 0.526237
0.224808, 0.410388, 0.190030, 0.352897
0.224975, 0.537782, 0.183000, 0.452543
0.225772, 0.146415, 0.206630, 0.133257
0.225978, 0.456164, 0.188409, 0.388984
0.226045, 0.870393, -0.632467, -0.095467
0.226790, 1.000000, -0.636853, 0.000000
0.228086, 0.294529, 0.198992, 0.258403
0.228298, 0.910968, -0.634645, -0.066952
0.229843, 0.768465, -0.186421, 0.254246
0.230519, 0.609641, 0.183184, 0.507343
0.231256, 0.564219, 0.186318, 0.472305
0.232056, 0.047193, 0.216574, 0.043643
0.232339, 0.680522, 0.196018, 0.576487
0.232350, 0.364513, 0.198659, 0.315364
0.232532, 0.239141, 0.206295, 0.212285
0.233459, 0.000000, 0.218685, 0.000000
0.234183, 0.498030, 0.192747, 0.421227
0.234376, 0.726215, 0.100888, 0.518378
0.234525, 0.848218, -0.632281, -0.119849
0.235359, 0.432799, 0.197476, 0.370062
0.236636, 0.086685, 0.218537, 0.079213
0.236893, 0.212658, 0.211689, 0.189675
0.237502, 0.321455, 0.205397, 0.280020
0.238464, 0.953503, -0.627509, -0.035221
0.239029, 0.890673, -0.626634, -0.082984
0.240356, 0.185926, 0.215700, 0.166152
0.240367, 0.977639, -0.627468, -0.016975
0.240414, 0.655339, 0.184379, 0.537399
0.240606, 0.109986, 0.220542, 0.099850
0.240872, 0.476434, 0.199292, 0.403746
0.241151, 0.388418, 0.204645, 0.334142
0.241409, 0.587240, 0.192725, 0.488931
0.242639, 0.521114, 0.198395, 0.438994
0.242664, 0.827510, -0.603394, -0.112556
0.244314, 0.804762, -0.689599, -0.220292
0.244469, 0.163612, 0.221182, 0.147176
0.245599, 0.023221, 0.227616, 0.021353
0.246031, 0.931077, -0.622173, -0.052373
0.246459, 0.066664, 0.227416, 0.060860
0.247191, 0.255856, 0.217450, 0.225248
0.247460, 0.278862, 0.216107, 0.244221
0.247665, 0.135763, 0.225007, 0.122361
0.248323, 0.780111, -0.565259, -0.119435
0.248851, 0.343579, 0.213582, 0.297404
0.248873, 0.701754, 0.305232, 0.689119
0.248980, 0.631843, 0.195049, 0.521791
0.249165, 0.750157, -0.253241, 0.160282
0.249365, 0.545226, 0.202553, 0.457538
0.250722, 0.454288, 0.208775, 0.386093
0.250845, 0.411037, 0.211365, 0.351723
0.251293, 0.303718, 0.217855, 0.264534
0.251725, 0.868498, -0.614894, -0.099052
0.254036, 1.000000, -0.617360, 0.000000
0.254643, 0.609994, 0.201860, 0.505570
0.256243, 0.674153, 0.182228, 0.536929
0.256551, 0.910112, -0.613930, -0.068466
0.257238, 0.725989, 0.592867, 0.986200
0.257253, 0.228241, 0.227457, 0.201331
0.257346, 0.568316, 0.207845, 0.475185
0.257748, 0.367277, 0.219581, 0.316089
0.257962, 0.202572, 0.229398, 0.179371
0.258168, 0.500090, 0.211847, 0.421270
0.259056, 0.044574, 0.238331, 0.040595
0.259307, 0.000000, 0.239278, 0.000000
0.260415, 0.955847, -0.611378, -0.033752
0.261058, 0.845569, -0.608098, -0.118022
0.262083, 0.090180, 0.239181, 0.081296
0.262290, 0.432673, 0.219442, 0.368206
0.262893, 0.116893, 0.238299, 0.104843
0.264495, 0.154956, 0.237924, 0.138279
0.265756, 0.478457, 0.219494, 0.404109
0.265812, 0.323386, 0.229020, 0.280103
0.266409, 0.649085, 0.209507, 0.535711
0.266890, 0.767218, -0.494595, -0.071316
0.266944, 0.888754, -0.605784, -0.085241
0.266955, 0.524321, 0.217157, 0.439354
0.267202, 0.820378, -0.603546, -0.138183
0.267245, 0.389905, 0.226071, 0.333745
0.267511, 0.180911, 0.239299, 0.160758
0.267542, 0.592616, 0.215213, 0.493900
0.268199, 0.796131, -0.612477, -0.169040
0.268251, 0.978363, -0.607156, -0.016622
0.268970, 0.248564, 0.236025, 0.217729
0.271093, 0.293725, 0.234903, 0.255043
0.271633, 0.932642, -0.603522, -0.051738
0.272014, 0.022053, 0.248833, 0.019972
0.272062, 0.692038, 0.150717, 0.505761
0.272066, 0.271676, 0.237486, 0.237124
0.272927, 0.066737, 0.248742, 0.060071
0.274413, 0.456410, 0.227762, 0.386108
0.274576, 0.547593, 0.221136, 0.456265
0.274587, 0.347239, 0.234747, 0.298887
0.275392, 0.622454, 0.223196, 0.520044
0.276787, 0.740812, -0.935649, -0.547794
0.276850, 0.713463, 0.013769, 0.374348
0.277480, 0.136693, 0.249272, 0.121568
0.277505, 0.865587, -0.596604, -0.103043
0.277545, 0.411715, 0.233184, 0.350569
0.278587, 0.208805, 0.246644, 0.183809
0.281569, 1.000000, -0.596821, 0.000000
0.281645, 0.571977, 0.223390, 0.472802
0.282219, 0.670004, 0.219920, 0.549491
0.282575, 0.503016, 0.231666, 0.422541
0.282837, 0.107162, 0.255059, 0.095380
0.283509, 0.910221, -0.594236, -0.069200
0.284252, 0.369850, 0.241242, 0.316497
0.284989, 0.955516, -0.593483, -0.034353
0.285054, 0.231719, 0.250322, 0.202581
0.285054, 0.839298, -0.589830, -0.123327
0.285439, 0.043929, 0.259455, 0.039453
0.285876, 0.000000, 0.260476, 0.000000
0.286379, 0.308116, 0.246777, 0.266047
0.286740, 0.163907, 0.255887, 0.144931
0.287421, 0.786447, -0.581929, -0.160951
0.288043, 0.434002, 0.240294, 0.367572
0.288871, 0.762497, -0.573043, -0.171926
0.289041, 0.598976, 0.219963, 0.485611
0.289865, 0.481418, 0.238600, 0.404795
0.290073, 0.085487, 0.261813, 0.076102
0.290418, 0.644708, 0.236765, 0.539445
0.291515, 0.813647, -0.585206, -0.144815
0.292012, 0.526249, 0.237920, 0.440197
0.292615, 0.189367, 0.259284, 0.166442
0.292776, 0.330239, 0.250864, 0.283989
0.292842, 0.257824, 0.255351, 0.224131
0.292989, 0.887326, -0.586294, -0.087146
0.294213, 0.391619, 0.247952, 0.333271
0.295490, 0.978149, -0.586792, -0.016970
0.296874, 0.457529, 0.245752, 0.385361
0.297090, 0.283838, 0.257483, 0.245699
0.297617, 0.125429, 0.266317, 0.110784
0.297626, 0.693809, 0.196578, 0.526070
0.297738, 0.932217, -0.584167, -0.052599
0.298259, 0.721911, -0.519336, -0.165583
0.298611, 0.021448, 0.270092, 0.019149
0.298750, 0.550787, 0.242763, 0.459801
0.300603, 0.860108, -0.579479, -0.108293
0.300675, 0.063938, 0.271158, 0.056858
0.300970, 0.621485, 0.213158, 0.487217
0.302113, 0.352127, 0.257207, 0.301277
0.303875, 0.147904, 0.270322, 0.130021
0.303994, 0.213993, 0.267490, 0.186893
0.304024, 0.575830, 0.250264, 0.483666
0.304125, 0.413151, 0.254535, 0.349709
0.304271, 0.745447, -0.618545, -0.245005
0.305316, 0.666707, 0.263666, 0.572852
0.308522, 0.504957, 0.251630, 0.421668
0.308881, 1.000000, -0.576454, 0.000000
0.309144, 0.794786, -0.568372, -0.157772
0.309279, 0.835188, -0.571817, -0.127779
0.309376, 0.238680, 0.269966, 0.207010
0.309697, 0.104971, 0.276921, 0.092472
0.309794, 0.308409, 0.266330, 0.265097
0.310349, 0.955749, -0.574814, -0.034519
0.310394, 0.909002, -0.574367, -0.070913
0.311251, 0.771441, -0.558982, -0.169089
0.311336, 0.172571, 0.275539, 0.151087
0.312089, 0.374032, 0.263941, 0.318330
0.312578, 0.041585, 0.281123, 0.036878
0.312902, 0.000000, 0.281925, 0.000000
0.312991, 0.480008, 0.257204, 0.402002
0.313525, 0.599034, 0.271578, 0.516125
0.313550, 0.434674, 0.260598, 0.365992
0.315339, 0.879893, -0.569232, -0.093626
0.315768, 0.641776, 0.194833, 0.472037
0.315896, 0.264645, 0.273865, 0.228381
0.316220, 0.530481, 0.254587, 0.439491
0.317572, 0.084346, 0.284200, 0.074327
0.318834, 0.331856, 0.272184, 0.283657
0.319123, 0.456344, 0.263504, 0.382604
0.319176, 0.196078, 0.280528, 0.170624
0.319313, 0.813869, -0.563717, -0.145353
0.319415, 0.709494, -0.693294, -0.361227
0.322094, 0.395993, 0.270566, 0.335239
0.322208, 0.684443, -0.277027, 0.022860
0.322436, 0.128827, 0.286525, 0.112781
0.322517, 0.978261, -0.566383, -0.017053
0.322703, 0.555069, 0.253464, 0.453450
0.323263, 0.933398, -0.565053, -0.052183
0.323589, 0.288739, 0.278757, 0.247931
0.324182, 0.734267, -0.512189, -0.164340
0.325578, 0.855542, -0.560686, -0.112859
0.326201, 0.020270, 0.292095, 0.017868
0.327357, 0.061448, 0.292547, 0.054045
0.327531, 0.618471, 0.321797, 0.570444
0.328045, 0.577966, 0.246581, 0.461283
0.328797, 0.154123, 0.290221, 0.134190
0.328872, 0.354788, 0.278860, 0.301633
0.329563, 0.221301, 0.288121, 0.191684
0.329610, 0.759076, -0.564623, -0.199962
0.330568, 0.660488, 0.168866, 0.442893
0.330960, 0.895508, -0.557875, -0.081952
0.331782, 0.418375, 0.276778, 0.352324
0.332554, 0.491868, 0.271870, 0.409758
0.333030, 0.787343, -0.548192, -0.162897
0.333260, 0.244976, 0.289141, 0.210881
0.334591, 0.515633, 0.272344, 0.428765
0.335389, 0.108056, 0.297281, 0.094190
0.335467, 0.311864, 0.287099, 0.266291
0.336197, 1.000000, -0.555927, 0.000000
0.336529, 0.956482, -0.555252, -0.034278
0.336655, 0.833828, -0.551364, -0.130307
0.337058, 0.177592, 0.296112, 0.154039
0.338176, 0.466563, 0.277932, 0.389196
0.339348, 0.377651, 0.285828, 0.319386
0.339432, 0.916104, -0.552462, -0.066073
0.340205, 0.039851, 0.303126, 0.034929
0.340243, 0.596660, 0.229792, 0.450121
0.340434, 0.270165, 0.293504, 0.231418
0.340473, 0.441724, 0.282003, 0.370072
0.340735, 0.000000, 0.304095, 0.000000
0.341799, 0.540753, 0.279683, 0.451222
0.342147, 0.082467, 0.303793, 0.071962
0.342293, 0.872772, -0.548640, -0.100090
0.342309, 0.636401, 0.436431, 0.686841
0.342832, 0.811122, -0.545522, -0.148246
0.342893, 0.698479, -0.458061, -0.156753
0.343883, 0.202711, 0.300041, 0.174801
0.344250, 0.722484, -0.577969, -0.255408
0.345212, 0.334978, 0.293502, 0.284502
0.345859, 0.136032, 0.305134, 0.118063
0.348217, 0.566793, 0.302213, 0.489924
0.349192, 0.400769, 0.292136, 0.337202
0.349260, 0.676530, -0.661198, -0.379023
0.349703, 0.978586, -0.545729, -0.016960
0.350115, 0.745691, -0.521055, -0.184445
0.350917, 0.292080, 0.300715, 0.248892
0.351546, 0.937075, -0.543606, -0.049790
0.352056, 0.771292, -0.541699, -0.184850
0.353505, 0.850094, -0.539529, -0.118260
0.354031, 0.059622, 0.313659, 0.051867
0.354601, 0.020082, 0.314754, 0.017502
0.355371, 0.358204, 0.300126, 0.302602
0.355383, 0.158701, 0.311504, 0.136907
0.355711, 0.616636, 0.161478, 0.385708
0.355885, 0.653221, -0.493947, -0.247836
0.355928, 0.475919, 0.291237, 0.395100
0.356075, 0.894388, -0.538909, -0.083568
0.356086, 0.498873, 0.289163, 0.412601
0.356248, 0.250889, 0.307568, 0.214526
0.356298, 0.228089, 0.309242, 0.195725
0.358026, 0.425025, 0.297407, 0.355791
0.359081, 0.796622, -0.531042, -0.158957
0.359294, 0.099523, 0.316513, 0.086054
0.359982, 0.522029, 0.286988, 0.426811
0.360120, 0.121538, 0.316681, 0.104938
0.361282, 0.183633, 0.315285, 0.157922
0.361597, 0.590189, 0.363372, 0.558565
0.361677, 0.314728, 0.308074, 0.266846
0.363688, 1.000000, -0.535088, 0.000000
0.363761, 0.451915, 0.299710, 0.376248
0.364139, 0.825531, -0.530402, -0.138279
0.364343, 0.958328, -0.534200, -0.033140
0.365369, 0.709599, -0.500718, -0.207269
0.366056, 0.381912, 0.307072, 0.320923
0.366379, 0.545537, 0.272582, 0.426910
0.366613, 0.916265, -0.531888, -0.066583
0.367148, 0.271372, 0.315260, 0.230900
0.367542, 0.208605, 0.318704, 0.178434
0.368239, 0.871720, -0.529093, -0.101839
0.368651, 0.040118, 0.325731, 0.034774
0.368780, 0.000000, 0.326421, 0.000000
0.369231, 0.076857, 0.325431, 0.066433
0.370599, 0.688870, -0.553957, -0.280988
0.371222, 0.730868, -0.527594, -0.220458
0.371306, 0.337778, 0.314343, 0.284981
0.372537, 0.567208, 0.236565, 0.404021
0.372549, 0.635932, -0.363086, -0.143702
0.373845, 0.755313, -0.513615, -0.188207
0.374970, 0.664781, -0.494307, -0.248144
0.374995, 0.406129, 0.312405, 0.339543
0.375176, 0.142974, 0.328548, 0.122876
0.376124, 0.779243, -0.520521, -0.176650
0.376685, 0.477892, 0.307919, 0.395577
0.377363, 0.293131, 0.322104, 0.248119
0.377614, 0.979346, -0.524384, -0.016511
0.378337, 0.848312, -0.520817, -0.120742
0.379011, 0.937657, -0.522731, -0.049796
0.379329, 0.245881, 0.326811, 0.209243
0.379478, 0.609508, 0.565452, 0.757778
0.379714, 0.503390, 0.309470, 0.416352
0.380317, 0.168284, 0.331118, 0.143939
0.381052, 0.361856, 0.320490, 0.303729
0.381352, 0.805876, -0.515621, -0.153703
0.381461, 0.894252, -0.519792, -0.084416
0.381568, 0.432431, 0.315569, 0.359818
0.382844, 0.020233, 0.337197, 0.017446
0.383175, 0.117831, 0.335325, 0.101006
0.383488, 0.096217, 0.336030, 0.082579
0.383692, 0.058841, 0.337342, 0.050667
0.385116, 0.528834, 0.323059, 0.447001
0.385401, 0.194365, 0.334254, 0.165840
0.386191, 0.223490, 0.333051, 0.189959
0.386231, 0.584648, 0.136714, 0.307403
0.387285, 0.314751, 0.328606, 0.265075
0.389156, 0.457127, 0.319275, 0.378220
0.390392, 0.709828, -0.500578, -0.227104
0.391409, 0.269875, 0.334989, 0.228265
0.391591, 1.000000, -0.513717, 0.000000
0.391961, 0.827147, -0.509346, -0.138138
0.392033, 0.958756, -0.513085, -0.033105
0.392115, 0.386842, 0.327312, 0.322736
0.392873, 0.554526, 0.415289, 0.554601
0.393360, 0.916389, -0.511476, -0.067080
0.393565, 0.871718, -0.509864, -0.102712
0.393637, 0.682449, -0.502506, -0.255629
0.393793, 0.653018, -0.437207, -0.215196
0.394154, 0.737283, -0.505465, -0.211702
0.395696, 0.337219, 0.333736, 0.282648
0.396570, 0.627385, -0.730709, -0.533709
0.396750, 0.000000, 0.348574, 0.000000
0.397559, 0.039791, 0.348697, 0.034142
0.398079, 0.762784, -0.499273, -0.187371
0.398150, 0.078802, 0.348644, 0.067503
0.398587, 0.786426, -0.502504, -0.170977
0.398646, 0.483613, 0.323806, 0.397344
0.398939, 0.413466, 0.330622, 0.343268
0.400391, 0.131087, 0.348563, 0.111680
0.400638, 0.154365, 0.348208, 0.131425
0.403099, 0.509149, 0.320680, 0.412229
0.403290, 0.291794, 0.343075, 0.245429
0.403685, 0.849858, -0.501432, -0.120523
0.404135, 0.359687, 0.338759, 0.300027
0.404294, 0.248611, 0.346859, 0.210152
0.404633, 0.601435, -0.125358, 0.039155
0.404716, 0.178907, 0.350189, 0.151808
0.405592, 0.979487, -0.502917, -0.016548
0.406279, 0.937824, -0.501873, -0.050110
0.406695, 0.438554, 0.334672, 0.362349
0.406736, 0.204823, 0.350666, 0.173436
0.406881, 0.575968, 0.699273, 0.843937
0.407157, 0.894621, -0.500256, -0.084844
0.407704, 0.103470, 0.355238, 0.088102
0.408625, 0.806147, -0.495345, -0.155422
0.409167, 0.534553, 0.293538, 0.401126
0.410522, 0.227953, 0.352333, 0.192371
0.411212, 0.020164, 0.359684, 0.017217
0.412107, 0.060089, 0.360037, 0.051279
0.412373, 0.314872, 0.348749, 0.263548
0.413063, 0.723445, -0.485649, -0.219218
0.413091, 0.697372, -0.489438, -0.245761
0.413363, 0.669127, -0.458514, -0.238833
0.413882, 0.463622, 0.338094, 0.381177
0.414439, 0.379464, 0.345478, 0.315054
0.416851, 0.643221, -0.556934, -0.362763
0.417679, 0.750760, -0.486286, -0.200612
0.417962, 0.269418, 0.356372, 0.226350
0.418575, 0.828036, -0.488923, -0.138538
0.418627, 0.401067, 0.347139, 0.331883
0.419545, 1.000000, -0.492237, 0.000000
0.419624, 0.873308, -0.489931, -0.102296
0.419693, 0.958879, -0.491848, -0.033303
0.419695, 0.558476, 0.265577, 0.382003
0.420174, 0.617057, -0.271955, -0.103340
0.420175, 0.916550, -0.490875, -0.067530
0.420730, 0.338639, 0.353645, 0.282066
0.421539, 0.778901, -0.483728, -0.177406
0.421580, 0.489463, 0.343242, 0.401952
0.422462, 0.120582, 0.366462, 0.102115
0.423813, 0.083415, 0.368841, 0.070824
0.424497, 0.143360, 0.367304, 0.121160
0.424668, 0.000000, 0.370698, 0.000000
0.425702, 0.040764, 0.371061, 0.034661
0.425819, 0.423446, 0.350890, 0.348835
0.425876, 0.166133, 0.367828, 0.140269
0.426602, 0.514790, 0.359579, 0.435822
0.427800, 0.851461, -0.482804, -0.120143
0.428126, 0.190974, 0.368287, 0.160804
0.428153, 0.587694, -0.799956, -0.664502
0.429152, 0.293717, 0.363337, 0.245194
0.430982, 0.360878, 0.359984, 0.298996
0.431577, 0.216037, 0.369950, 0.181514
0.431652, 0.242943, 0.368546, 0.203667
0.432227, 0.802884, -0.477329, -0.159267
0.432702, 0.446688, 0.354109, 0.366242
0.433550, 0.979458, -0.481367, -0.016720
0.433556, 0.938072, -0.480886, -0.050347
0.433657, 0.683302, -0.458223, -0.243514
0.433725, 0.895194, -0.479851, -0.085096
0.433996, 0.539788, 0.479979, 0.571743
0.435092, 0.710533, -0.471647, -0.234953
0.436186, 0.734697, -0.469621, -0.212844
0.437268, 0.658885, -0.492146, -0.301637
0.437322, 0.319035, 0.367989, 0.265024
0.437507, 0.102819, 0.379109, 0.086818
0.438655, 0.063350, 0.380993, 0.053587
0.438950, 0.470643, 0.356841, 0.384249
0.439008, 0.020725, 0.381698, 0.017541
0.439481, 0.384640, 0.364816, 0.317188
0.439514, 0.632871, -0.393142, -0.226774
0.440008, 0.761659, -0.469392, -0.192856
0.440731, 0.265616, 0.374383, 0.221672
0.440765, 0.606329, -0.549410, -0.407238
0.441582, 0.567788, -0.036737, 0.068518
0.442878, 0.825394, -0.470217, -0.141731
0.445284, 0.495495, 0.363860, 0.407141
0.445542, 0.407403, 0.367612, 0.334537
0.446328, 0.873502, -0.469392, -0.103000
0.446946, 0.126384, 0.385898, 0.106269
0.447114, 0.342634, 0.373946, 0.283176
0.447139, 0.917247, -0.470057, -0.067535
0.447442, 1.000000, -0.470705, 0.000000
0.447472, 0.958818, -0.470386, -0.033644
0.448419, 0.846593, -0.466288, -0.124765
0.448616, 0.784714, -0.463706, -0.174562
0.448726, 0.149697, 0.386241, 0.125568
0.449473, 0.173867, 0.386188, 0.145710
0.450455, 0.520011, 0.410790, 0.469760
0.450920, 0.285709, 0.381218, 0.237372
0.451938, 0.198658, 0.386802, 0.166044
0.452131, 0.000000, 0.392425, 0.000000
0.452217, 0.084526, 0.391325, 0.071153
0.452472, 0.430068, 0.371015, 0.351611
0.452491, 0.042744, 0.392204, 0.036029
0.453738, 0.696010, -0.449492, -0.240922
0.453797, 0.224158, 0.387058, 0.186994
0.456359, 0.545865, -0.453227, -0.378409
0.456580, 0.307258, 0.384078, 0.254252
0.456628, 0.366730, 0.379549, 0.301568
0.458169, 0.744230, -0.453694, -0.207190
0.458219, 0.590570, -0.383195, -0.269286
0.458564, 0.246783, 0.389478, 0.205198
0.458570, 0.453223, 0.373326, 0.368713
0.459319, 0.646504, -0.419336, -0.257951
0.459334, 0.672509, -0.458736, -0.275040
0.459429, 0.808224, -0.456444, -0.156257
0.460133, 0.896278, -0.459464, -0.084915
0.460217, 0.721177, -0.451586, -0.226672
0.460669, 0.618871, -0.482806, -0.346544
0.461212, 0.938129, -0.459462, -0.050734
0.461451, 0.979337, -0.459761, -0.016966
0.463791, 0.477226, 0.380385, 0.392009
0.464431, 0.107739, 0.400316, 0.090230
0.465147, 0.390484, 0.384175, 0.319493
0.465455, 0.328922, 0.389498, 0.270975
0.465654, 0.569522, -0.428465, -0.338854
0.465822, 0.021336, 0.402815, 0.017902
0.465934, 0.064714, 0.402530, 0.054287
0.466409, 0.857546, -0.452833, -0.116552
0.466828, 0.765825, -0.448637, -0.190811
0.468408, 0.268625, 0.395951, 0.222370
0.469548, 0.501732, 0.453772, 0.481767
0.470764, 0.831745, -0.448786, -0.137758
0.471495, 0.131629, 0.405327, 0.109903
0.471750, 0.155829, 0.404142, 0.129786
0.472319, 0.413284, 0.387642, 0.336560
0.472748, 0.180660, 0.404249, 0.150321
0.473540, 0.526621, -0.112306, -0.067567
0.474218, 0.351407, 0.394348, 0.287928
0.474609, 0.917343, -0.448708, -0.068024
0.474923, 0.788440, -0.443651, -0.173031
0.474940, 0.878391, -0.447200, -0.099871
0.475044, 0.205910, 0.404627, 0.170866
0.475218, 1.000000, -0.449163, 0.000000
0.475346, 0.958593, -0.448743, -0.034121
0.475384, 0.698689, -0.435600, -0.243050
0.476837, 0.291992, 0.401224, 0.240764
0.478590, 0.088368, 0.412141, 0.073810
0.478801, 0.436016, 0.393294, 0.356305
0.479001, 0.042978, 0.413046, 0.035926
0.479179, 0.000000, 0.413716, 0.000000
0.479363, 0.229091, 0.406902, 0.189635
0.479869, 0.603800, -0.404991, -0.297988
0.480166, 0.631953, -0.445101, -0.314101
0.480982, 0.551604, -0.430531, -0.369779
0.481618, 0.656525, -0.419728, -0.268603
0.481937, 0.742267, -0.435398, -0.210496
0.483381, 0.374542, 0.399913, 0.305729
0.483477, 0.679199, -0.431724, -0.262756
0.483741, 0.459888, 0.395128, 0.374560
0.484205, 0.314411, 0.405112, 0.257950
0.485437, 0.719022, -0.430625, -0.228869
0.485764, 0.810593, -0.436195, -0.155582
0.485933, 0.251645, 0.410629, 0.207519
0.486933, 0.579153, -0.428960, -0.349365
0.488332, 0.854322, -0.435738, -0.119986
0.488459, 0.483910, 0.416147, 0.412243
0.488887, 0.898045, -0.436996, -0.084176
0.489045, 0.937779, -0.437799, -0.051459
0.489233, 0.979082, -0.438147, -0.017324
0.491153, 0.113124, 0.420838, 0.093900
0.491441, 0.065395, 0.422506, 0.054418
0.491729, 0.767242, -0.429527, -0.191133
0.492078, 0.397239, 0.403700, 0.321727
0.492573, 0.021652, 0.423809, 0.018018
0.493070, 0.336711, 0.410729, 0.275361
0.493515, 0.508638, -0.290237, -0.277647
0.494316, 0.163233, 0.421435, 0.134980
0.494567, 0.275235, 0.415928, 0.225979
0.495127, 0.138780, 0.423677, 0.115044
0.495711, 0.188696, 0.421757, 0.155844
0.496890, 0.532865, -0.394297, -0.363298
0.497483, 0.832811, -0.428160, -0.138026
0.499466, 0.419246, 0.399824, 0.330566
0.499693, 0.621689, -0.405840, -0.300338
0.500567, 0.211647, 0.424343, 0.174270
0.500829, 0.788578, -0.423487, -0.174274
0.501232, 0.359036, 0.413258, 0.290353
0.501391, 0.876186, -0.426644, -0.102531
0.502380, 0.697784, -0.416970, -0.247897
0.502774, 1.000000, -0.427703, 0.000000
0.502924, 0.087909, 0.431046, 0.072849
0.503140, 0.917715, -0.426389, -0.068298
0.503155, 0.559464, -0.402336, -0.353787
0.503174, 0.298734, 0.421327, 0.244387
0.503180, 0.958013, -0.427029, -0.034895
0.503810, 0.646907, -0.416180, -0.292400
0.504011, 0.443323, 0.427730, 0.375299
0.504024, 0.595787, -0.412318, -0.333028
0.505316, 0.044017, 0.433668, 0.036497
0.505475, 0.234701, 0.426948, 0.192699
0.505703, 0.671300, -0.409836, -0.266432
0.506045, 0.000000, 0.434800, 0.000000
0.506140, 0.748970, -0.416998, -0.206584
0.506873, 0.725887, -0.414492, -0.224877
0.508855, 0.467399, 0.472272, 0.436769
0.510901, 0.381955, 0.424157, 0.312801
0.511274, 0.321385, 0.424986, 0.260886
0.511661, 0.812739, -0.416029, -0.155021
0.511905, 0.258216, 0.430405, 0.211213
0.512695, 0.491667, -0.299361, -0.317095
0.513181, 0.853991, -0.416487, -0.121188
0.515643, 0.107662, 0.440263, 0.088763
0.516265, 0.896514, -0.415645, -0.086164
0.516640, 0.174040, 0.438341, 0.142876
0.516696, 0.978970, -0.416683, -0.017568
0.517344, 0.576906, -0.392562, -0.341119
0.517354, 0.937073, -0.415628, -0.052490
0.517628, 0.066943, 0.442982, 0.055263
0.517696, 0.128821, 0.441489, 0.106077
0.517958, 0.516451, -0.382181, -0.383479
0.518850, 0.021846, 0.444305, 0.018031
0.519018, 0.539974, -0.388718, -0.370615
0.519357, 0.152168, 0.442129, 0.125150
0.520438, 0.402503, 0.446424, 0.344724
0.520538, 0.768109, -0.407069, -0.192021
0.520573, 0.282410, 0.435523, 0.229899
0.520682, 0.343768, 0.435185, 0.282432
0.520828, 0.612745, -0.396951, -0.317430
0.522242, 0.194726, 0.442136, 0.159490
0.523212, 0.710316, -0.401312, -0.238966
0.524295, 0.793404, -0.405214, -0.171483
0.524398, 0.427312, 0.390871, 0.307383
0.524548, 0.636019, -0.393235, -0.296632
0.525067, 0.832349, -0.406410, -0.139494
0.526061, 0.217570, 0.444036, 0.177804
0.526387, 0.684120, -0.396301, -0.259335
0.527564, 0.366341, 0.423085, 0.284061
0.528355, 0.875476, -0.405317, -0.103920
0.528811, 0.659953, -0.394234, -0.280428
0.529122, 0.451888, 0.584659, 0.517600
0.529234, 0.740402, -0.398043, -0.214690
0.529972, 0.305954, 0.441804, 0.248436
0.530172, 1.000000, -0.406247, 0.000000
0.530444, 0.089582, 0.452572, 0.073642
0.530663, 0.957938, -0.405497, -0.035257
0.530966, 0.240928, 0.446356, 0.196178
0.531025, 0.044225, 0.453688, 0.036374
0.531138, 0.915136, -0.404436, -0.071040
0.531803, 0.557072, -0.381586, -0.359735
0.532864, 0.000000, 0.455805, 0.000000
0.533407, 0.594211, -0.382642, -0.330048
0.533546, 0.477032, -0.091474, -0.138782
0.536373, 0.502298, -0.375651, -0.405056
0.536981, 0.264781, 0.449315, 0.214847
0.538230, 0.854778, -0.396910, -0.121457
0.538303, 0.328356, 0.440670, 0.259668
0.540596, 0.812735, -0.393098, -0.156277
0.540983, 0.171192, 0.458154, 0.139759
0.541217, 0.115604, 0.459975, 0.094557
0.541218, 0.384591, 0.394060, 0.258891
0.541692, 0.142733, 0.459783, 0.116636
0.541775, 0.529978, -0.370907, -0.381088
0.542970, 0.719541, -0.386073, -0.232553
0.543223, 0.066545, 0.462902, 0.054504
0.543728, 0.783684, -0.389591, -0.180511
0.544058, 0.978916, -0.395189, -0.017764
0.544319, 0.936346, -0.394493, -0.053551
0.544386, 0.618937, -0.377791, -0.313170
0.544405, 0.410914, 0.510648, 0.395925
0.544478, 0.892248, -0.393333, -0.090453
0.545017, 0.022048, 0.464583, 0.018050
0.545762, 0.694540, -0.382192, -0.252736
0.545839, 0.760093, -0.386731, -0.199959
0.545875, 0.197843, 0.460292, 0.160843
0.546600, 0.288838, 0.454944, 0.233076
0.546711, 0.575193, -0.372155, -0.347474
0.547346, 0.354449, 0.482106, 0.316010
0.549131, 0.643531, -0.375837, -0.293824
0.549332, 0.435896, 0.239874, 0.144420
0.550642, 0.223315, 0.462787, 0.181190
0.551303, 0.837249, -0.385780, -0.136473
0.552587, 0.668790, -0.375832, -0.274673
0.553357, 0.461337, -0.321777, -0.398463
0.554055, 0.089925, 0.470750, 0.073355
0.555678, 0.551427, -0.363016, -0.366690
0.555760, 0.248068, 0.464726, 0.200127
0.556518, 0.737666, -0.376404, -0.218599
0.556976, 0.044611, 0.473840, 0.036398
0.557066, 0.868024, -0.382290, -0.111021
0.557425, 0.914124, -0.383778, -0.072482
0.557435, 1.000000, -0.384803, 0.000000
0.557731, 0.957538, -0.384195, -0.035897
0.557736, 0.486851, -0.350853, -0.412009
0.557838, 0.308530, 0.464740, 0.250268
0.558102, 0.510995, -0.357290, -0.397951
0.558563, 0.598652, -0.364885, -0.330104
0.559743, 0.000000, 0.476788, 0.000000
0.560899, 0.332652, 0.450355, 0.253959
0.561542, 0.272798, 0.467544, 0.219534
0.561956, 0.799543, -0.376004, -0.168351
0.562817, 0.158400, 0.475449, 0.128473
0.564514, 0.132351, 0.477639, 0.107417
0.564544, 0.397143, 0.299836, 0.155448
0.564586, 0.371444, 0.555047, 0.389212
0.565526, 0.183873, 0.476441, 0.148897
0.565863, 0.110205, 0.479198, 0.089483
0.566332, 0.711527, -0.367249, -0.240566
0.567765, 0.623703, -0.359814, -0.311207
0.567923, 0.820497, -0.371960, -0.151103
0.568450, 0.687607, -0.364143, -0.260255
0.568473, 0.776947, -0.369535, -0.187282
0.568764, 0.068015, 0.482696, 0.055266
0.569613, 0.530004, -0.350135, -0.384365
0.569851, 0.891336, -0.373324, -0.091946
0.569856, 0.421279, 0.798494, 0.673885
0.570513, 0.209477, 0.478421, 0.168654
0.570903, 0.022036, 0.484481, 0.017893
0.570917, 0.935701, -0.373515, -0.054550
0.570931, 0.576434, -0.353471, -0.348680
0.571167, 0.978812, -0.373825, -0.018011
0.572583, 0.649297, -0.357967, -0.291178
0.572820, 0.754275, -0.364473, -0.205975
0.573445, 0.447111, -0.279093, -0.385995
0.573559, 0.846934, -0.368788, -0.129330
0.575279, 0.348631, 0.445734, 0.250724
0.575498, 0.234946, 0.481765, 0.189569
0.576842, 0.473882, -0.339513, -0.428201
0.576906, 0.291101, 0.479013, 0.233466
0.579125, 0.554298, -0.345044, -0.366552
0.579845, 0.261122, 0.481286, 0.207864
0.580706, 0.728253, -0.356991, -0.227930
0.580760, 0.502728, -0.338358, -0.405793
0.580808, 0.090770, 0.491441, 0.073443
0.581500, 0.318895, 0.483984, 0.258735
0.582126, 0.671044, -0.352164, -0.274565
0.582181, 0.045095, 0.493265, 0.036495
0.582444, 0.601598, -0.346628, -0.329959
0.583116, 0.870148, -0.362228, -0.110261
0.583519, 0.913429, -0.363123, -0.073667
0.584488, 0.957377, -0.363065, -0.036349
0.584542, 1.000000, -0.363410, 0.000000
0.585216, 0.144735, 0.492888, 0.116605
0.585934, 0.385724, 0.812337, 0.640935
0.586542, 0.170900, 0.492986, 0.137430
0.586920, 0.000000, 0.497980, 0.000000
0.587402, 0.798408, -0.355750, -0.170553
0.589762, 0.116787, 0.497621, 0.094129
0.589982, 0.699428, -0.347805, -0.252102
0.590021, 0.824804, -0.354702, -0.148545
0.590441, 0.628287, -0.342447, -0.309466
0.590489, 0.196152, 0.495018, 0.157627
0.591626, 0.406912, -0.480222, -0.634423
0.592312, 0.529422, -0.332534, -0.387005
0.592768, 0.773279, -0.349777, -0.191506
0.593449, 0.365837, 0.402412, 0.206956
0.593853, 0.431438, -0.477608, -0.616742
0.594337, 0.067951, 0.502464, 0.054773
0.595289, 0.579612, -0.334713, -0.348335
0.595401, 0.221323, 0.496025, 0.175908
0.596211, 0.022269, 0.503766, 0.017931
0.596258, 0.748168, -0.345619, -0.212419
0.596455, 0.891672, -0.352059, -0.092384
0.596669, 0.457263, -0.327204, -0.447128
0.597207, 0.935726, -0.352707, -0.055001
0.598001, 0.341325, 0.514670, 0.294470
0.598182, 0.978589, -0.352461, -0.018366
0.598395, 0.483636, -0.323761, -0.422774
0.598865, 0.651292, -0.337524, -0.291735
0.599101, 0.849684, -0.348460, -0.127990
0.599316, 0.273960, 0.492317, 0.213785
0.599431, 0.246787, 0.501142, 0.199238
0.600352, 0.554814, -0.328430, -0.367926
0.600428, 0.297908, 0.498706, 0.239394
0.602343, 0.721248, -0.339482, -0.235168
0.604550, 0.091539, 0.509508, 0.073469
0.604786, 0.510097, -0.321093, -0.402976
0.605306, 0.607834, -0.329046, -0.326836
0.605416, 0.677278, -0.334137, -0.271231
0.605682, 0.319872, 0.490999, 0.246621
0.607028, 0.135608, 0.509765, 0.108513
0.607446, 0.045824, 0.512572, 0.036779
0.608104, 0.160820, 0.509749, 0.128514
0.609657, 0.914401, -0.342337, -0.073454
0.609882, 0.869654, -0.340917, -0.111605
0.611189, 0.809097, -0.337402, -0.162837
0.611352, 0.956924, -0.341761, -0.037068
0.611441, 1.000000, -0.342134, 0.000000
0.611488, 0.185268, 0.511117, 0.147505
0.612333, 0.386513, 0.025214, -0.162778
0.613669, 0.786663, -0.333872, -0.181538
0.613933, 0.832889, -0.335765, -0.142722
0.614432, 0.000000, 0.519229, 0.000000
0.614921, 0.413327, -0.254896, -0.427880
0.615896, 0.111005, 0.517482, 0.088697
0.615934, 0.209662, 0.514209, 0.167602
0.615951, 0.699441, -0.327121, -0.253867
0.616073, 0.630719, -0.322289, -0.309487
0.616850, 0.439389, -0.309343, -0.462136
0.617031, 0.537665, -0.313975, -0.382788
0.617298, 0.359910, 0.649720, 0.428864
0.617701, 0.589126, -0.317756, -0.342640
0.617824, 0.763745, -0.329256, -0.200782
0.619352, 0.740887, -0.326893, -0.219935
0.619790, 0.464928, -0.305747, -0.439277
0.619947, 0.069944, 0.522100, 0.055906
0.620321, 0.234344, 0.511600, 0.181949
0.620345, 0.022632, 0.522148, 0.018079
0.620364, 0.565682, -0.313569, -0.361073
0.620906, 0.489472, -0.306756, -0.420253
0.621521, 0.260260, 0.522959, 0.214364
0.622077, 0.893355, -0.331647, -0.091711
0.622390, 0.657392, -0.319153, -0.288510
0.623276, 0.285240, 0.498999, 0.210510
0.624151, 0.935155, -0.331261, -0.055991
0.624439, 0.335966, 0.466527, 0.221604
0.624995, 0.978270, -0.331201, -0.018818
0.626661, 0.309379, 0.531803, 0.259700
0.627537, 0.515337, -0.303862, -0.400956
0.627969, 0.721016, -0.318838, -0.236955
0.629835, 0.849559, -0.323473, -0.129165
0.630038, 0.151565, 0.526553, 0.120248
0.630795, 0.128902, 0.528145, 0.102372
0.631783, 0.048435, 0.530868, 0.038550
0.632164, 0.091079, 0.530606, 0.072431
0.632191, 0.680227, -0.312739, -0.270584
0.632630, 0.610049, -0.307550, -0.327280
0.633150, 0.175457, 0.528314, 0.138977
0.633609, 0.872314, -0.321720, -0.110092
0.634998, 0.821878, -0.318862, -0.153211
0.635526, 0.398545, -0.302324, -0.505496
0.636557, 0.797640, -0.315943, -0.173501
0.636765, 0.913109, -0.320619, -0.075218
0.636941, 0.373003, -0.233805, -0.453441
0.637123, 0.199217, 0.529346, 0.156632
0.638075, 1.000000, -0.321019, 0.000000
0.638112, 0.956248, -0.320485, -0.038010
0.638306, 0.424754, -0.286826, -0.470343
0.638445, 0.638978, -0.304939, -0.304464
0.639811, 0.773752, -0.312130, -0.193705
0.640154, 0.555824, -0.297225, -0.370502
0.640804, 0.448812, -0.287501, -0.452891
0.641122, 0.584080, -0.298564, -0.348261
0.641632, 0.025280, 0.538481, 0.020069
0.641748, 0.222844, 0.535366, 0.178944
0.642132, 0.534212, -0.293896, -0.387453
0.642140, 0.748689, -0.308831, -0.214732
0.642292, 0.000000, 0.540151, 0.000000
0.643092, 0.701589, -0.305170, -0.253713
0.643406, 0.498018, -0.289862, -0.415507
0.643635, 0.474453, -0.287798, -0.433857
0.643942, 0.247998, 0.519640, 0.181906
0.644084, 0.349481, 0.428659, 0.184856
0.645155, 0.110977, 0.539830, 0.087846
0.645577, 0.272487, 0.563472, 0.245617
0.647604, 0.071203, 0.543220, 0.056390
0.647733, 0.323820, 0.557859, 0.279493
0.647881, 0.297301, 0.490042, 0.192299
0.648971, 0.663131, -0.298143, -0.285696
0.649349, 0.890390, -0.309668, -0.095096
0.649868, 0.726236, -0.301241, -0.233871
0.650754, 0.933655, -0.310037, -0.057832
0.651488, 0.977968, -0.310131, -0.019274
0.653104, 0.621451, -0.291746, -0.319458
0.653307, 0.837765, -0.304963, -0.140609
0.653651, 0.160831, 0.543972, 0.126557
0.653794, 0.136963, 0.545427, 0.107868
0.655265, 0.863834, -0.303959, -0.118164
0.656204, 0.049434, 0.549205, 0.039015
0.656837, 0.516582, -0.280804, -0.402226
0.657507, 0.384188, -0.260506, -0.493827
0.658157, 0.186630, 0.546439, 0.146317
0.658338, 0.411552, -0.270818, -0.482657
0.658655, 0.811731, -0.298897, -0.162792
0.659495, 0.568174, -0.282826, -0.362361
0.659955, 0.598956, -0.284815, -0.338133
0.660475, 0.685846, -0.290251, -0.267893
0.660614, 0.092449, 0.552273, 0.072800
0.661824, 0.787081, -0.295097, -0.183763
0.662592, 0.022956, 0.554865, 0.018099
0.662927, 0.909845, -0.299551, -0.078744
0.662975, 0.460935, -0.271463, -0.445621
0.663368, 0.210017, 0.547953, 0.162793
0.664015, 0.762080, -0.292355, -0.205186
0.664269, 0.955450, -0.299633, -0.039096
0.664350, 0.435714, -0.268413, -0.465076
0.664392, 0.645136, -0.284255, -0.301157
0.664445, 1.000000, -0.300057, 0.000000
0.664890, 0.360780, -0.334935, -0.595694
0.665713, 0.235436, 0.558420, 0.193514
0.666021, 0.541891, -0.275524, -0.383280
0.666204, 0.490628, -0.271597, -0.423482
0.668571, 0.710290, -0.285068, -0.248214
0.668717, 0.260332, 0.507536, 0.159038
0.668887, 0.738261, -0.286506, -0.225065
0.669149, 0.337062, -0.056063, -0.332923
0.669508, 0.118708, 0.558066, 0.093178
0.669649, 0.284337, 0.668879, 0.342127
0.669794, 0.310428, 0.457937, 0.156788
0.670197, 0.000000, 0.560502, 0.000000
0.673256, 0.883033, -0.290435, -0.102381
0.674570, 0.851470, -0.288163, -0.129745
0.675673, 0.170391, 0.560131, 0.133103
0.675723, 0.072259, 0.564374, 0.056663
0.676086, 0.668609, -0.276417, -0.282995
0.676101, 0.932051, -0.289748, -0.059811
0.676513, 0.622291, -0.273084, -0.320678
0.676790, 0.396875, -0.253522, -0.493342
0.676935, 0.583405, -0.269560, -0.351097
0.677119, 0.145862, 0.562213, 0.113727
0.677587, 0.977628, -0.289319, -0.019786
0.677603, 0.045830, 0.565277, 0.035888
0.678404, 0.826583, -0.283735, -0.151203
0.678831, 0.516183, -0.263733, -0.404917
0.681790, 0.472509, -0.257454, -0.437868
0.683335, 0.801357, -0.278436, -0.172914
0.683957, 0.559940, -0.262693, -0.370711
0.684249, 0.373192, -0.263638, -0.529898
0.684815, 0.195070, 0.564684, 0.150356
0.684826, 0.099337, 0.570181, 0.077499
0.685205, 0.419843, -0.249949, -0.477905
0.685876, 0.775219, -0.275344, -0.195482
0.686519, 0.907344, -0.280646, -0.081695
0.686576, 0.019419, 0.572829, 0.015165
0.686668, 0.221463, 0.566457, 0.171983
0.686694, 0.693939, -0.269539, -0.263112
0.687540, 0.448328, -0.251455, -0.457623
0.688849, 0.603351, -0.261227, -0.335951
0.688910, 0.645329, -0.264579, -0.302988
0.689243, 0.723382, -0.269057, -0.238767
0.689510, 0.750460, -0.270456, -0.216218
0.689789, 0.954669, -0.279240, -0.040211
0.690066, 0.247318, 0.587435, 0.213628
0.690553, 1.000000, -0.279270, 0.000000
0.690884, 0.323487, -0.213673, -0.519291
0.691278, 0.865503, -0.275028, -0.118265
0.691822, 0.296144, 0.970285, 0.640977
0.691969, 0.494885, -0.251105, -0.421369
0.692088, 0.537074, -0.254696, -0.389590
0.692538, 0.349000, -0.211667, -0.503541
0.693107, 0.125764, 0.575395, 0.097887
0.693957, 0.272702, 0.438445, 0.077811
0.697108, 0.170554, 0.576268, 0.132287
0.699210, 0.061468, 0.581659, 0.047749
0.699438, 0.395494, -0.240861, -0.501080
0.699594, 0.000000, 0.582387, 0.000000
0.699596, 0.841149, -0.267165, -0.139741
0.699883, 0.037794, 0.582164, 0.029359
0.699951, 0.668027, -0.256949, -0.285201
0.700112, 0.886403, -0.268835, -0.100462
0.700650, 0.931100, -0.270071, -0.061284
0.701489, 0.149854, 0.580148, 0.115595
0.701872, 0.580640, -0.249733, -0.355676
0.702350, 0.085425, 0.583893, 0.066293
0.702899, 0.624917, -0.251319, -0.319757
0.703325, 0.977333, -0.268749, -0.020287
0.703850, 0.817398, -0.262604, -0.160406
0.704625, 0.432437, -0.236578, -0.470473
0.704633, 0.470911, -0.239775, -0.441651
0.705249, 0.515305, -0.242046, -0.406589
0.706196, 0.789868, -0.259474, -0.184254
0.707906, 0.208656, 0.577647, 0.155971
0.708451, 0.711918, -0.252674, -0.249565
0.708637, 0.371081, -0.221071, -0.509049
0.708886, 0.558413, -0.242423, -0.373644
0.710218, 0.688054, -0.249545, -0.269218
0.710458, 0.111101, 0.588665, 0.085646
0.710673, 0.233471, 0.605160, 0.201987
0.711058, 0.764167, -0.253635, -0.206096
0.711196, 0.306651, -0.561877, -0.904849
0.711501, 0.186888, 0.588117, 0.146054
0.711947, 0.738872, -0.251396, -0.227360
0.712157, 0.908850, -0.259868, -0.081184
0.714421, 0.259585, 0.623978, 0.242627
0.714627, 0.412138, -0.228401, -0.487705
0.714780, 0.601743, -0.240641, -0.339777
0.714948, 0.330274, -0.297949, -0.625343
0.714959, 0.647525, -0.242980, -0.302432
0.715012, 0.954358, -0.259038, -0.040964
0.715555, 0.018916, 0.594686, 0.014621
0.715575, 0.861492, -0.255142, -0.122916
0.716467, 1.000000, -0.258606, 0.000000
0.716902, 0.452084, -0.228519, -0.456531
0.717675, 0.492175, -0.230958, -0.426216
0.718377, 0.536261, -0.232933, -0.391144
0.719293, 0.137114, 0.595087, 0.106272
0.719814, 0.351021, -0.242900, -0.557141
0.719884, 0.284934, -0.001345, -0.362941
0.722268, 0.043302, 0.599025, 0.033360
0.722745, 0.069595, 0.599034, 0.053545
0.724238, 0.884696, -0.249320, -0.103059
0.724550, 0.806352, -0.245146, -0.171178
0.724602, 0.165087, 0.593801, 0.123208
0.724803, 0.836634, -0.246500, -0.145055
0.724878, 0.388688, -0.215428, -0.502913
0.726087, 0.931777, -0.249555, -0.061385
0.727532, 0.670092, -0.234117, -0.285019
0.727672, 0.622350, -0.231291, -0.323972
0.727825, 0.095165, 0.602378, 0.073095
0.727830, 0.580101, -0.228216, -0.357381
0.728855, 0.000000, 0.605022, 0.000000
0.728964, 0.977534, -0.248218, -0.020381
0.730285, 0.779364, -0.238681, -0.194484
0.730663, 0.724034, -0.234972, -0.240903
0.730692, 0.513115, -0.221865, -0.410690
0.731112, 0.215565, 0.608382, 0.173938
0.731336, 0.432057, -0.215897, -0.472740
0.731472, 0.698105, -0.232509, -0.262258
0.731974, 0.471789, -0.218022, -0.442566
0.733413, 0.558392, -0.222172, -0.374719
0.733477, 0.242631, 0.722242, 0.312383
0.733978, 0.192498, 0.610495, 0.154659
0.734176, 0.310939, -0.134315, -0.494194
0.735611, 0.752529, -0.232782, -0.217574
0.735684, 0.121318, 0.606856, 0.092487
0.736625, 0.908222, -0.240079, -0.082688
0.737444, 0.365707, -0.212014, -0.529192
0.738468, 0.642886, -0.223502, -0.307885
0.739583, 0.267431, -0.032844, -0.421697
0.739947, 0.860809, -0.235341, -0.124844
0.740497, 0.955391, -0.238573, -0.040575
0.741010, 0.410615, -0.206415, -0.489473
0.741772, 0.600697, -0.218047, -0.341843
0.741868, 0.336001, -0.176979, -0.522782
0.742077, 0.023392, 0.614181, 0.017875
0.742176, 0.821279, -0.231096, -0.159165
0.742229, 0.052284, 0.613586, 0.039974
0.742496, 1.000000, -0.237769, 0.000000
0.742617, 0.148596, 0.612195, 0.114458
0.743239, 0.534385, -0.212994, -0.394700
0.745046, 0.492509, -0.208924, -0.427404
0.745193, 0.451181, -0.206128, -0.458960
0.746451, 0.078637, 0.616241, 0.059792
0.747653, 0.290544, -0.178504, -0.564051
0.748010, 0.884154, -0.229957, -0.104700
0.748648, 0.796489, -0.224403, -0.180997
0.748988, 0.389399, -0.200419, -0.507753
0.749732, 0.175354, 0.605290, 0.123145
0.750143, 0.661017, -0.214692, -0.293604
0.750689, 0.933003, -0.229723, -0.061075
0.751250, 0.684252, -0.215245, -0.274837
0.751639, 0.224893, 0.782927, 0.343038
0.751937, 0.732965, -0.217412, -0.234468
0.752309, 0.104883, 0.620292, 0.080028
0.753681, 0.842262, -0.222828, -0.141685
0.754004, 0.709136, -0.214472, -0.254647
0.754271, 0.622057, -0.208932, -0.325367
0.754580, 0.771324, -0.218195, -0.203043
0.754973, 0.579329, -0.205812, -0.359432
0.755194, 0.977830, -0.227181, -0.020430
0.755697, 0.000000, 0.624406, 0.000000
0.755958, 0.556294, -0.203821, -0.377986
0.757272, 0.513632, -0.200320, -0.411655
0.758332, 0.428684, -0.194409, -0.477458
0.758534, 0.248775, -0.323719, -0.744353
0.758588, 0.202113, 0.676768, 0.208384
0.758603, 0.354008, -0.185488, -0.530024
0.759084, 0.314622, -0.190463, -0.566801
0.759085, 0.472084, -0.196303, -0.443659
0.759921, 0.131180, 0.623491, 0.098298
0.760070, 0.910575, -0.221056, -0.081573
0.761920, 0.038615, 0.628462, 0.029229
0.764546, 0.375702, -0.184426, -0.516186
0.765264, 0.749166, -0.207107, -0.221668
0.765332, 0.062113, 0.630278, 0.047036
0.765711, 0.817664, -0.211402, -0.163864
0.766333, 0.271473, -0.254208, -0.671511
0.766354, 0.641882, -0.200020, -0.310066
0.766409, 0.955588, -0.217724, -0.041025
0.766694, 0.158237, 0.627910, 0.119222
0.768320, 0.863950, -0.212220, -0.123711
0.768729, 1.000000, -0.216738, 0.000000
0.768758, 0.405732, -0.184836, -0.495500
0.768782, 0.602016, -0.195819, -0.342338
0.769259, 0.535947, -0.191808, -0.394765
0.769926, 0.888519, -0.211890, -0.101824
0.769964, 0.088424, 0.632924, 0.066284
0.770969, 0.335883, -0.182978, -0.552390
0.771407, 0.450021, -0.185415, -0.462050
0.771547, 0.019615, 0.635706, 0.014882
0.772428, 0.493486, -0.186784, -0.427806
0.772549, 0.792660, -0.204219, -0.185895
0.772640, 0.668062, -0.196215, -0.289116
0.774656, 0.226560, 0.222186, -0.228026
0.774834, 0.694323, -0.196052, -0.267986
0.774972, 0.293726, -0.199425, -0.606337
0.775349, 0.183764, 0.643093, 0.146951
0.776020, 0.721525, -0.196865, -0.245934
0.776098, 0.932906, -0.209095, -0.062077
0.776977, 0.113100, 0.639187, 0.086646
0.778369, 0.561498, -0.185692, -0.375063
0.779164, 0.839364, -0.201662, -0.146010
0.780894, 0.769386, -0.195259, -0.205767
0.781744, 0.977602, -0.205912, -0.021033
0.781818, 0.584246, -0.184141, -0.357379
0.782501, 0.620985, -0.185518, -0.328056
0.783280, 0.516228, -0.179195, -0.410642
0.783366, 0.140892, 0.634490, 0.099019
0.783798, 0.386449, -0.172039, -0.511183
0.783940, 0.250477, -0.083276, -0.533693
0.784293, 0.000000, 0.645805, 0.000000
0.784435, 0.427425, -0.173841, -0.480310
0.785285, 0.471823, -0.175562, -0.446117
0.785286, 0.909519, -0.200400, -0.083737
0.785788, 0.360582, -0.169981, -0.531884
0.786368, 0.314986, -0.172680, -0.571988
0.786377, 0.069861, 0.645440, 0.052442
0.786728, 0.206525, 0.516488, 0.041210
0.787230, 0.043977, 0.647016, 0.032790
0.789204, 0.744677, -0.187189, -0.227613
0.789341, 0.647085, -0.181116, -0.307253
0.789432, 0.813778, -0.191238, -0.168847
0.791344, 0.882962, -0.194080, -0.108166
0.792201, 0.166019, 0.669815, 0.147016
0.792443, 0.954790, -0.196738, -0.042531
0.792969, 0.273350, -0.125309, -0.564213
0.793283, 0.542201, -0.172277, -0.390607
0.794120, 0.673918, -0.178470, -0.285625
0.794868, 1.000000, -0.195819, 0.000000
0.795028, 0.858972, -0.189710, -0.129896
0.795044, 0.093668, 0.650521, 0.069216
0.795756, 0.338010, -0.161249, -0.549721
0.796853, 0.406941, -0.162795, -0.496281
0.796964, 0.449151, -0.164998, -0.464349
0.797261, 0.700008, -0.177283, -0.264484
0.797768, 0.789005, -0.182270, -0.190373
0.798409, 0.122467, 0.654768, 0.093384
0.798500, 0.021641, 0.654999, 0.016261
0.798757, 0.494442, -0.165872, -0.429357
0.799598, 0.600352, -0.170083, -0.345237
0.800081, 0.722225, -0.176004, -0.246111
0.800257, 0.230229, -0.229948, -0.706241
0.801292, 0.930704, -0.188535, -0.065225
0.802492, 0.570103, -0.166089, -0.369131
0.802824, 0.294751, -0.138520, -0.567991
0.803621, 0.188766, 0.547126, 0.044206
0.804625, 0.834107, -0.179780, -0.152339
0.806001, 0.763821, -0.174029, -0.212666
0.806114, 0.627376, -0.166037, -0.324061
0.806522, 0.382500, -0.153783, -0.515197
0.806523, 0.518344, -0.160658, -0.411005
0.806692, 0.065448, 0.660924, 0.049058
0.808314, 0.976842, -0.184644, -0.022251
0.808395, 0.904492, -0.181350, -0.089803
0.808771, 0.147832, 0.651261, 0.101304
0.810404, 0.253959, -0.167450, -0.633976
0.810661, 0.472656, -0.155040, -0.446613
0.811434, 0.360165, -0.148649, -0.532188
0.811617, 0.000000, 0.666089, 0.000000
0.811660, 0.654938, -0.162654, -0.301966
0.812235, 0.426234, -0.151506, -0.482259
0.812809, 0.316305, -0.140713, -0.560904
0.814012, 0.042388, 0.666033, 0.030776
0.814182, 0.809037, -0.169599, -0.174441
0.814849, 0.878621, -0.174269, -0.113730
0.814862, 0.210602, -0.243540, -0.745092
0.815284, 0.544680, -0.154597, -0.390477
0.815553, 0.739126, -0.163702, -0.232991
0.815685, 0.682838, -0.160624, -0.279476
0.816284, 0.107283, 0.664517, 0.077855
0.817741, 0.952171, -0.176226, -0.045940
0.819498, 0.170617, 0.698003, 0.167770
0.819554, 0.085343, 0.666905, 0.061077
0.820168, 0.338002, -0.139439, -0.548106
0.820552, 1.000000, -0.175282, 0.000000
0.820790, 0.853549, -0.167423, -0.136526
0.820876, 0.448037, -0.145563, -0.465839
0.820976, 0.276914, -0.146559, -0.603984
0.822297, 0.587125, -0.150554, -0.356861
0.822362, 0.710672, -0.156480, -0.257211
0.822416, 0.783953, -0.161084, -0.196661
0.822992, 0.402583, -0.141855, -0.501039
0.823765, 0.129627, 0.686639, 0.110493
0.824830, 0.497307, -0.144588, -0.427992
0.824903, 0.925755, -0.169034, -0.071220
0.825024, 0.611160, -0.149356, -0.337843
0.826094, 0.021510, 0.673932, 0.015936
0.826749, 0.563482, -0.145863, -0.375996
0.826854, 0.233912, -0.135377, -0.631823
0.828261, 0.524378, -0.142850, -0.406672
0.829817, 0.636622, -0.146432, -0.317586
0.830232, 0.828357, -0.157167, -0.159010
0.831052, 0.299649, -0.135072, -0.583047
0.831112, 0.759357, -0.151560, -0.217204
0.831745, 0.377481, -0.133818, -0.520604
0.831922, 0.899185, -0.161423, -0.096372
0.831929, 0.061999, 0.680720, 0.047795
0.832692, 0.192125, -0.276301, -0.806034
0.834045, 0.662559, -0.144008, -0.296820
0.834124, 0.472176, -0.135859, -0.447565
0.834131, 0.973478, -0.163961, -0.026151
0.836412, 0.152052, 0.677089, 0.119518
0.837026, 0.687978, -0.142601, -0.276227
0.837238, 0.256905, -0.121927, -0.609127
0.837990, 0.352971, -0.127872, -0.539413
0.838329, 0.733668, -0.144000, -0.239198
0.838776, 0.872818, -0.153456, -0.120816
0.838828, 0.423140, -0.130174, -0.486172
0.838863, 0.000000, 0.687204, 0.000000
0.839207, 0.803338, -0.147738, -0.181299
0.840048, 0.324684, -0.126694, -0.562434
0.840848, 0.107202, 0.684767, 0.079307
0.841743, 0.946293, -0.156373, -0.052778
0.842078, 0.214317, -0.133594, -0.657724
0.842231, 0.447800, -0.128300, -0.466720
0.842256, 0.042529, 0.686432, 0.029740
0.842882, 0.083867, 0.679354, 0.054862
0.843777, 0.544029, -0.130769, -0.391716
0.844523, 1.000000, -0.156287, 0.000000
0.846086, 0.847162, -0.144826, -0.143916
0.847048, 0.514414, -0.127002, -0.415325
0.847055, 0.595756, -0.130192, -0.351212
0.847125, 0.172256, -0.314852, -0.871211
0.847506, 0.571506, -0.128775, -0.370313
0.847539, 0.711411, -0.134714, -0.257616
0.847553, 0.130549, 0.779196, 0.187779
0.847597, 0.778734, -0.138454, -0.202129
0.848020, 0.396769, -0.121734, -0.506585
0.848417, 0.919385, -0.149110, -0.078928
0.848623, 0.278202, -0.114379, -0.594174
0.850118, 0.619993, -0.128562, -0.331933
0.850690, 0.489351, -0.123054, -0.434990
0.853215, 0.020362, 0.690234, 0.013906
0.854060, 0.238619, -0.109370, -0.624282
0.854091, 0.644077, -0.126116, -0.312651
0.855494, 0.892330, -0.140717, -0.104651
0.855631, 0.753461, -0.130019, -0.223797
0.856078, 0.821706, -0.134212, -0.166807
0.856156, 0.300571, -0.110257, -0.578454
0.856990, 0.371001, -0.113574, -0.526535
0.857528, 0.667487, -0.124083, -0.293757
0.857565, 0.980656, -0.144379, -0.019647
0.859114, 0.066227, 0.704769, 0.056160
0.859874, 0.689804, -0.122917, -0.275525
0.859968, 0.464971, -0.114614, -0.454344
0.860689, 0.346178, -0.109472, -0.544943
0.861504, 0.195317, -0.086022, -0.641199
0.861896, 0.959903, -0.140593, -0.040622
0.862806, 0.438413, -0.111437, -0.475186
0.862916, 0.322249, -0.106442, -0.562732
0.862966, 0.865872, -0.131528, -0.128847
0.864377, 0.147441, -0.058335, -0.641524
0.864471, 0.729696, -0.120896, -0.243487
0.864509, 0.413805, -0.109205, -0.494228
0.864580, 0.093832, 0.665428, 0.030935
0.864968, 0.797434, -0.124382, -0.187590
0.865229, 0.531824, -0.112564, -0.402247
0.865914, 0.259125, -0.101791, -0.610279
0.866600, 0.000000, 0.712598, 0.000000
0.866834, 0.118591, 0.845404, 0.235601
0.866874, 0.219613, -0.093275, -0.633001
0.867324, 0.936365, -0.134607, -0.064240
0.867474, 0.041358, 0.706627, 0.029839
0.867733, 0.556622, -0.111337, -0.382889
0.869653, 0.171183, -0.043687, -0.622122
0.869847, 0.505383, -0.107890, -0.423180
0.870388, 0.582466, -0.109954, -0.362427
0.871115, 0.840075, -0.122230, -0.152176
0.871867, 1.000000, -0.133553, 0.000000
0.872011, 0.607045, -0.109436, -0.342931
0.872275, 0.910855, -0.127964, -0.089167
0.872382, 0.772510, -0.116328, -0.208935
0.873394, 0.387131, -0.101215, -0.515094
0.874619, 0.706767, -0.110904, -0.262473
0.875570, 0.631487, -0.107228, -0.323405
0.876260, 0.283885, -0.095504, -0.592932
0.877332, 0.481704, -0.101010, -0.442059
0.879282, 0.655818, -0.104886, -0.303909
0.879548, 0.884337, -0.118510, -0.113920
0.880910, 0.021089, 0.699554, 0.008719
0.881398, 0.747255, -0.106922, -0.229962
0.881892, 0.680464, -0.103527, -0.284071
0.882469, 0.060230, 0.726318, 0.056782
0.882967, 0.815058, -0.109507, -0.173958
0.882987, 0.360944, -0.092796, -0.535315
0.883180, 0.307216, -0.091070, -0.575848
0.883539, 0.333932, -0.091543, -0.555666
0.883993, 0.238088, -0.088090, -0.626571
0.884034, 0.977782, -0.122952, -0.023644
0.884157, 0.456123, -0.094697, -0.462313
0.885001, 0.082100, 0.700578, 0.042411
0.885247, 0.431919, -0.093097, -0.480918
0.887079, 0.209330, -0.088010, -0.650626
0.887473, 0.132363, -0.183500, -0.797356
0.887603, 0.858522, -0.108887, -0.137490
0.888133, 0.954370, -0.118492, -0.048145
0.888175, 0.521636, -0.093206, -0.410919
0.888351, 0.184911, -0.090195, -0.671839
0.888418, 0.405685, -0.089779, -0.501233
0.889039, 0.106301, 0.667039, 0.037444
0.889714, 0.157158, -0.101666, -0.705389
0.890326, 0.543765, -0.092005, -0.393457
0.890488, 0.264572, -0.083974, -0.607561
0.890648, 0.790837, -0.101110, -0.194768
0.890935, 0.723035, -0.097410, -0.250144
0.891632, 0.929136, -0.113021, -0.073833
0.891726, 0.568251, -0.091558, -0.374313
0.893826, 0.000000, 0.743031, 0.000000
0.894111, 0.593780, -0.090300, -0.354264
0.895467, 0.499512, -0.086624, -0.428856
0.895565, 0.903227, -0.106066, -0.098465
0.896084, 0.041746, 0.747331, 0.046834
0.896337, 0.834098, -0.098756, -0.158878
0.896757, 0.765312, -0.094193, -0.215941
0.896793, 0.619074, -0.088776, -0.334277
0.897790, 1.000000, -0.113039, 0.000000
0.898903, 0.381166, -0.080726, -0.520274
0.899014, 0.698146, -0.089339, -0.270619
0.900454, 0.644516, -0.086385, -0.314010
0.902063, 0.473917, -0.080554, -0.449027
0.902909, 0.670370, -0.085042, -0.293262
0.903950, 0.341863, -0.075624, -0.549896
0.904060, 0.291744, -0.074169, -0.587585
0.904074, 0.876980, -0.095439, -0.122765
0.906065, 0.423823, -0.076040, -0.487567
0.906076, 0.317278, -0.073297, -0.568670
0.907194, 0.739174, -0.083744, -0.237798
0.907446, 0.066320, 0.784753, 0.103810
0.908009, 0.221724, -0.068435, -0.639072
0.908303, 0.021864, 0.694389, -0.004007
0.909223, 0.245729, -0.068685, -0.621901
0.909335, 0.973592, -0.102325, -0.029798
0.909413, 0.447981, -0.073875, -0.468902
0.910210, 0.807475, -0.084459, -0.182231
0.910561, 0.090366, 0.288186, -0.368588
0.910840, 0.195801, -0.064827, -0.657358
0.910909, 0.169632, -0.064943, -0.677308
0.910921, 0.116991, -0.211041, -0.861119
0.911351, 0.142672, -0.080355, -0.713881
0.911796, 0.360885, -0.069915, -0.535540
0.912046, 0.946278, -0.097090, -0.059390
0.912115, 0.523603, -0.073391, -0.410356
0.913175, 0.551014, -0.073190, -0.389153
0.913241, 0.270300, -0.066445, -0.603715
0.913877, 0.855342, -0.084252, -0.142086
0.914007, 0.400595, -0.069118, -0.505672
0.914859, 0.577971, -0.072379, -0.367798
0.915080, 0.919639, -0.090135, -0.085524
0.915313, 0.781829, -0.078323, -0.203278
0.917032, 0.715786, -0.074160, -0.257236
0.917211, 0.496031, -0.068529, -0.431706
0.917496, 0.604723, -0.070739, -0.346497
0.918514, 0.830382, -0.078054, -0.163286
0.918611, 0.893746, -0.083399, -0.109267
0.920265, 0.756363, -0.072707, -0.224256
0.920448, 0.000000, 0.775272, 0.000000
0.920546, 0.631409, -0.068748, -0.325229
0.920907, 0.687902, -0.069875, -0.279816
0.921940, 0.046361, 0.887118, 0.166753
0.922011, 1.000000, -0.093547, 0.000000
0.923236, 0.658908, -0.067084, -0.303218
0.925736, 0.468729, -0.060996, -0.453283
0.927830, 0.379135, -0.057602, -0.522143
0.927843, 0.334684, -0.056745, -0.555999
0.927921, 0.425028, -0.058369, -0.486796
0.928945, 0.309093, -0.055382, -0.575425
0.932005, 0.285569, -0.052507, -0.592830
0.932291, 0.233166, -0.051253, -0.631656
0.932341, 0.208019, -0.050511, -0.649768
0.932477, 0.072390, 0.159097, -0.524021
0.932700, 0.100562, -0.100325, -0.780183
0.933226, 0.873172, -0.067626, -0.128778
0.933246, 0.154824, -0.043165, -0.682799
0.933281, 0.181426, -0.048140, -0.667955
0.933411, 0.022728, 0.728785, 0.048613
0.933481, 0.127808, -0.033928, -0.694558
0.933553, 0.956619, -0.078979, -0.051577
0.933604, 0.980178, -0.081388, -0.024478
0.934123, 0.258339, -0.050381, -0.613160
0.934556, 0.537186, -0.054900, -0.399853
0.935090, 0.734472, -0.058741, -0.243032
0.935468, 0.930351, -0.072235, -0.078205
0.935548, 0.791774, -0.060331, -0.196310
0.935701, 0.563524, -0.054390, -0.379165
0.935912, 0.512082, -0.053326, -0.419375
0.936293, 0.447862, -0.051990, -0.469481
0.936688, 0.816512, -0.060547, -0.176316
0.936868, 0.356155, -0.050022, -0.540019
0.937369, 0.845737, -0.061428, -0.151879
0.937685, 0.590212, -0.053180, -0.358138
0.937850, 0.902968, -0.065897, -0.103223
0.938551, 0.400596, -0.049400, -0.505959
0.938848, 0.705363, -0.054543, -0.266352
0.939062, 0.764726, -0.056021, -0.218351
0.939508, 0.486467, -0.049949, -0.439485
0.940187, 0.617352, -0.051526, -0.336664
0.941165, 0.675767, -0.051792, -0.289990
0.942137, 0.645520, -0.050359, -0.314253
0.946293, 0.045905, 0.652419, -0.064259
0.946582, 0.000000, 0.907796, 0.000000
0.949551, 1.000000, -0.068972, 0.000000
0.951394, 0.423620, -0.039401, -0.488588
0.951973, 0.325992, -0.037704, -0.563686
0.953980, 0.300131, -0.035772, -0.582981
0.954741, 0.377736, -0.036151, -0.524067
0.954906, 0.088508, -0.073020, -0.772766
0.955130, 0.273578, -0.034507, -0.602676
0.955227, 0.467551, -0.036786, -0.454624
0.955228, 0.194200, -0.033727, -0.660944
0.955300, 0.220408, -0.033717, -0.641788
0.955341, 0.114396, -0.030681, -0.712857
0.955571, 0.167527, -0.034037, -0.680604
0.955571, 0.140972, -0.034558, -0.699329
0.955658, 0.886034, -0.046661, -0.119995
0.955943, 0.246452, -0.033522, -0.622722
0.956012, 0.943411, -0.053183, -0.068800
0.956452, 0.971737, -0.059104, -0.038879
0.956623, 0.859363, -0.043773, -0.142211
0.956934, 0.747424, -0.039390, -0.233285
0.956988, 0.548911, -0.036269, -0.391278
0.957176, 0.064713, -0.083075, -0.801395
0.957292, 0.915272, -0.047659, -0.094731
0.957315, 0.830790, -0.041679, -0.165766
0.957618, 0.720106, -0.038165, -0.255145
0.957643, 0.522564, -0.035416, -0.411918
0.957940, 0.350625, -0.033278, -0.544647
0.958128, 0.575806, -0.035615, -0.370063
0.958361, 0.803122, -0.039632, -0.188322
0.958502, 0.776498, -0.038644, -0.209735
0.958607, 0.024143, 0.755148, 0.129155
0.959266, 0.496220, -0.033767, -0.432459
0.959511, 0.691224, -0.035953, -0.278212
0.959886, 0.603261, -0.034435, -0.348316
0.960225, 0.661484, -0.034868, -0.301889
0.960819, 0.443322, -0.031953, -0.473512
0.961131, 0.631646, -0.033700, -0.325737
0.962125, 0.402653, -0.030498, -0.504914
0.972154, 0.000000, 1.351217, 0.000000
0.974027, 1.000000, -0.045908, 0.000000
0.975577, 0.045739, -0.196885, -0.977216
0.976275, 0.313130, -0.018528, -0.573214
0.977286, 0.951897, -0.030142, -0.064069
0.977296, 0.287025, -0.017556, -0.592732
0.977382, 0.898160, -0.024970, -0.111717
0.977668, 0.099873, -0.011428, -0.733985
0.977678, 0.260395, -0.017065, -0.612450
0.977704, 0.180316, -0.016033, -0.670864
0.977706, 0.206890, -0.016485, -0.651593
0.977799, 0.126689, -0.015362, -0.712101
0.977847, 0.925588, -0.026417, -0.088275
0.977862, 0.153530, -0.015488, -0.690714
0.977899, 0.479043, -0.018249, -0.446424
0.977944, 0.366137, -0.017552, -0.533113
0.977950, 0.338238, -0.017388, -0.554303
0.977998, 0.233469, -0.016588, -0.632238
0.978068, 0.844097, -0.021965, -0.156022
0.978072, 0.871316, -0.022906, -0.133884
0.978409, 0.977288, -0.033423, -0.037004
0.978412, 0.760515, -0.019975, -0.223298
0.978698, 0.422802, -0.017260, -0.489736
0.978774, 0.732986, -0.019304, -0.245357
0.978863, 0.534687, -0.017747, -0.402661
0.978881, 0.561714, -0.017888, -0.381385
0.978882, 0.816544, -0.020476, -0.178227
0.979077, 0.073189, -0.031827, -0.787131
0.979162, 0.705106, -0.018662, -0.267614
0.979586, 0.676259, -0.018036, -0.290585
0.979630, 0.788570, -0.019249, -0.200715
0.979705, 0.589304, -0.017348, -0.359562
0.979773, 0.507321, -0.016834, -0.424123
0.979952, 0.647194, -0.017494, -0.313644
0.980192, 0.452276, -0.016197, -0.466961
0.980223, 0.392586, -0.015901, -0.513041
0.980489, 0.617849, -0.016844, -0.336924
0.982486, 0.020013, -0.014112, -0.734291
1.000000, 0.000000, 0.000000, 0.000000
1.000000, 0.030936, 0.000000, -0.668440
1.000000, 0.057655, 0.000000, -0.656403
1.000000, 0.085657, 0.000000, -0.707209
1.000000, 0.112697, 0.000000, -0.710954
1.000000, 0.139670, 0.000000, -0.697177
1.000000, 0.166581, 0.000000, -0.680022
1.000000, 0.193337, 0.000000, -0.661528
1.000000, 0.220045, 0.000000, -0.642365
1.000000, 0.246890, 0.000000, -0.622729
1.000000, 0.273566, 0.000000, -0.603078
1.000000, 0.300022, 0.000000, -0.583418
1.000000, 0.325974, 0.000000, -0.564075
1.000000, 0.352860, 0.000000, -0.543543
1.000000, 0.379982, 0.000000, -0.522922
1.000000, 0.408530, 0.000000, -0.500614
1.000000, 0.436563, 0.000000, -0.479284
1.000000, 0.465138, 0.000000, -0.456862
1.000000, 0.492364, 0.000000, -0.435945
1.000000, 0.520472, 0.000000, -0.413765
1.000000, 0.548014, 0.000000, -0.392280
1.000000, 0.575635, 0.000000, -0.370566
1.000000, 0.603888, 0.000000, -0.348162
1.000000, 0.632815, 0.000000, -0.325157
1.000000, 0.661550, 0.000000, -0.302446
1.000000, 0.690101, 0.000000, -0.279776
1.000000, 0.718336, 0.000000, -0.257302
1.000000, 0.746211, 0.000000, -0.235071
1.000000, 0.773780, 0.000000, -0.213076
1.000000, 0.801847, 0.000000, -0.190425
1.000000, 0.829313, 0.000000, -0.168526
1.000000, 0.856088, 0.000000, -0.147137
1.000000, 0.882475, 0.000000, -0.125800
1.000000, 0.907977, 0.000000, -0.104932
1.000000, 0.932670, 0.000000, -0.083814
1.000000, 0.955843, 0.000000, -0.062545
1.000000, 0.978099, 0.000000, -0.037662
1.000000, 1.000000, 0.000000, 0.000000
