0.000000, 0.000000, 0.000000, 0.000000
0.000000, 0.057069, 0.000000, 0.118690
0.000000, 0.110572, 0.000000, 0.180117
0.000000, 0.166284, 0.000000, 0.238018
0.000000, 0.222888, 0.000000, 0.295561
0.000000, 0.280085, 0.000000, 0.355533
0.000000, 0.331497, 0.000000, 0.405443
0.000000, 0.388351, 0.000000, 0.464022
0.000000, 0.440263, 0.000000, 0.515007
0.000000, 0.493557, 0.000000, 0.562654
0.000000, 0.555051, 0.000000, 0.621352
0.000000, 0.610920, 0.000000, 0.669878
0.000000, 0.665555, 0.000000, 0.714429
0.000000, 0.720894, 0.000000, 0.758232
0.000000, 0.775943, 0.000000, 0.802597
0.000000, 0.832722, 0.000000, 0.859582
0.000000, 0.886182, 0.000000, 0.898553
0.000000, 0.946730, 0.000000, 1.146339
0.000000, 1.000000, 0.000000, 0.000000
0.034968, 0.514175, 0.035465, 0.581272
0.036768, 0.911163, 0.015369, 0.860967
0.037990, 0.251972, 0.047396, 0.324672
0.038312, 0.359201, 0.043426, 0.432091
0.039465, 0.195351, 0.052910, 0.266375
0.039738, 0.035425, 0.083221, 0.073807
0.041316, 0.139037, 0.060768, 0.206473
0.041733, 0.802937, 0.030969, 0.814168
0.043699, 1.000000, -1.068740, 0.000000
0.044453, 0.695052, 0.041149, 0.743178
0.044695, 0.749174, 0.041181, 0.785101
0.045563, 0.596238, 0.043570, 0.656924
0.045802, 0.084671, 0.076769, 0.144086
0.046893, 0.643810, 0.043550, 0.699475
0.048427, 0.308013, 0.057159, 0.381206
0.048838, 0.465378, 0.051138, 0.535504
0.048898, 0.408144, 0.053298, 0.481458
0.049088, 0.859390, -0.010278, 0.807037
0.052558, 0.556003, 0.051577, 0.618704
0.056176, 0.955103, -0.594177, 0.236354
0.061188, 0.000000, 0.125057, 0.000000
0.080614, 0.271518, 0.097354, 0.340662
0.080658, 0.222066, 0.102146, 0.289105
0.080812, 0.168520, 0.109021, 0.232290
0.081260, 0.354320, 0.091720, 0.425669
0.082837, 0.513595, 0.082817, 0.578866
0.083710, 0.905050, -0.047172, 0.760828
0.083967, 0.111613, 0.123609, 0.168010
0.084828, 0.822165, 0.035229, 0.806041
0.086854, 0.437253, 0.092167, 0.506563
0.088517, 0.720014, 0.056836, 0.741881
0.089736, 0.051316, 0.150967, 0.084674
0.090653, 0.773331, 0.034575, 0.764179
0.091782, 1.000000, -1.025522, 0.000000
0.092244, 0.667361, 0.073830, 0.707745
0.094971, 0.613854, 0.085064, 0.666171
0.099279, 0.566625, 0.094110, 0.625456
0.106001, 0.393127, 0.115968, 0.461497
0.106555, 0.310067, 0.124438, 0.379211
0.107878, 0.861296, 0.209219, 0.975300
0.108784, 0.479644, 0.111784, 0.545976
0.108892, 0.952318, -1.018653, -0.214849
0.113285, 0.000000, 0.182970, 0.000000
0.121357, 0.148375, 0.164024, 0.204022
0.122847, 0.203968, 0.156085, 0.265464
0.123944, 0.091393, 0.182308, 0.131592
0.125160, 0.257683, 0.151426, 0.322545
0.133304, 0.530569, 0.130951, 0.591162
0.133370, 0.747192, 0.131028, 0.794318
0.133749, 0.808416, 0.280788, 0.993289
0.135470, 0.696253, 0.125010, 0.741854
0.135475, 0.347230, 0.153190, 0.414356
0.135634, 0.906935, -0.981694, -0.192810
0.136779, 0.638627, 0.123091, 0.685638
0.138155, 0.437000, 0.145993, 0.501418
0.140514, 1.000000, -0.834262, 0.000000
0.141940, 0.039135, 0.209597, 0.057125
0.147916, 0.584277, 0.137839, 0.637057
0.158248, 0.858691, -0.699121, 0.013593
0.159586, 0.295539, 0.186188, 0.357979
0.159676, 0.392446, 0.174329, 0.456894
0.159946, 0.484642, 0.162486, 0.543902
0.161534, 0.953543, -0.845237, -0.036711
0.162891, 0.130099, 0.220082, 0.172692
0.163498, 0.182844, 0.208753, 0.235845
0.166242, 0.237995, 0.202807, 0.296968
0.169118, 0.077038, 0.233373, 0.103871
0.169775, 0.772031, 0.089007, 0.743841
0.171234, 0.000000, 0.244954, 0.000000
0.176346, 0.672900, 0.129166, 0.686039
0.181838, 0.532570, 0.176547, 0.584168
0.183903, 0.345377, 0.206182, 0.405520
0.186108, 0.625145, 0.161695, 0.660267
0.186262, 0.906906, -0.861747, -0.102060
0.186567, 0.722366, 0.089313, 0.686089
0.187921, 0.818009, -0.550424, 0.100563
0.188232, 0.437802, 0.197780, 0.497114
0.191028, 1.000000, -0.815400, 0.000000
0.199296, 0.575289, 0.184866, 0.617585
0.202407, 0.045474, 0.273321, 0.060305
0.204832, 0.106292, 0.268269, 0.135815
0.207479, 0.209928, 0.254347, 0.258111
0.207902, 0.160013, 0.265818, 0.200825
0.208028, 0.262972, 0.245918, 0.316390
0.210475, 0.484251, 0.212346, 0.537081
0.210702, 0.305918, 0.241923, 0.361312
0.211276, 0.388114, 0.228688, 0.443617
0.212349, 0.863862, -0.799308, -0.099781
0.213641, 0.953731, -0.798574, -0.024365
0.217231, 0.770770, 0.074277, 0.649218
0.222709, 0.674900, 0.211439, 0.720018
0.225181, 0.000000, 0.298431, 0.000000
0.233045, 0.619258, 0.198871, 0.640416
0.235092, 0.528325, 0.226745, 0.570722
0.236794, 0.431359, 0.247024, 0.480453
0.239450, 0.909533, -0.789446, -0.073683
0.239577, 0.343519, 0.266984, 0.395667
0.239659, 0.726258, 0.350849, 0.875548
0.239785, 0.819287, -0.934382, -0.300051
0.242362, 1.000000, -0.788863, 0.000000
0.242504, 0.084784, 0.310114, 0.104907
0.247842, 0.137042, 0.309881, 0.166496
0.249196, 0.574482, 0.227412, 0.604876
0.250876, 0.240301, 0.297062, 0.283866
0.254857, 0.193137, 0.312210, 0.232027
0.256138, 0.037997, 0.328113, 0.047335
0.258643, 0.473060, 0.259601, 0.514187
0.260606, 0.292257, 0.298330, 0.338361
0.264782, 0.385491, 0.285283, 0.432870
0.265682, 0.865390, -0.731247, -0.076982
0.266785, 0.954858, -0.764705, -0.031926
0.266925, 0.645545, 0.204411, 0.634938
0.267445, 0.775615, -0.835642, -0.287178
0.275497, 0.691871, 0.231575, 0.687793
0.281860, 0.510985, 0.271167, 0.541179
0.282494, 0.000000, 0.356919, 0.000000
0.289141, 0.076432, 0.358799, 0.090920
0.289613, 0.428390, 0.300405, 0.468286
0.289919, 0.166999, 0.350142, 0.195026
0.289954, 0.337086, 0.320003, 0.378388
0.292490, 0.553295, 0.267915, 0.572987
0.292792, 0.119626, 0.359245, 0.140643
0.292933, 0.910451, -0.748976, -0.078084
0.293083, 0.822199, -0.741709, -0.152609
0.293204, 0.601945, 0.259827, 0.616513
0.294140, 0.249443, 0.342632, 0.286902
0.294799, 1.000000, -0.749465, 0.000000
0.295790, 0.737094, -0.705437, -0.225546
0.313873, 0.205426, 0.372039, 0.235319
0.314288, 0.469957, 0.312364, 0.498927
0.314382, 0.650529, 0.364414, 0.740144
0.314910, 0.043295, 0.388456, 0.051241
0.316163, 0.293349, 0.356622, 0.328822
0.316745, 0.382817, 0.336423, 0.417093
0.319899, 0.866929, -0.708884, -0.103593
0.320276, 0.955118, -0.724746, -0.036403
0.322221, 0.781484, -0.700744, -0.184897
0.328194, 0.697218, -0.611801, -0.210110
0.334004, 0.515055, 0.315487, 0.530334
0.335581, 0.000000, 0.410717, 0.000000
0.335742, 0.152950, 0.399720, 0.173453
0.338308, 0.097252, 0.407605, 0.111001
0.340986, 0.562462, 0.313669, 0.573279
0.342990, 0.339401, 0.372959, 0.369068
0.343318, 0.427387, 0.349388, 0.451001
0.344206, 0.607520, 0.358404, 0.661338
0.345292, 0.245314, 0.397324, 0.273067
0.347092, 0.910967, -0.702947, -0.079638
0.347721, 1.000000, -0.706009, 0.000000
0.348491, 0.825068, -0.685956, -0.149309
0.351574, 0.740934, -0.657964, -0.214214
0.363600, 0.655340, -0.523166, -0.203948
0.363774, 0.045702, 0.436985, 0.051607
0.367577, 0.293398, 0.409129, 0.317923
0.367681, 0.473647, 0.356026, 0.483013
0.368355, 0.195025, 0.426769, 0.214697
0.370547, 0.385081, 0.386612, 0.404799
0.373976, 0.955242, -0.681321, -0.039893
0.375249, 0.867888, -0.670693, -0.116856
0.377884, 0.783664, -0.651830, -0.188819
0.379093, 0.140380, 0.445061, 0.154577
0.381396, 0.698344, -0.624349, -0.260348
0.383674, 0.090172, 0.453623, 0.099697
0.383760, 0.521281, 0.360444, 0.523207
0.387110, 0.000000, 0.462303, 0.000000
0.390910, 0.568800, 0.442206, 0.645913
0.392913, 0.247573, 0.443279, 0.266015
0.393831, 0.612521, -0.246883, -0.007399
0.394810, 0.338122, 0.423604, 0.354561
0.396286, 0.433270, 0.392446, 0.437697
0.400928, 1.000000, -0.660013, 0.000000
0.401641, 0.911124, -0.655442, -0.082818
0.404529, 0.825302, -0.640154, -0.159475
0.406671, 0.741592, -0.616098, -0.228790
0.415651, 0.651412, -0.519715, -0.244493
0.416253, 0.051336, 0.487915, 0.055663
0.418001, 0.206822, 0.473816, 0.219451
0.420270, 0.292299, 0.459742, 0.304523
0.420845, 0.484002, 0.389973, 0.466494
0.421031, 0.383816, 0.432001, 0.387015
0.421035, 0.162845, 0.483385, 0.173313
0.425023, 0.109181, 0.493516, 0.117111
0.427672, 0.955525, -0.635035, -0.042339
0.430526, 0.867117, -0.624541, -0.125675
0.431376, 0.695847, -0.581378, -0.272640
0.432688, 0.540050, 0.263207, 0.384143
0.433907, 0.782430, -0.606158, -0.202367
0.435345, 0.000000, 0.507627, 0.000000
0.441484, 0.595230, -0.658653, -0.484092
0.443820, 0.428313, 0.430271, 0.411763
0.446656, 0.338885, 0.470396, 0.340240
0.446829, 0.247022, 0.494361, 0.254707
0.454404, 1.000000, -0.611963, 0.000000
0.455513, 0.911263, -0.607336, -0.086653
0.460227, 0.822165, -0.591791, -0.171686
0.461016, 0.644571, -0.532114, -0.315072
0.461369, 0.738548, -0.571990, -0.247075
0.463491, 0.041264, 0.533533, 0.043177
0.465396, 0.086594, 0.533924, 0.090091
0.466357, 0.140829, 0.529805, 0.145659
0.467018, 0.466744, 0.422632, 0.422518
0.469419, 0.195707, 0.524934, 0.199821
0.472206, 0.294474, 0.506324, 0.293579
0.472369, 0.511832, 0.236657, 0.282577
0.474400, 0.384166, 0.477635, 0.368886
0.479017, 0.692944, -0.543079, -0.290210
0.481321, 0.955676, -0.586515, -0.044366
0.481949, 0.561531, -0.468283, -0.376041
0.483918, 0.866429, -0.576867, -0.132735
0.488126, 0.000000, 0.559142, 0.000000
0.489838, 0.774790, -0.556476, -0.220895
0.494745, 0.247350, 0.537537, 0.244629
0.495304, 0.610083, -0.504792, -0.368369
0.499196, 0.341149, 0.512878, 0.324182
0.499242, 0.426004, 0.478368, 0.390319
0.508038, 1.000000, -0.562287, 0.000000
0.508825, 0.911162, -0.558156, -0.090634
0.510352, 0.157346, 0.568247, 0.156701
0.510803, 0.104966, 0.575018, 0.105163
0.511745, 0.051948, 0.579197, 0.052282
0.512147, 0.662376, -0.503675, -0.324332
0.512270, 0.820099, -0.544632, -0.181768
0.515988, 0.474080, 0.270477, 0.222745
0.517408, 0.723402, -0.519989, -0.274890
0.521733, 0.205989, 0.570142, 0.200788
0.522317, 0.523518, -0.516195, -0.513985
0.523176, 0.295591, 0.549663, 0.280639
0.531223, 0.385774, 0.503797, 0.331194
0.533372, 0.573074, -0.450015, -0.402218
0.534832, 0.955775, -0.536423, -0.046216
0.535785, 0.000000, 0.601624, 0.000000
0.536223, 0.865865, -0.528258, -0.139058
0.539803, 0.772211, -0.510945, -0.233313
0.544906, 0.624499, -0.464707, -0.368878
0.546528, 0.250793, 0.580017, 0.234556
0.550594, 0.343052, 0.546263, 0.301868
0.551352, 0.431456, 0.231484, 0.097878
0.554796, 0.680434, -0.474289, -0.322837
0.557415, 0.128870, 0.614452, 0.123472
0.559449, 0.081056, 0.621433, 0.077866
0.560710, 0.172505, 0.610405, 0.163621
0.561046, 0.038254, 0.623995, 0.037003
0.561746, 0.911274, -0.507907, -0.094242
0.561807, 1.000000, -0.511226, 0.000000
0.563024, 0.482966, -0.465668, -0.562005
0.563432, 0.820000, -0.496781, -0.189421
0.569877, 0.729064, -0.473723, -0.281594
0.571820, 0.534047, -0.414823, -0.460222
0.575113, 0.296123, 0.598888, 0.273602
0.579248, 0.210919, 0.617986, 0.193598
0.582381, 0.585959, -0.418092, -0.413717
0.587933, 0.389173, 0.794332, 0.572015
0.588343, 0.866546, -0.478373, -0.143860
0.588359, 0.955953, -0.485007, -0.047917
0.590560, 0.000000, 0.652647, 0.000000
0.591384, 0.637710, -0.428865, -0.372709
0.592146, 0.776743, -0.462041, -0.238315
0.598095, 0.339734, 0.448782, 0.149712
0.599065, 0.255249, 0.618780, 0.222107
0.599375, 0.440756, -0.275419, -0.454200
0.603093, 0.105334, 0.656492, 0.096428
0.604831, 0.687034, -0.430259, -0.330287
0.609322, 0.156451, 0.656364, 0.142215
0.609880, 0.493965, -0.351045, -0.488744
0.610174, 0.048549, 0.667762, 0.044629
0.614892, 0.911916, -0.456175, -0.097248
0.615795, 1.000000, -0.458926, 0.000000
0.616203, 0.823086, -0.445834, -0.193589
0.619826, 0.547634, -0.372935, -0.459782
0.622561, 0.735045, -0.424277, -0.286770
0.626393, 0.202747, 0.656397, 0.175014
0.631489, 0.300498, 0.715711, 0.334966
0.631658, 0.597339, -0.379934, -0.421517
0.638840, 0.357889, 0.056121, -0.245878
0.640438, 0.000000, 0.695690, 0.000000
0.640663, 0.645233, -0.385313, -0.379809
0.641429, 0.868289, -0.426142, -0.147524
0.642057, 0.407256, -0.530039, -0.800325
0.642194, 0.956432, -0.432258, -0.049333
0.643690, 0.250112, 0.664773, 0.216858
0.644612, 0.080684, 0.696137, 0.072603
0.645716, 0.780987, -0.409752, -0.243130
0.647189, 0.455930, -0.350690, -0.575610
0.654498, 0.126472, 0.692784, 0.104544
0.655448, 0.511477, -0.332159, -0.503827
0.655629, 0.694297, -0.382583, -0.335187
0.666216, 0.169478, 0.704939, 0.148616
0.667798, 0.040395, 0.714743, 0.033432
0.668633, 0.913327, -0.402741, -0.099535
0.670064, 0.824905, -0.391935, -0.199173
0.670219, 1.000000, -0.405399, 0.000000
0.671545, 0.559997, -0.332909, -0.467202
0.676407, 0.740588, -0.371080, -0.291634
0.677137, 0.322369, 0.060294, -0.318856
0.679019, 0.216043, 0.687150, 0.168093
0.683251, 0.606348, -0.334404, -0.427807
0.683470, 0.272941, 0.795117, 0.335662
0.685826, 0.376863, -0.244930, -0.604217
0.689288, 0.653764, -0.339623, -0.383241
0.689426, 0.476693, -0.293079, -0.544128
0.694278, 0.869823, -0.372791, -0.151621
0.694464, 0.087774, 0.740302, 0.078430
0.695279, 0.000000, 0.742749, 0.000000
0.696725, 0.957465, -0.378019, -0.050278
0.697028, 0.428193, -0.250699, -0.566594
0.701260, 0.782421, -0.352813, -0.251079
0.707650, 0.523659, -0.290427, -0.509515
0.708053, 0.701977, -0.330674, -0.338391
0.709595, 0.133884, 0.720708, 0.087177
0.719420, 0.180364, 0.768356, 0.172741
0.721683, 0.234940, 0.808997, 0.277256
0.721735, 0.046015, 0.754576, 0.032369
0.722567, 0.915320, -0.348114, -0.101501
0.722783, 0.339534, -0.254014, -0.688664
0.723464, 0.825448, -0.336475, -0.206525
0.725430, 1.000000, -0.350538, 0.000000
0.725836, 0.570247, -0.284640, -0.472137
0.727715, 0.290720, -0.178397, -0.648555
0.733807, 0.742022, -0.310878, -0.300875
0.733876, 0.617880, -0.286841, -0.428168
0.734211, 0.394017, -0.237763, -0.629617
0.734632, 0.473341, -0.251569, -0.559252
0.737861, 0.663387, -0.291497, -0.383215
0.745494, 0.871414, -0.319640, -0.156083
0.746692, 0.094352, 0.787452, 0.087498
0.747108, 0.000000, 0.783706, 0.000000
0.752339, 0.958472, -0.322103, -0.051599
0.755756, 0.519116, -0.244653, -0.525880
0.757103, 0.781984, -0.292772, -0.261449
0.758016, 0.435817, -0.228469, -0.602539
0.763599, 0.199378, 0.969994, 0.364982
0.763681, 0.143878, 0.715735, 0.040320
0.764320, 0.254289, -0.102032, -0.643622
0.765874, 0.703855, -0.269095, -0.346798
0.766465, 0.358127, -0.192846, -0.657332
0.772852, 0.045856, 0.787472, 0.023248
0.774183, 0.562136, -0.235436, -0.489702
0.774432, 0.310928, -0.162851, -0.683489
0.774849, 0.826913, -0.280972, -0.213297
0.776696, 0.915544, -0.291953, -0.106376
0.779137, 0.607374, -0.238489, -0.446985
0.781457, 1.000000, -0.294745, 0.000000
0.784511, 0.655464, -0.240751, -0.399637
0.789128, 0.481096, -0.206977, -0.568060
0.792326, 0.401291, -0.185747, -0.633835
0.792885, 0.741893, -0.245898, -0.311283
0.795789, 0.871661, -0.265282, -0.163214
0.796584, 0.091575, 0.834598, 0.093185
0.798910, 0.000000, 0.819450, 0.000000
0.808046, 0.272992, -0.156166, -0.745035
0.808060, 0.952934, -0.265251, -0.061963
0.809629, 0.224826, -0.191441, -0.809454
0.809668, 0.176657, 0.714555, 0.062690
0.810564, 0.789710, -0.233924, -0.262189
0.810852, 0.527151, -0.193474, -0.530049
0.814325, 0.355465, -0.159412, -0.676905
0.814990, 0.130581, 0.803856, 0.076725
0.816293, 0.443707, -0.173393, -0.604043
0.819761, 0.693172, -0.208823, -0.367954
0.824123, 0.579305, -0.187639, -0.482645
0.825187, 0.049582, 0.813646, 0.010124
0.827006, 0.632933, -0.192233, -0.430788
0.827846, 0.838126, -0.222248, -0.209743
0.829753, 0.312094, -0.140907, -0.715184
0.831874, 0.900642, -0.229830, -0.133280
0.834815, 1.000000, -0.242547, 0.000000
0.843607, 0.748539, -0.190183, -0.313249
0.845713, 0.490322, -0.153433, -0.568206
0.846580, 0.399399, -0.140080, -0.648306
0.848720, 0.000000, 0.837389, 0.000000
0.855036, 0.256796, -0.129976, -0.783208
0.855481, 0.098697, 1.000584, 0.230612
0.857204, 0.952014, -0.213229, -0.068401
0.857452, 0.205773, -0.275940, -0.973984
0.859431, 0.154455, 0.124935, -0.594122
0.860393, 0.542294, -0.145026, -0.522280
0.862440, 0.796129, -0.175060, -0.264929
0.864398, 0.659674, -0.154089, -0.408696
0.865603, 0.353636, -0.116830, -0.688856
0.866967, 0.710247, -0.157103, -0.356718
0.867682, 0.445067, -0.126887, -0.612077
0.868283, 0.853361, -0.177458, -0.200110
0.869210, 0.600260, -0.141987, -0.467409
0.873564, 0.048065, 0.888295, 0.057475
0.874674, 0.300472, -0.103701, -0.734746
0.878070, 0.905435, -0.176743, -0.137368
0.888019, 1.000000, -0.189519, 0.000000
0.897969, 0.496749, -0.102812, -0.567926
0.898941, 0.000000, 0.890760, 0.000000
0.900982, 0.396460, -0.091069, -0.658181
0.900983, 0.754016, -0.122036, -0.315141
0.902536, 0.240928, -0.054546, -0.764289
0.903083, 0.136147, -0.165123, -0.945765
0.904427, 0.188433, -0.096659, -0.852061
0.904943, 0.548876, -0.099793, -0.519514
0.907131, 0.808885, -0.121253, -0.258010
0.907139, 0.958497, -0.157170, -0.066920
0.907194, 0.087966, 0.507877, -0.295533
0.907903, 0.645182, -0.103636, -0.424580
0.910287, 0.698234, -0.105348, -0.372084
0.911033, 0.342817, -0.076446, -0.702704
0.912022, 0.447424, -0.085154, -0.614001
0.913711, 0.861046, -0.120412, -0.200635
0.913973, 0.595622, -0.093373, -0.473684
0.916162, 0.289146, -0.063881, -0.742561
0.921923, 0.912913, -0.119608, -0.140221
0.924424, 0.039247, 0.903419, 0.047961
0.945217, 1.000000, -0.127971, 0.000000
0.948743, 0.518970, -0.052809, -0.550611
0.950518, 0.216014, -0.029786, -0.799376
0.950557, 0.779043, -0.063572, -0.293926
0.951310, 0.166049, -0.033765, -0.839905
0.951506, 0.371530, -0.043816, -0.683935
0.951729, 0.728056, -0.058410, -0.345669
0.952171, 0.116652, -0.134680, -0.951022
0.952757, 0.472435, -0.046798, -0.594120
0.952910, 0.419448, -0.044695, -0.642207
0.953726, 0.000000, 1.148081, 0.000000
0.953728, 0.673761, -0.053623, -0.400137
0.954199, 0.831777, -0.063127, -0.238078
0.955351, 0.264421, -0.037016, -0.771376
0.955553, 0.622013, -0.049434, -0.451204
0.955691, 0.567989, -0.047407, -0.503838
0.956856, 0.319286, -0.037355, -0.728001
0.956918, 0.947867, -0.078268, -0.103993
0.958441, 0.065156, 0.064568, -0.748649
0.958499, 0.887224, -0.063614, -0.177666
1.000000, 0.000000, 0.000000, 0.000000
1.000000, 0.044301, 0.000000, -1.159444
1.000000, 0.095898, 0.000000, -0.950021
1.000000, 0.144812, 0.000000, -0.835973
1.000000, 0.193588, 0.000000, -0.816746
1.000000, 0.242216, 0.000000, -0.789760
1.000000, 0.293265, 0.000000, -0.749837
1.000000, 0.345392, 0.000000, -0.707615
1.000000, 0.394655, 0.000000, -0.666402
1.000000, 0.444432, 0.000000, -0.622114
1.000000, 0.493782, 0.000000, -0.576600
1.000000, 0.541141, 0.000000, -0.532369
1.000000, 0.591480, 0.000000, -0.482697
1.000000, 0.640931, 0.000000, -0.433623
1.000000, 0.688160, 0.000000, -0.386396
1.000000, 0.731090, 0.000000, -0.342431
1.000000, 0.772715, 0.000000, -0.300153
1.000000, 0.815618, 0.000000, -0.257627
1.000000, 0.862206, 0.000000, -0.211679
1.000000, 0.911746, 0.000000, -0.161309
1.000000, 0.958048, 0.000000, -0.106186
1.000000, 1.000000, 0.000000, 0.000000
