0.000000, 0.000000, 0.000000, 0.000000
0.000000, 0.057069, 0.000000, 0.172710
0.000000, 0.110572, 0.000000, 0.291109
0.000000, 0.166284, 0.000000, 0.412708
0.000000, 0.222888, 0.000000, 0.530723
0.000000, 0.280085, 0.000000, 0.644919
0.000000, 0.331497, 0.000000, 0.731496
0.000000, 0.388351, 0.000000, 0.820202
0.000000, 0.440263, 0.000000, 0.885250
0.000000, 0.493557, 0.000000, 0.933210
0.000000, 0.555051, 0.000000, 0.970997
0.000000, 0.610920, 0.000000, 0.975543
0.000000, 0.665555, 0.000000, 0.954087
0.000000, 0.720894, 0.000000, 0.902318
0.000000, 0.775943, 0.000000, 0.817182
0.000000, 0.832722, 0.000000, 0.687593
0.000000, 0.886182, 0.000000, 0.534333
0.000000, 0.946730, 0.000000, 0.344967
0.000000, 1.000000, 0.000000, 0.000000
0.034968, 0.514175, 0.024040, 0.944708
0.036768, 0.911163, -0.150383, 0.431867
0.037990, 0.251972, 0.075930, 0.587089
0.038312, 0.359201, 0.059276, 0.772089
0.039465, 0.195351, 0.087350, 0.473212
0.039738, 0.035425, 0.119935, 0.106759
0.041316, 0.139037, 0.099468, 0.351180
0.041733, 0.802937, -0.097302, 0.748201
0.043699, 1.000000, -0.301866, 0.000000
0.044453, 0.695052, -0.043894, 0.919868
0.044695, 0.749174, -0.071724, 0.849593
0.045563, 0.596238, 0.000813, 0.968022
0.045802, 0.084671, 0.120224, 0.227312
0.046893, 0.643810, -0.021102, 0.955936
0.048427, 0.308013, 0.086007, 0.688561
0.048838, 0.465378, 0.048213, 0.903600
0.048898, 0.408144, 0.062845, 0.840890
0.049088, 0.859390, -0.154047, 0.599048
0.052558, 0.556003, 0.019676, 0.958248
0.056176, 0.955103, -0.293319, 0.219891
0.061188, 0.000000, 0.184086, 0.000000
0.080614, 0.271518, 0.154607, 0.612921
0.080658, 0.222066, 0.169682, 0.517956
0.080812, 0.168520, 0.184263, 0.406852
0.081260, 0.354320, 0.126061, 0.753205
0.082837, 0.513595, 0.051301, 0.923955
0.083710, 0.905050, -0.336317, 0.401384
0.083967, 0.111613, 0.206139, 0.280022
0.084828, 0.822165, -0.220953, 0.662388
0.086854, 0.437253, 0.097091, 0.857145
0.088517, 0.720014, -0.112310, 0.856999
0.089736, 0.051316, 0.239578, 0.133972
0.090653, 0.773331, -0.174565, 0.768218
0.091782, 1.000000, -0.462917, 0.000000
0.092244, 0.667361, -0.065218, 0.907992
0.094971, 0.613854, -0.019837, 0.932253
0.099279, 0.566625, 0.018917, 0.931223
0.106001, 0.393127, 0.143704, 0.794543
0.106555, 0.310067, 0.186882, 0.672963
0.107878, 0.861296, -0.349194, 0.513274
0.108784, 0.479644, 0.092190, 0.883753
0.108892, 0.952318, -0.496986, 0.175832
0.113285, 0.000000, 0.296027, 0.000000
0.121357, 0.148375, 0.281469, 0.351623
0.122847, 0.203968, 0.263406, 0.467781
0.123944, 0.091393, 0.306384, 0.220968
0.125160, 0.257683, 0.243990, 0.571011
0.133304, 0.530569, 0.061687, 0.890802
0.133370, 0.747192, -0.219458, 0.752130
0.133749, 0.808416, -0.325756, 0.621451
0.135470, 0.696253, -0.141781, 0.824601
0.135475, 0.347230, 0.212616, 0.715187
0.135634, 0.906935, -0.530239, 0.304582
0.136779, 0.638627, -0.061696, 0.874937
0.138155, 0.437000, 0.149959, 0.822093
0.140514, 1.000000, -0.616548, 0.000000
0.141940, 0.039135, 0.356612, 0.093277
0.147916, 0.584277, 0.002202, 0.880012
0.158248, 0.858691, -0.509767, 0.417762
0.159586, 0.295539, 0.283561, 0.617487
0.159676, 0.392446, 0.211182, 0.756514
0.159946, 0.484642, 0.122347, 0.839296
0.161534, 0.953543, -0.657417, 0.130997
0.162891, 0.130099, 0.379350, 0.295115
0.163498, 0.182844, 0.357377, 0.406837
0.166242, 0.237995, 0.332698, 0.513037
0.169118, 0.077038, 0.408256, 0.175391
0.169775, 0.772031, -0.336646, 0.631237
0.171234, 0.000000, 0.425889, 0.000000
0.176346, 0.672900, -0.149321, 0.780430
0.181838, 0.532570, 0.071640, 0.830600
0.183903, 0.345377, 0.282048, 0.673022
0.186108, 0.625145, -0.069124, 0.806031
0.186262, 0.906906, -0.674549, 0.230789
0.186567, 0.722366, -0.259033, 0.693594
0.187921, 0.818009, -0.498454, 0.466027
0.188232, 0.437802, 0.193988, 0.772669
0.191028, 1.000000, -0.748430, 0.000000
0.199296, 0.575289, 0.009215, 0.803523
0.202407, 0.045474, 0.487357, 0.099439
0.204832, 0.106292, 0.476122, 0.229204
0.207479, 0.209928, 0.427354, 0.433744
0.207902, 0.160013, 0.458283, 0.336931
0.208028, 0.262972, 0.389678, 0.526833
0.210475, 0.484251, 0.148100, 0.773330
0.210702, 0.305918, 0.357351, 0.592524
0.211276, 0.388114, 0.272570, 0.697008
0.212349, 0.863862, -0.666395, 0.293507
0.213641, 0.953731, -0.781181, 0.096116
0.217231, 0.770770, -0.445032, 0.509963
0.222709, 0.674900, -0.206770, 0.679471
0.225181, 0.000000, 0.534968, 0.000000
0.233045, 0.619258, -0.094685, 0.711839
0.235092, 0.528325, 0.086014, 0.744605
0.236794, 0.431359, 0.239969, 0.702551
0.239450, 0.909533, -0.791004, 0.159923
0.239577, 0.343519, 0.356990, 0.613775
0.239659, 0.726258, -0.365718, 0.544666
0.239785, 0.819287, -0.632559, 0.334042
0.242362, 1.000000, -0.849743, 0.000000
0.242504, 0.084784, 0.556791, 0.171761
0.247842, 0.137042, 0.547176, 0.272638
0.249196, 0.574482, -0.007944, 0.704271
0.250876, 0.240301, 0.478796, 0.452821
0.254857, 0.193137, 0.525393, 0.370303
0.256138, 0.037997, 0.593887, 0.075734
0.258643, 0.473060, 0.185486, 0.689572
0.260606, 0.292257, 0.441571, 0.521223
0.264782, 0.385491, 0.327769, 0.624753
0.265682, 0.865390, -0.773007, 0.199294
0.266785, 0.954858, -0.873660, 0.063544
0.266925, 0.645545, -0.188095, 0.601487
0.267445, 0.775615, -0.577152, 0.352247
0.275497, 0.691871, -0.327542, 0.504336
0.281860, 0.510985, 0.114791, 0.648473
0.282494, 0.000000, 0.647162, 0.000000
0.289141, 0.076432, 0.646155, 0.141336
0.289613, 0.428390, 0.274563, 0.614006
0.289919, 0.166999, 0.602322, 0.300661
0.289954, 0.337086, 0.420353, 0.538477
0.292490, 0.553295, 0.019899, 0.614913
0.292792, 0.119626, 0.635932, 0.216718
0.292933, 0.910451, -0.872058, 0.101003
0.293083, 0.822199, -0.735007, 0.215072
0.293204, 0.601945, -0.099423, 0.580228
0.294140, 0.249443, 0.536310, 0.425131
0.294799, 1.000000, -0.921132, 0.000000
0.295790, 0.737094, -0.520007, 0.343571
0.313873, 0.205426, 0.610157, 0.340632
0.314288, 0.469957, 0.200367, 0.577980
0.314382, 0.650529, -0.259450, 0.453142
0.314910, 0.043295, 0.701472, 0.076306
0.316163, 0.293349, 0.511306, 0.454489
0.316745, 0.382817, 0.370162, 0.535418
0.319899, 0.866929, -0.846737, 0.115767
0.320276, 0.955118, -0.933301, 0.036313
0.322221, 0.781484, -0.685304, 0.206811
0.328194, 0.697218, -0.452452, 0.311728
0.334004, 0.515055, 0.093983, 0.525929
0.335581, 0.000000, 0.740154, 0.000000
0.335742, 0.152950, 0.685220, 0.245532
0.338308, 0.097252, 0.722231, 0.158607
0.340986, 0.562462, -0.034724, 0.479163
0.342990, 0.339401, 0.465557, 0.456748
0.343318, 0.427387, 0.294171, 0.504115
0.344206, 0.607520, -0.161810, 0.423086
0.345292, 0.245314, 0.608401, 0.359907
0.347092, 0.910967, -0.921199, 0.049561
0.347721, 1.000000, -0.962742, 0.000000
0.348491, 0.825068, -0.804852, 0.108999
0.351574, 0.740934, -0.621035, 0.184037
0.363600, 0.655340, -0.370398, 0.260379
0.363774, 0.045702, 0.778661, 0.069031
0.367577, 0.293398, 0.563890, 0.378604
0.367681, 0.473647, 0.185023, 0.448019
0.368355, 0.195025, 0.693053, 0.276315
0.370547, 0.385081, 0.391748, 0.429069
0.373976, 0.955242, -0.963048, 0.012442
0.375249, 0.867888, -0.888399, 0.042392
0.377884, 0.783664, -0.747415, 0.085830
0.379093, 0.140380, 0.754741, 0.195512
0.381396, 0.698344, -0.538245, 0.152639
0.383674, 0.090172, 0.791128, 0.127460
0.383760, 0.521281, 0.049368, 0.385468
0.387110, 0.000000, 0.818757, 0.000000
0.390910, 0.568800, -0.086800, 0.320250
0.392913, 0.247573, 0.655777, 0.301871
0.393831, 0.612521, -0.264017, 0.220748
0.394810, 0.338122, 0.502403, 0.359457
0.396286, 0.433270, 0.278676, 0.375303
0.400928, 1.000000, -0.976876, 0.000000
0.401641, 0.911124, -0.940772, 0.004432
0.404529, 0.825302, -0.838229, 0.017817
0.406671, 0.741592, -0.674438, 0.051631
0.415651, 0.651412, -0.437732, 0.100271
0.416253, 0.051336, 0.848835, 0.064224
0.418001, 0.206822, 0.732150, 0.234276
0.420270, 0.292299, 0.604256, 0.290213
0.420845, 0.484002, 0.129231, 0.296995
0.421031, 0.383816, 0.407769, 0.311741
0.421035, 0.162845, 0.784099, 0.187680
0.425023, 0.109181, 0.832830, 0.129108
0.427672, 0.955525, -0.965979, -0.008503
0.430526, 0.867117, -0.898550, -0.021184
0.431376, 0.695847, -0.575612, 0.024763
0.432688, 0.540050, -0.039789, 0.211237
0.433907, 0.782430, -0.771741, -0.018990
0.435345, 0.000000, 0.877780, 0.000000
0.441484, 0.595230, -0.285471, 0.068205
0.443820, 0.428313, 0.283036, 0.240880
0.446656, 0.338885, 0.518979, 0.251704
0.446829, 0.247022, 0.697111, 0.222518
0.454404, 1.000000, -0.966292, 0.000000
0.455513, 0.911263, -0.934282, -0.034775
0.460227, 0.822165, -0.837944, -0.061924
0.461016, 0.644571, -0.456449, -0.020063
0.461369, 0.738548, -0.691127, -0.063989
0.463491, 0.041264, 0.902326, 0.040080
0.465396, 0.086594, 0.886057, 0.080806
0.466357, 0.140829, 0.846783, 0.127542
0.467018, 0.466744, 0.149343, 0.146719
0.469419, 0.195707, 0.786283, 0.160580
0.472206, 0.294474, 0.620094, 0.193118
0.472369, 0.511832, -0.001248, 0.098875
0.474400, 0.384166, 0.403790, 0.175707
0.479017, 0.692944, -0.590120, -0.088053
0.481321, 0.955676, -0.945201, -0.026721
0.481949, 0.561531, -0.225165, -0.026520
0.483918, 0.866429, -0.884236, -0.076029
0.488126, 0.000000, 0.930851, 0.000000
0.489838, 0.774790, -0.758164, -0.113217
0.494745, 0.247350, 0.716866, 0.145089
0.495304, 0.610083, -0.375690, -0.089912
0.499196, 0.341149, 0.512206, 0.130315
0.499242, 0.426004, 0.273576, 0.083668
0.508038, 1.000000, -0.933784, 0.000000
0.508825, 0.911162, -0.905518, -0.068913
0.510352, 0.157346, 0.856476, 0.093976
0.510803, 0.104966, 0.906866, 0.065878
0.511745, 0.051948, 0.939430, 0.033749
0.512147, 0.662376, -0.524126, -0.160213
0.512270, 0.820099, -0.817215, -0.129867
0.515988, 0.474080, 0.085160, -0.019057
0.517408, 0.723402, -0.659177, -0.172200
0.521733, 0.205989, 0.792196, 0.092559
0.522317, 0.523518, -0.116786, -0.112965
0.523176, 0.295591, 0.617475, 0.086442
0.531223, 0.385774, 0.374673, 0.019988
0.533372, 0.573074, -0.280146, -0.173676
0.534832, 0.955775, -0.903915, -0.042597
0.535785, 0.000000, 0.961173, 0.000000
0.536223, 0.865865, -0.850117, -0.123790
0.539803, 0.772211, -0.734857, -0.191626
0.544906, 0.624499, -0.430081, -0.228919
0.546528, 0.250793, 0.711661, 0.049943
0.550594, 0.343052, 0.485987, 0.000154
0.551352, 0.431456, 0.193853, -0.080432
0.554796, 0.680434, -0.560751, -0.251385
0.557415, 0.128870, 0.901993, 0.034488
0.559449, 0.081056, 0.943694, 0.021562
0.560710, 0.172505, 0.846664, 0.034549
0.561046, 0.038254, 0.965551, 0.011407
0.561746, 0.911274, -0.858095, -0.098512
0.561807, 1.000000, -0.882092, 0.000000
0.563024, 0.482966, -0.029867, -0.231002
0.563432, 0.820000, -0.780993, -0.188771
0.569877, 0.729064, -0.647406, -0.261557
0.571820, 0.534047, -0.174937, -0.276467
0.575113, 0.296123, 0.593221, -0.034557
0.579248, 0.210919, 0.780180, -0.003192
0.582381, 0.585959, -0.328184, -0.318745
0.587933, 0.389173, 0.293029, -0.152502
0.588343, 0.866546, -0.799667, -0.164700
0.588359, 0.955953, -0.844855, -0.056319
0.590560, 0.000000, 0.976379, 0.000000
0.591384, 0.637710, -0.455464, -0.337640
0.592146, 0.776743, -0.702475, -0.260426
0.598095, 0.339734, 0.448271, -0.131292
0.599065, 0.255249, 0.677805, -0.063258
0.599375, 0.440756, 0.068025, -0.302242
0.603093, 0.105334, 0.925884, -0.010191
0.604831, 0.687034, -0.551040, -0.345830
0.609322, 0.156451, 0.861657, -0.032860
0.609880, 0.493965, -0.086204, -0.374114
0.610174, 0.048549, 0.966001, -0.006519
0.614892, 0.911916, -0.794153, -0.123736
0.615795, 1.000000, -0.813571, 0.000000
0.616203, 0.823086, -0.729522, -0.238718
0.619826, 0.547634, -0.234919, -0.418138
0.622561, 0.735045, -0.616131, -0.338741
0.626393, 0.202747, 0.772154, -0.084079
0.631489, 0.300498, 0.528181, -0.184088
0.631658, 0.597339, -0.352460, -0.439988
0.638840, 0.357889, 0.314587, -0.293362
0.640438, 0.000000, 0.968410, 0.000000
0.640663, 0.645233, -0.448552, -0.437182
0.641429, 0.868289, -0.733051, -0.199212
0.642057, 0.407256, 0.129372, -0.400479
0.642194, 0.956432, -0.770057, -0.067809
0.643690, 0.250112, 0.648184, -0.163438
0.644612, 0.080684, 0.932637, -0.038169
0.645716, 0.780987, -0.649932, -0.319308
0.647189, 0.455930, -0.004973, -0.458573
0.654498, 0.126472, 0.878473, -0.077256
0.655448, 0.511477, -0.155846, -0.506555
0.655629, 0.694297, -0.522981, -0.425779
0.666216, 0.169478, 0.801085, -0.130244
0.667798, 0.040395, 0.945013, -0.025609
0.668633, 0.913327, -0.715161, -0.144398
0.670064, 0.824905, -0.659533, -0.283068
0.670219, 1.000000, -0.729933, 0.000000
0.671545, 0.559997, -0.264577, -0.540566
0.676407, 0.740588, -0.564451, -0.404229
0.677137, 0.322369, 0.369470, -0.367658
0.679019, 0.216043, 0.688297, -0.208265
0.683251, 0.606348, -0.350519, -0.542729
0.683470, 0.272941, 0.528901, -0.297893
0.685826, 0.376863, 0.174545, -0.497785
0.689288, 0.653764, -0.427309, -0.516606
0.689426, 0.476693, -0.083230, -0.581459
0.694278, 0.869823, -0.652750, -0.228502
0.694464, 0.087774, 0.887370, -0.087506
0.695279, 0.000000, 0.930742, 0.000000
0.696725, 0.957465, -0.680836, -0.076722
0.697028, 0.428193, 0.032185, -0.577989
0.701260, 0.782421, -0.575413, -0.373504
0.707650, 0.523659, -0.185694, -0.625227
0.708053, 0.701977, -0.476747, -0.491847
0.709595, 0.133884, 0.810360, -0.160883
0.719420, 0.180364, 0.709229, -0.246049
0.721683, 0.234940, 0.569271, -0.342456
0.721735, 0.046015, 0.888857, -0.057851
0.722567, 0.915320, -0.623394, -0.160625
0.722783, 0.339534, 0.238738, -0.554053
0.723464, 0.825448, -0.575540, -0.322343
0.725430, 1.000000, -0.632166, 0.000000
0.725836, 0.570247, -0.263677, -0.641921
0.727715, 0.290720, 0.377173, -0.478136
0.733807, 0.742022, -0.486839, -0.466057
0.733876, 0.617880, -0.332592, -0.618289
0.734211, 0.394017, 0.087378, -0.647208
0.734632, 0.473341, -0.085817, -0.684555
0.737861, 0.663387, -0.391962, -0.576562
0.745494, 0.871414, -0.563579, -0.252280
0.746692, 0.094352, 0.809264, -0.151585
0.747108, 0.000000, 0.865812, 0.000000
0.752339, 0.958472, -0.578090, -0.084096
0.755756, 0.519116, -0.166013, -0.717720
0.757103, 0.781984, -0.484941, -0.422334
0.758016, 0.435817, -0.016932, -0.725245
0.763599, 0.199378, 0.575953, -0.384054
0.763681, 0.143878, 0.705842, -0.265946
0.764320, 0.254289, 0.413997, -0.515080
0.765874, 0.703855, -0.401158, -0.555458
0.766465, 0.358127, 0.143691, -0.690177
0.772852, 0.045856, 0.808233, -0.087547
0.774183, 0.562136, -0.222603, -0.722775
0.774432, 0.310928, 0.243312, -0.652723
0.774849, 0.826913, -0.484350, -0.353086
0.776696, 0.915544, -0.519951, -0.177163
0.779137, 0.607374, -0.278352, -0.690940
0.781457, 1.000000, -0.522108, 0.000000
0.784511, 0.655464, -0.325897, -0.640810
0.789128, 0.481096, -0.097972, -0.784054
0.792326, 0.401291, 0.035612, -0.779435
0.792885, 0.741893, -0.392002, -0.519612
0.795789, 0.871661, -0.465963, -0.274561
0.796584, 0.091575, 0.714791, -0.206370
0.798910, 0.000000, 0.769079, 0.000000
0.808046, 0.272992, 0.281967, -0.670142
0.808060, 0.952934, -0.465501, -0.103984
0.809629, 0.224826, 0.392794, -0.573271
0.809668, 0.176657, 0.518347, -0.445616
0.810564, 0.789710, -0.393226, -0.446363
0.810852, 0.527151, -0.153415, -0.796642
0.814325, 0.355465, 0.104266, -0.791658
0.814990, 0.130581, 0.608672, -0.330123
0.816293, 0.443707, -0.039504, -0.830072
0.819761, 0.693172, -0.308757, -0.620016
0.824123, 0.579305, -0.202005, -0.770753
0.825187, 0.049582, 0.691743, -0.129673
0.827006, 0.632933, -0.249096, -0.712529
0.827846, 0.838126, -0.385090, -0.359584
0.829753, 0.312094, 0.168872, -0.775816
0.831874, 0.900642, -0.401247, -0.225925
0.834815, 1.000000, -0.412165, 0.000000
0.843607, 0.748539, -0.306723, -0.542944
0.845713, 0.490322, -0.093000, -0.858904
0.846580, 0.399399, 0.018961, -0.868528
0.848720, 0.000000, 0.646087, 0.000000
0.855036, 0.256796, 0.232478, -0.739762
0.855481, 0.098697, 0.548882, -0.308068
0.857204, 0.952014, -0.359679, -0.114534
0.857452, 0.205773, 0.322126, -0.637878
0.859431, 0.154455, 0.423406, -0.499442
0.860393, 0.542294, -0.132696, -0.839935
0.862440, 0.796129, -0.294448, -0.462471
0.864398, 0.659674, -0.215951, -0.704235
0.865603, 0.353636, 0.070643, -0.873526
0.866967, 0.710247, -0.242176, -0.623457
0.867682, 0.445067, -0.035907, -0.897651
0.868283, 0.853361, -0.305829, -0.344231
0.869210, 0.600260, -0.169073, -0.787928
0.873564, 0.048065, 0.555930, -0.162651
0.874674, 0.300472, 0.135124, -0.836996
0.878070, 0.905435, -0.300791, -0.229632
0.888019, 1.000000, -0.297513, 0.000000
0.897969, 0.496749, -0.070207, -0.906126
0.898941, 0.000000, 0.491271, 0.000000
0.900982, 0.396460, 0.009242, -0.932258
0.900983, 0.754016, -0.199174, -0.560616
0.902536, 0.240928, 0.169617, -0.784970
0.903083, 0.136147, 0.317016, -0.525303
0.904427, 0.188433, 0.233935, -0.675666
0.904943, 0.548876, -0.097509, -0.868011
0.907131, 0.808885, -0.204834, -0.453750
0.907139, 0.958497, -0.246023, -0.106922
0.907194, 0.087966, 0.385899, -0.357751
0.907903, 0.645182, -0.143507, -0.747760
0.910287, 0.698234, -0.161522, -0.664072
0.911033, 0.342817, 0.051677, -0.919453
0.912022, 0.447424, -0.029464, -0.936990
0.913711, 0.861046, -0.205292, -0.342115
0.913973, 0.595622, -0.112111, -0.818306
0.916162, 0.289146, 0.098744, -0.872503
0.921923, 0.912913, -0.198761, -0.224008
0.924424, 0.039247, 0.380668, -0.174027
0.945217, 1.000000, -0.173071, 0.000000
0.948743, 0.518970, -0.044232, -0.915427
0.950518, 0.216014, 0.102168, -0.783697
0.950557, 0.779043, -0.104666, -0.525950
0.951310, 0.166049, 0.133516, -0.668594
0.951506, 0.371530, 0.015282, -0.960424
0.951729, 0.728056, -0.091808, -0.623911
0.952171, 0.116652, 0.169676, -0.523135
0.952757, 0.472435, -0.024928, -0.948789
0.952910, 0.419448, -0.006213, -0.965951
0.953726, 0.000000, 0.312793, 0.000000
0.953728, 0.673761, -0.078648, -0.718981
0.954199, 0.831777, -0.105260, -0.415083
0.955351, 0.264421, 0.064161, -0.870726
0.955553, 0.622013, -0.064836, -0.798746
0.955691, 0.567989, -0.052049, -0.868366
0.956856, 0.319286, 0.035181, -0.933602
0.956918, 0.947867, -0.119280, -0.148895
0.958441, 0.065156, 0.192644, -0.336524
0.958499, 0.887224, -0.103747, -0.291494
1.000000, 0.000000, 0.000000, 0.000000
1.000000, 0.044301, 0.000000, -0.307731
1.000000, 0.095898, 0.000000, -0.473760
1.000000, 0.144812, 0.000000, -0.628284
1.000000, 0.193588, 0.000000, -0.753355
1.000000, 0.242216, 0.000000, -0.848841
1.000000, 0.293265, 0.000000, -0.920103
1.000000, 0.345392, 0.000000, -0.962087
1.000000, 0.394655, 0.000000, -0.977048
1.000000, 0.444432, 0.000000, -0.970910
1.000000, 0.493782, 0.000000, -0.945515
1.000000, 0.541141, 0.000000, -0.906345
1.000000, 0.591480, 0.000000, -0.848017
1.000000, 0.640931, 0.000000, -0.777678
1.000000, 0.688160, 0.000000, -0.700006
1.000000, 0.731090, 0.000000, -0.620141
1.000000, 0.772715, 0.000000, -0.539259
1.000000, 0.815618, 0.000000, -0.451537
1.000000, 0.862206, 0.000000, -0.351870
1.000000, 0.911746, 0.000000, -0.242269
1.000000, 0.958048, 0.000000, -0.139037
1.000000, 1.000000, 0.000000, 0.000000
